# relative_time, cycles_done, cur_item, corpus_count, pending_total, pending_favs, map_size, saved_crashes, saved_hangs, max_depth, execs_per_sec, total_execs, edges_found, total_crashes, servers_count
61, 0, 0, 579, 331, 48, 26.96%, 0, 0, 2, 49.51, 6411, 878, 0, 0
66, 0, 0, 582, 334, 48, 26.96%, 0, 0, 2, 49.96, 6663, 878, 0, 0
71, 0, 0, 585, 337, 48, 26.99%, 0, 0, 2, 49.74, 6918, 879, 0, 0
76, 0, 0, 586, 338, 48, 26.99%, 0, 0, 2, 49.77, 7168, 879, 0, 0
81, 0, 0, 589, 341, 48, 26.99%, 0, 0, 2, 49.18, 7412, 879, 0, 0
86, 0, 0, 597, 349, 48, 26.99%, 0, 0, 2, 48.41, 7653, 879, 0, 0
91, 0, 0, 602, 354, 48, 26.99%, 0, 0, 2, 47.98, 7897, 879, 0, 0
96, 0, 0, 604, 356, 48, 26.99%, 0, 0, 2, 50.24, 8162, 879, 0, 0
101, 0, 0, 606, 358, 48, 26.99%, 0, 0, 2, 49.55, 8413, 879, 0, 0
106, 0, 0, 609, 361, 48, 27.05%, 0, 0, 2, 49.55, 8661, 881, 0, 0
111, 0, 0, 613, 365, 48, 27.08%, 0, 0, 2, 49.24, 8908, 882, 0, 0
117, 0, 0, 614, 366, 48, 27.08%, 0, 0, 2, 50.80, 9165, 882, 0, 0
122, 0, 0, 616, 368, 48, 27.11%, 0, 0, 2, 49.15, 9415, 883, 0, 0
127, 0, 0, 618, 370, 48, 27.11%, 0, 0, 2, 48.89, 9669, 883, 0, 0
132, 0, 0, 622, 374, 48, 27.11%, 0, 0, 2, 48.50, 9908, 883, 0, 0
137, 0, 0, 626, 378, 48, 27.17%, 0, 0, 2, 48.83, 10163, 885, 0, 0
142, 0, 0, 626, 378, 48, 27.17%, 0, 0, 2, 49.81, 10423, 885, 0, 0
147, 0, 0, 627, 379, 48, 27.17%, 0, 0, 2, 49.12, 10663, 885, 0, 0
153, 0, 0, 628, 380, 48, 27.17%, 0, 0, 2, 49.42, 10915, 885, 0, 0
158, 0, 0, 629, 381, 48, 27.17%, 0, 0, 2, 49.20, 11162, 885, 0, 0
163, 0, 0, 630, 382, 48, 27.17%, 0, 0, 2, 49.84, 11421, 885, 0, 0
168, 0, 0, 631, 383, 48, 27.20%, 0, 0, 2, 49.51, 11675, 886, 0, 0
173, 0, 0, 634, 386, 48, 27.20%, 0, 0, 2, 48.77, 11934, 886, 0, 0
178, 0, 0, 642, 394, 48, 27.30%, 0, 0, 2, 49.31, 12187, 889, 0, 0
183, 0, 0, 644, 396, 48, 27.33%, 0, 0, 2, 50.85, 12449, 890, 0, 0
189, 0, 0, 648, 400, 48, 27.33%, 0, 0, 2, 47.76, 12690, 890, 0, 0
194, 0, 0, 650, 402, 48, 27.33%, 0, 0, 2, 46.24, 12934, 890, 0, 0
199, 0, 0, 652, 404, 48, 27.33%, 0, 0, 2, 47.68, 13177, 890, 0, 0
204, 0, 0, 653, 405, 48, 27.33%, 0, 0, 2, 50.01, 13435, 890, 0, 0
209, 0, 0, 654, 406, 48, 27.33%, 0, 0, 2, 48.91, 13686, 890, 0, 0
215, 0, 0, 655, 407, 48, 27.36%, 0, 0, 2, 49.47, 13930, 891, 0, 0
220, 0, 0, 658, 410, 48, 27.36%, 0, 0, 2, 48.48, 14178, 891, 0, 0
225, 0, 0, 660, 412, 48, 27.36%, 0, 0, 2, 51.38, 14440, 891, 0, 0
230, 0, 0, 662, 414, 48, 27.36%, 0, 0, 2, 50.68, 14702, 891, 0, 0
235, 0, 0, 666, 418, 48, 27.36%, 0, 0, 2, 47.22, 14938, 891, 0, 0
240, 0, 0, 666, 418, 48, 27.36%, 0, 0, 2, 49.64, 15195, 891, 0, 0
245, 0, 0, 667, 419, 48, 27.36%, 0, 0, 2, 49.51, 15453, 891, 0, 0
250, 0, 0, 667, 419, 48, 27.36%, 0, 0, 2, 49.14, 15702, 891, 0, 0
255, 0, 20, 670, 421, 86, 27.36%, 0, 0, 2, 46.18, 15927, 891, 0, 0
260, 0, 20, 677, 428, 86, 27.36%, 0, 0, 2, 38.51, 16098, 891, 0, 0
266, 0, 20, 683, 434, 86, 27.36%, 0, 0, 2, 37.12, 16284, 891, 0, 0
271, 0, 20, 690, 441, 86, 27.36%, 0, 0, 2, 35.95, 16459, 891, 0, 0
276, 0, 20, 696, 447, 86, 27.36%, 0, 0, 2, 33.16, 16616, 891, 0, 0
281, 0, 20, 703, 454, 86, 27.39%, 0, 0, 2, 33.41, 16774, 892, 0, 0
286, 0, 20, 707, 458, 86, 27.39%, 0, 0, 2, 33.89, 16922, 892, 0, 0
291, 0, 20, 712, 463, 86, 27.42%, 0, 0, 2, 30.77, 17076, 893, 0, 0
296, 0, 20, 716, 467, 86, 27.42%, 0, 0, 2, 33.12, 17242, 893, 0, 0
301, 0, 20, 718, 469, 86, 27.42%, 0, 0, 2, 35.28, 17424, 893, 0, 0
306, 0, 20, 724, 475, 86, 27.48%, 0, 0, 2, 32.29, 17586, 895, 0, 0
311, 0, 20, 726, 477, 86, 27.48%, 0, 0, 2, 32.87, 17751, 895, 0, 0
316, 0, 20, 729, 480, 86, 27.51%, 0, 0, 2, 33.80, 17929, 896, 0, 0
322, 0, 20, 734, 485, 86, 27.57%, 0, 0, 2, 34.19, 18095, 898, 0, 0
327, 0, 20, 735, 486, 86, 27.57%, 0, 0, 2, 32.90, 18260, 898, 0, 0
332, 0, 20, 739, 490, 86, 27.60%, 0, 0, 2, 31.18, 18410, 899, 0, 0
337, 0, 20, 743, 494, 86, 27.63%, 0, 0, 2, 32.25, 18571, 900, 0, 0
343, 0, 20, 746, 497, 86, 27.63%, 0, 0, 2, 33.34, 18744, 900, 0, 0
348, 0, 20, 751, 502, 86, 27.63%, 0, 0, 2, 33.80, 18903, 900, 0, 0
353, 0, 20, 753, 504, 86, 27.69%, 0, 0, 2, 34.08, 19083, 902, 0, 0
358, 0, 22, 755, 505, 92, 27.69%, 0, 0, 2, 35.82, 19262, 902, 0, 0
363, 0, 742, 757, 505, 90, 27.69%, 0, 0, 3, 34.38, 19430, 902, 0, 0
368, 0, 742, 759, 507, 90, 27.85%, 0, 0, 3, 21.79, 19533, 907, 0, 0
373, 0, 742, 760, 508, 90, 27.88%, 0, 0, 3, 23.11, 19656, 908, 0, 0
378, 0, 742, 760, 508, 90, 27.88%, 0, 0, 3, 23.31, 19776, 908, 0, 0
384, 0, 742, 760, 508, 90, 27.88%, 0, 0, 3, 22.95, 19895, 908, 0, 0
389, 0, 742, 760, 508, 90, 27.88%, 0, 0, 3, 15.11, 19958, 908, 0, 0
394, 0, 742, 761, 509, 90, 27.88%, 0, 0, 3, 19.02, 20053, 908, 0, 0
399, 0, 584, 761, 507, 91, 27.88%, 0, 0, 3, 26.44, 20195, 908, 0, 0
404, 0, 634, 763, 506, 89, 27.88%, 0, 0, 3, 36.15, 20394, 908, 0, 0
409, 0, 119, 763, 504, 87, 27.88%, 0, 0, 3, 37.75, 20584, 908, 0, 0
414, 0, 314, 766, 506, 86, 28.00%, 0, 0, 3, 31.64, 20724, 912, 0, 0
419, 0, 314, 767, 507, 86, 28.00%, 0, 0, 3, 26.41, 20843, 912, 0, 0
424, 0, 314, 769, 509, 86, 28.03%, 0, 0, 3, 26.06, 20969, 913, 0, 0
430, 0, 314, 770, 510, 86, 28.03%, 0, 0, 3, 26.02, 21110, 913, 0, 0
435, 0, 314, 771, 511, 86, 28.03%, 0, 0, 3, 25.11, 21232, 913, 0, 0
440, 0, 314, 772, 512, 86, 28.03%, 0, 0, 3, 27.22, 21372, 913, 0, 0
445, 0, 314, 774, 514, 86, 28.03%, 0, 0, 3, 27.00, 21509, 913, 0, 0
450, 0, 314, 774, 514, 86, 28.03%, 0, 0, 3, 26.99, 21646, 913, 0, 0
455, 0, 314, 774, 514, 86, 28.03%, 0, 0, 3, 28.10, 21786, 913, 0, 0
460, 0, 314, 777, 517, 86, 28.03%, 0, 0, 3, 28.03, 21931, 913, 0, 0
465, 0, 314, 781, 521, 86, 28.03%, 0, 0, 3, 26.84, 22065, 913, 0, 0
470, 0, 314, 783, 523, 86, 28.03%, 0, 0, 3, 26.85, 22195, 913, 0, 0
475, 0, 314, 784, 524, 86, 28.06%, 0, 0, 3, 26.63, 22325, 914, 0, 0
480, 0, 314, 785, 525, 86, 28.06%, 0, 0, 3, 28.14, 22468, 914, 0, 0
486, 0, 314, 785, 525, 86, 28.06%, 0, 0, 3, 29.17, 22618, 914, 0, 0
491, 0, 314, 785, 525, 86, 28.06%, 0, 0, 3, 25.96, 22744, 914, 0, 0
496, 0, 314, 785, 525, 86, 28.06%, 0, 0, 3, 27.51, 22885, 914, 0, 0
501, 0, 314, 786, 526, 86, 28.06%, 0, 0, 3, 28.10, 23025, 914, 0, 0
506, 0, 314, 787, 527, 86, 28.06%, 0, 0, 3, 25.50, 23147, 914, 0, 0
511, 0, 314, 788, 528, 86, 28.06%, 0, 0, 3, 26.51, 23285, 914, 0, 0
516, 0, 314, 790, 530, 86, 28.06%, 0, 0, 3, 26.16, 23415, 914, 0, 0
521, 0, 475, 790, 528, 85, 28.06%, 0, 0, 3, 28.00, 23592, 914, 0, 0
527, 0, 760, 790, 524, 82, 28.06%, 0, 0, 3, 32.92, 23793, 914, 0, 0
532, 0, 760, 790, 524, 82, 28.06%, 0, 0, 3, 27.02, 23913, 914, 0, 0
537, 0, 760, 794, 528, 82, 28.22%, 0, 0, 4, 26.48, 24046, 919, 0, 0
542, 0, 760, 795, 529, 82, 28.22%, 0, 0, 4, 25.33, 24179, 919, 0, 0
547, 0, 760, 797, 531, 82, 28.22%, 0, 0, 4, 24.10, 24298, 919, 0, 0
552, 0, 760, 797, 531, 82, 28.22%, 0, 0, 4, 24.62, 24426, 919, 0, 0
557, 0, 760, 798, 532, 82, 28.22%, 0, 0, 4, 25.29, 24553, 919, 0, 0
562, 0, 760, 799, 533, 82, 28.22%, 0, 0, 4, 24.80, 24684, 919, 0, 0
568, 0, 760, 799, 533, 82, 28.22%, 0, 0, 4, 24.49, 24811, 919, 0, 0
573, 0, 760, 800, 534, 82, 28.22%, 0, 0, 4, 24.50, 24932, 919, 0, 0
578, 0, 760, 800, 534, 82, 28.22%, 0, 0, 4, 23.44, 25051, 919, 0, 0
583, 0, 760, 801, 535, 82, 28.28%, 0, 0, 4, 24.69, 25181, 921, 0, 0
588, 0, 760, 802, 536, 82, 28.28%, 0, 0, 4, 23.84, 25301, 921, 0, 0
593, 0, 760, 802, 536, 82, 28.28%, 0, 0, 4, 24.81, 25426, 921, 0, 0
598, 0, 760, 803, 537, 82, 28.28%, 0, 0, 4, 24.44, 25547, 921, 0, 0
603, 0, 760, 803, 537, 82, 28.28%, 0, 0, 4, 25.52, 25676, 921, 0, 0
608, 0, 760, 804, 538, 82, 28.28%, 0, 0, 4, 24.61, 25796, 921, 0, 0
613, 0, 760, 804, 538, 82, 28.28%, 0, 0, 4, 24.74, 25921, 921, 0, 0
620, 0, 727, 804, 536, 81, 28.28%, 0, 0, 4, 27.48, 26111, 921, 0, 0
625, 0, 624, 804, 533, 78, 28.28%, 0, 0, 4, 34.37, 26305, 921, 0, 0
631, 0, 120, 804, 530, 75, 28.28%, 0, 0, 4, 39.09, 26558, 921, 0, 0
636, 0, 759, 804, 529, 74, 28.28%, 0, 0, 4, 31.19, 26688, 921, 0, 0
641, 0, 312, 804, 526, 71, 28.28%, 0, 0, 4, 35.14, 26869, 921, 0, 0
646, 0, 222, 804, 524, 69, 28.28%, 0, 0, 4, 31.42, 27030, 921, 0, 0
652, 0, 287, 805, 521, 66, 28.28%, 0, 0, 4, 36.06, 27247, 921, 0, 0
657, 0, 320, 805, 518, 63, 28.28%, 0, 0, 4, 37.72, 27449, 921, 0, 0
662, 0, 751, 806, 514, 58, 28.28%, 0, 0, 4, 37.93, 27653, 921, 0, 0
668, 0, 751, 808, 516, 58, 28.28%, 0, 0, 4, 37.18, 27831, 921, 0, 0
675, 0, 763, 808, 513, 55, 28.28%, 0, 0, 4, 34.45, 28059, 921, 0, 0
680, 0, 763, 808, 513, 55, 28.28%, 0, 0, 4, 21.99, 28155, 921, 0, 0
685, 0, 403, 808, 512, 54, 28.28%, 0, 0, 4, 24.70, 28293, 921, 0, 0
690, 0, 790, 808, 510, 52, 28.28%, 0, 0, 4, 30.04, 28451, 921, 0, 0
695, 0, 790, 809, 511, 52, 28.28%, 0, 0, 5, 35.24, 28637, 921, 0, 0
700, 0, 790, 810, 512, 52, 28.28%, 0, 0, 5, 39.25, 28847, 921, 0, 0
705, 0, 790, 810, 512, 52, 28.28%, 0, 0, 5, 37.37, 29045, 921, 0, 0
711, 0, 790, 811, 513, 52, 28.28%, 0, 0, 5, 25.34, 29160, 921, 0, 0
716, 0, 790, 811, 513, 52, 28.28%, 0, 0, 5, 20.41, 29266, 921, 0, 0
721, 0, 790, 811, 513, 52, 28.28%, 0, 0, 5, 14.46, 29329, 921, 0, 0
726, 0, 790, 811, 513, 52, 28.28%, 0, 0, 5, 16.03, 29420, 921, 0, 0
731, 0, 790, 812, 514, 52, 28.31%, 0, 0, 5, 26.61, 29565, 922, 0, 0
736, 0, 790, 813, 515, 52, 28.31%, 0, 0, 5, 30.91, 29728, 922, 0, 0
741, 0, 790, 813, 515, 52, 28.31%, 0, 0, 5, 33.64, 29903, 922, 0, 0
746, 0, 790, 813, 515, 52, 28.31%, 0, 0, 5, 32.19, 30062, 922, 0, 0
751, 0, 500, 813, 513, 51, 28.31%, 0, 0, 5, 32.96, 30238, 922, 0, 0
757, 0, 783, 814, 512, 49, 28.31%, 0, 0, 5, 27.82, 30368, 922, 0, 0
762, 0, 783, 815, 513, 49, 28.31%, 0, 0, 5, 20.66, 30461, 922, 0, 0
767, 0, 708, 815, 509, 45, 28.31%, 0, 0, 5, 30.01, 30624, 922, 0, 0
772, 0, 708, 815, 509, 45, 28.31%, 0, 0, 5, 24.01, 30722, 922, 0, 0
778, 0, 383, 815, 507, 43, 28.31%, 0, 0, 5, 25.18, 30880, 922, 0, 0
784, 0, 757, 816, 505, 40, 28.31%, 0, 0, 5, 32.19, 31067, 922, 0, 0
789, 0, 416, 816, 503, 38, 28.31%, 0, 0, 5, 26.42, 31193, 922, 0, 0
794, 0, 562, 816, 502, 38, 28.31%, 0, 0, 5, 25.65, 31304, 922, 0, 0
800, 0, 573, 816, 499, 36, 28.31%, 0, 0, 5, 31.08, 31493, 922, 0, 0
805, 0, 811, 816, 496, 34, 28.31%, 0, 0, 5, 32.57, 31694, 922, 0, 0
810, 0, 811, 817, 497, 34, 28.31%, 0, 0, 6, 32.75, 31860, 922, 0, 0
815, 0, 319, 817, 494, 31, 28.31%, 0, 0, 6, 33.61, 32034, 922, 0, 0
820, 0, 381, 818, 491, 28, 28.31%, 0, 0, 6, 34.85, 32225, 922, 0, 0
825, 0, 698, 818, 487, 25, 28.31%, 0, 0, 6, 36.51, 32422, 922, 0, 0
831, 0, 723, 818, 484, 24, 28.31%, 0, 0, 6, 38.25, 32628, 922, 0, 0
836, 0, 768, 819, 483, 22, 28.31%, 0, 0, 6, 37.24, 32814, 922, 0, 0
841, 0, 654, 819, 482, 21, 28.31%, 0, 0, 6, 31.16, 32949, 922, 0, 0
846, 0, 498, 821, 483, 20, 28.31%, 0, 0, 6, 24.66, 33056, 922, 0, 0
851, 0, 817, 822, 480, 16, 28.31%, 0, 0, 6, 35.64, 33266, 922, 0, 0
856, 0, 777, 822, 476, 12, 28.31%, 0, 0, 6, 34.40, 33419, 922, 0, 0
862, 0, 114, 822, 472, 10, 28.31%, 0, 0, 6, 37.53, 33630, 922, 0, 0
867, 0, 325, 823, 471, 10, 28.31%, 0, 0, 6, 36.67, 33815, 922, 0, 0
872, 0, 800, 823, 470, 10, 28.31%, 0, 0, 6, 32.15, 33969, 922, 0, 0
877, 0, 275, 823, 467, 8, 28.31%, 0, 0, 6, 34.08, 34151, 922, 0, 0
882, 0, 805, 824, 466, 8, 28.31%, 0, 0, 6, 25.79, 34267, 922, 0, 0
888, 0, 805, 825, 467, 8, 28.31%, 0, 0, 6, 22.83, 34382, 922, 0, 0
894, 0, 415, 827, 467, 8, 28.31%, 0, 0, 6, 30.95, 34580, 922, 0, 0
899, 0, 541, 827, 464, 8, 28.31%, 0, 0, 6, 30.41, 34738, 922, 0, 0
904, 0, 820, 828, 464, 8, 28.31%, 0, 0, 6, 24.34, 34836, 922, 0, 0
909, 0, 543, 829, 461, 7, 28.31%, 0, 0, 6, 31.09, 35005, 922, 0, 0
914, 0, 753, 829, 457, 5, 28.31%, 0, 0, 6, 30.53, 35136, 922, 0, 0
920, 0, 699, 830, 453, 5, 28.34%, 0, 0, 6, 30.50, 35295, 923, 0, 0
925, 0, 483, 830, 450, 4, 28.34%, 0, 0, 6, 26.91, 35422, 923, 0, 0
930, 0, 740, 830, 445, 4, 28.34%, 0, 0, 6, 31.74, 35596, 923, 0, 0
935, 0, 430, 832, 446, 4, 28.34%, 0, 0, 6, 35.09, 35813, 923, 0, 0
941, 0, 415, 832, 439, 3, 28.34%, 0, 0, 6, 35.32, 35990, 923, 0, 0
946, 0, 568, 832, 437, 3, 28.34%, 0, 0, 6, 38.11, 36190, 923, 0, 0
951, 0, 754, 833, 432, 2, 28.34%, 0, 0, 6, 34.85, 36371, 923, 0, 0
956, 0, 402, 834, 430, 1, 28.34%, 0, 0, 6, 34.02, 36549, 923, 0, 0
961, 0, 530, 834, 426, 1, 28.34%, 0, 0, 6, 37.39, 36736, 923, 0, 0
966, 0, 480, 834, 422, 1, 28.34%, 0, 0, 6, 28.15, 36868, 923, 0, 0
972, 0, 738, 836, 423, 1, 28.34%, 0, 0, 6, 25.56, 36981, 923, 0, 0
977, 0, 330, 837, 418, 1, 28.34%, 0, 0, 6, 32.25, 37149, 923, 0, 0
982, 0, 825, 837, 417, 1, 28.34%, 0, 0, 6, 19.62, 37240, 923, 0, 0
987, 0, 825, 837, 417, 1, 28.34%, 0, 0, 6, 16.41, 37317, 923, 0, 0
992, 0, 825, 837, 417, 1, 28.34%, 0, 0, 6, 17.23, 37405, 923, 0, 0
997, 0, 825, 837, 417, 1, 28.34%, 0, 0, 6, 16.32, 37485, 923, 0, 0
1002, 0, 703, 840, 417, 1, 28.34%, 0, 0, 6, 26.98, 37645, 923, 0, 0
1007, 0, 703, 843, 420, 1, 28.34%, 0, 0, 6, 24.63, 37766, 923, 0, 0
1012, 0, 703, 843, 420, 1, 28.34%, 0, 0, 6, 24.05, 37887, 923, 0, 0
1017, 0, 661, 843, 415, 1, 28.34%, 0, 0, 6, 35.07, 38081, 923, 0, 0
1022, 0, 477, 843, 413, 1, 28.34%, 0, 0, 6, 32.66, 38226, 923, 0, 0
1028, 0, 589, 844, 413, 1, 28.34%, 0, 0, 6, 37.08, 38420, 923, 0, 0
1033, 0, 771, 844, 410, 1, 28.34%, 0, 0, 6, 30.51, 38566, 923, 0, 0
1038, 0, 67, 845, 406, 0, 28.34%, 0, 0, 6, 33.86, 38746, 923, 0, 0
1043, 0, 551, 845, 405, 0, 28.34%, 0, 0, 6, 37.57, 38944, 923, 0, 0
1049, 0, 710, 845, 403, 0, 28.34%, 0, 0, 6, 34.76, 39142, 923, 0, 0
1054, 0, 544, 845, 401, 0, 28.34%, 0, 0, 6, 34.17, 39309, 923, 0, 0
1059, 0, 67, 845, 399, 0, 28.34%, 0, 0, 6, 37.53, 39496, 923, 0, 0
1064, 0, 433, 845, 399, 0, 28.34%, 0, 0, 6, 39.97, 39713, 923, 0, 0
1070, 0, 534, 846, 399, 0, 28.34%, 0, 0, 6, 33.98, 39865, 923, 0, 0
1075, 0, 570, 847, 395, 0, 28.34%, 0, 0, 6, 38.21, 40061, 923, 0, 0
1080, 0, 830, 847, 395, 0, 28.34%, 0, 0, 6, 30.22, 40214, 923, 0, 0
1086, 0, 783, 848, 394, 0, 28.34%, 0, 0, 6, 24.37, 40335, 923, 0, 0
1091, 0, 222, 849, 395, 0, 28.34%, 0, 0, 6, 24.82, 40444, 923, 0, 0
1096, 0, 387, 850, 395, 0, 28.34%, 0, 0, 6, 32.16, 40605, 923, 0, 0
1101, 0, 509, 850, 395, 0, 28.34%, 0, 0, 6, 35.81, 40791, 923, 0, 0
1107, 0, 745, 851, 396, 0, 28.34%, 0, 0, 6, 37.83, 41011, 923, 0, 0
1112, 0, 22, 851, 395, 0, 28.34%, 0, 0, 6, 37.71, 41202, 923, 0, 0
1117, 0, 22, 852, 395, 0, 28.34%, 0, 0, 6, 35.10, 41368, 923, 0, 0
1123, 0, 825, 853, 395, 0, 28.34%, 0, 0, 6, 27.92, 41510, 923, 0, 0
1128, 0, 825, 853, 395, 0, 28.34%, 0, 0, 6, 17.67, 41586, 923, 0, 0
1133, 0, 825, 854, 396, 0, 28.34%, 0, 0, 6, 15.56, 41663, 923, 0, 0
1138, 0, 825, 855, 397, 0, 28.34%, 0, 0, 6, 14.86, 41739, 923, 0, 0
1143, 0, 825, 856, 398, 0, 28.34%, 0, 0, 6, 14.95, 41815, 923, 0, 0
1148, 0, 825, 856, 398, 0, 28.34%, 0, 0, 6, 14.69, 41889, 923, 0, 0
1153, 0, 825, 857, 399, 0, 28.34%, 0, 0, 6, 14.58, 41962, 923, 0, 0
1158, 0, 825, 857, 399, 0, 28.34%, 0, 0, 6, 14.57, 42035, 923, 0, 0
1163, 0, 825, 857, 399, 0, 28.34%, 0, 0, 6, 14.63, 42110, 923, 0, 0
1168, 0, 825, 857, 399, 0, 28.34%, 0, 0, 6, 14.51, 42183, 923, 0, 0
1173, 0, 825, 857, 399, 0, 28.34%, 0, 0, 6, 15.05, 42259, 923, 0, 0
1179, 0, 825, 857, 399, 0, 28.34%, 0, 0, 6, 14.75, 42335, 923, 0, 0
1184, 0, 825, 857, 399, 0, 28.34%, 0, 0, 6, 14.83, 42410, 923, 0, 0
1189, 0, 825, 857, 399, 0, 28.34%, 0, 0, 6, 14.44, 42483, 923, 0, 0
1194, 0, 825, 858, 400, 0, 28.34%, 0, 0, 6, 14.77, 42561, 923, 0, 0
1199, 0, 825, 858, 400, 0, 28.34%, 0, 0, 6, 14.71, 42638, 923, 0, 0
1204, 0, 825, 858, 400, 0, 28.34%, 0, 0, 6, 14.94, 42713, 923, 0, 0
1209, 0, 825, 858, 400, 0, 28.34%, 0, 0, 6, 14.57, 42788, 923, 0, 0
1214, 0, 825, 858, 400, 0, 28.34%, 0, 0, 6, 14.42, 42861, 923, 0, 0
1220, 0, 825, 858, 400, 0, 28.34%, 0, 0, 6, 14.48, 42936, 923, 0, 0
1225, 0, 825, 859, 401, 0, 28.34%, 0, 0, 6, 14.73, 43014, 923, 0, 0
1230, 0, 825, 859, 401, 0, 28.34%, 0, 0, 6, 14.54, 43087, 923, 0, 0
1235, 0, 825, 859, 401, 0, 28.34%, 0, 0, 6, 14.60, 43161, 923, 0, 0
1240, 0, 825, 859, 401, 0, 28.34%, 0, 0, 6, 14.66, 43235, 923, 0, 0
1245, 0, 825, 859, 401, 0, 28.34%, 0, 0, 6, 14.59, 43311, 923, 0, 0
1250, 0, 825, 859, 401, 0, 28.34%, 0, 0, 6, 14.80, 43386, 923, 0, 0
1255, 0, 825, 859, 401, 0, 28.34%, 0, 0, 6, 14.77, 43461, 923, 0, 0
1260, 0, 825, 859, 401, 0, 28.34%, 0, 0, 6, 29.04, 43615, 923, 0, 0
1265, 0, 825, 863, 405, 0, 28.34%, 0, 0, 6, 29.25, 43767, 923, 0, 0
1271, 0, 825, 871, 413, 0, 28.34%, 0, 0, 6, 29.02, 43898, 923, 0, 0
1276, 0, 825, 883, 425, 0, 28.37%, 0, 0, 6, 29.39, 44034, 924, 0, 0
1281, 0, 825, 900, 442, 0, 28.43%, 0, 0, 6, 31.80, 44197, 926, 0, 0
1286, 0, 825, 917, 459, 0, 28.43%, 0, 0, 6, 32.31, 44364, 926, 0, 0
1291, 0, 825, 931, 473, 0, 28.43%, 0, 0, 6, 29.84, 44500, 926, 0, 0
1296, 0, 825, 942, 484, 0, 28.43%, 0, 0, 6, 28.45, 44619, 926, 0, 0
1301, 0, 825, 954, 496, 0, 28.43%, 0, 0, 6, 25.94, 44737, 926, 0, 0
1307, 0, 870, 964, 506, 4, 28.43%, 0, 0, 6, 26.55, 44886, 926, 0, 0
1312, 0, 936, 964, 505, 3, 28.43%, 0, 0, 6, 35.76, 45100, 926, 0, 0
1317, 0, 831, 964, 504, 2, 28.43%, 0, 0, 6, 36.98, 45297, 926, 0, 0
1322, 0, 385, 964, 501, 2, 28.43%, 0, 0, 6, 34.01, 45467, 926, 0, 0
1327, 0, 815, 964, 500, 2, 28.43%, 0, 0, 6, 34.39, 45640, 926, 0, 0
1334, 0, 683, 964, 497, 1, 28.43%, 0, 0, 6, 33.72, 45870, 926, 0, 0
1340, 0, 918, 964, 494, 0, 28.43%, 0, 0, 6, 37.82, 46071, 926, 0, 0
1345, 0, 963, 964, 493, 0, 28.43%, 0, 0, 6, 34.14, 46258, 926, 0, 0
1350, 0, 963, 966, 495, 0, 28.43%, 0, 0, 6, 32.11, 46428, 926, 0, 0
1355, 0, 963, 968, 497, 0, 28.43%, 0, 0, 6, 28.95, 46568, 926, 0, 0
1360, 0, 963, 968, 497, 0, 28.43%, 0, 0, 6, 27.55, 46711, 926, 0, 0
1366, 0, 671, 969, 497, 0, 28.43%, 0, 0, 6, 24.14, 46841, 926, 0, 0
1371, 0, 939, 969, 496, 0, 28.43%, 0, 0, 6, 26.13, 46985, 926, 0, 0
1378, 0, 432, 970, 496, 0, 28.43%, 0, 0, 6, 25.42, 47164, 926, 0, 0
1383, 0, 119, 972, 497, 0, 28.43%, 0, 0, 6, 31.82, 47333, 926, 0, 0
1388, 0, 314, 972, 497, 0, 28.43%, 0, 0, 6, 34.62, 47515, 926, 0, 0
1393, 0, 802, 972, 496, 0, 28.43%, 0, 0, 6, 34.80, 47694, 926, 0, 0
1398, 0, 714, 972, 495, 0, 28.43%, 0, 0, 6, 30.70, 47824, 926, 0, 0
1403, 0, 789, 972, 492, 0, 28.43%, 0, 0, 6, 32.62, 48008, 926, 0, 0
1408, 0, 615, 973, 490, 0, 28.43%, 0, 0, 6, 31.51, 48151, 926, 0, 0
1413, 0, 602, 973, 488, 0, 28.43%, 0, 0, 6, 37.03, 48338, 926, 0, 0
1419, 0, 141, 973, 487, 0, 28.43%, 0, 0, 6, 39.99, 48556, 926, 0, 0
1424, 0, 959, 973, 486, 0, 28.43%, 0, 0, 6, 31.65, 48723, 926, 0, 0
1429, 0, 959, 973, 486, 0, 28.43%, 0, 0, 6, 23.49, 48815, 926, 0, 0
1434, 0, 964, 973, 485, 0, 28.43%, 0, 0, 6, 34.15, 49001, 926, 0, 0
1439, 0, 560, 973, 482, 0, 28.43%, 0, 0, 6, 35.84, 49191, 926, 0, 0
1444, 0, 387, 973, 481, 0, 28.43%, 0, 0, 6, 39.27, 49399, 926, 0, 0
1451, 0, 691, 973, 479, 0, 28.43%, 0, 0, 6, 41.20, 49667, 926, 0, 0
1456, 0, 434, 973, 478, 0, 28.43%, 0, 0, 6, 37.06, 49853, 926, 0, 0
1461, 0, 654, 973, 477, 0, 28.43%, 0, 0, 6, 34.39, 50026, 926, 0, 0
1466, 0, 462, 973, 477, 0, 28.43%, 0, 0, 6, 35.28, 50204, 926, 0, 0
1471, 0, 899, 973, 475, 0, 28.43%, 0, 0, 6, 30.31, 50379, 926, 0, 0
1476, 0, 811, 974, 475, 0, 28.43%, 0, 0, 6, 24.37, 50491, 926, 0, 0
1483, 0, 773, 974, 475, 0, 28.43%, 0, 0, 6, 31.49, 50714, 926, 0, 0
1488, 0, 557, 974, 472, 0, 28.43%, 0, 0, 6, 33.86, 50887, 926, 0, 0
1493, 0, 639, 974, 471, 0, 28.43%, 0, 0, 6, 36.30, 51077, 926, 0, 0
1498, 0, 854, 974, 471, 0, 28.43%, 0, 0, 6, 22.22, 51181, 926, 0, 0
1503, 0, 854, 974, 471, 0, 28.43%, 0, 0, 6, 20.85, 51288, 926, 0, 0
1509, 0, 854, 975, 472, 0, 28.43%, 0, 0, 6, 20.23, 51401, 926, 0, 0
1514, 0, 539, 975, 470, 0, 28.43%, 0, 0, 6, 27.79, 51539, 926, 0, 0
1519, 0, 897, 977, 472, 0, 28.43%, 0, 0, 6, 33.56, 51726, 926, 0, 0
1524, 0, 897, 977, 472, 0, 28.43%, 0, 0, 6, 34.33, 51903, 926, 0, 0
1529, 0, 975, 977, 472, 0, 28.43%, 0, 0, 6, 36.04, 52102, 926, 0, 0
1534, 0, 906, 978, 471, 0, 28.43%, 0, 0, 6, 37.18, 52286, 926, 0, 0
1540, 0, 678, 978, 469, 0, 28.43%, 0, 0, 6, 37.02, 52474, 926, 0, 0
1545, 0, 719, 978, 468, 0, 28.43%, 0, 0, 6, 32.21, 52626, 926, 0, 0
1550, 0, 562, 978, 466, 0, 28.43%, 0, 0, 6, 36.42, 52822, 926, 0, 0
1555, 0, 316, 978, 465, 0, 28.43%, 0, 0, 6, 31.85, 52950, 926, 0, 0
1560, 0, 518, 978, 464, 0, 28.43%, 0, 0, 6, 30.76, 53105, 926, 0, 0
1565, 0, 274, 979, 465, 0, 28.43%, 0, 0, 6, 35.42, 53298, 926, 0, 0
1570, 0, 562, 979, 464, 0, 28.43%, 0, 0, 6, 36.91, 53487, 926, 0, 0
1575, 0, 735, 979, 464, 0, 28.43%, 0, 0, 6, 25.33, 53580, 926, 0, 0
1580, 0, 731, 979, 462, 0, 28.43%, 0, 0, 6, 27.51, 53706, 926, 0, 0
1586, 0, 542, 979, 458, 0, 28.43%, 0, 0, 6, 33.34, 53885, 926, 0, 0
1591, 0, 91, 979, 456, 0, 28.43%, 0, 0, 6, 34.44, 54073, 926, 0, 0
1598, 0, 920, 979, 456, 0, 28.43%, 0, 0, 6, 31.94, 54289, 926, 0, 0
1603, 0, 823, 979, 453, 0, 28.43%, 0, 0, 6, 32.11, 54456, 926, 0, 0
1608, 0, 823, 979, 453, 0, 28.43%, 0, 0, 6, 24.18, 54566, 926, 0, 0
1613, 0, 764, 979, 452, 0, 28.43%, 0, 0, 6, 22.64, 54686, 926, 0, 0
1618, 0, 764, 979, 452, 0, 28.43%, 0, 0, 6, 17.36, 54755, 926, 0, 0
1623, 0, 826, 979, 451, 0, 28.43%, 0, 0, 6, 19.11, 54852, 926, 0, 0
1628, 0, 826, 979, 451, 0, 28.43%, 0, 0, 6, 22.65, 54967, 926, 0, 0
1634, 0, 826, 979, 451, 0, 28.43%, 0, 0, 6, 19.03, 55076, 926, 0, 0
1639, 0, 506, 979, 447, 0, 28.43%, 0, 0, 6, 29.84, 55231, 926, 0, 0
1644, 0, 45, 979, 446, 0, 28.43%, 0, 0, 6, 40.71, 55455, 926, 0, 0
1650, 0, 934, 979, 444, 0, 28.43%, 0, 0, 6, 23.45, 55559, 926, 0, 0
1655, 0, 934, 979, 444, 0, 28.43%, 0, 0, 6, 18.49, 55633, 926, 0, 0
1660, 0, 949, 979, 442, 0, 28.43%, 0, 0, 6, 20.03, 55742, 926, 0, 0
1665, 0, 949, 979, 442, 0, 28.43%, 0, 0, 6, 18.74, 55838, 926, 0, 0
1670, 0, 118, 979, 441, 0, 28.43%, 0, 0, 6, 22.36, 55944, 926, 0, 0
1675, 0, 557, 979, 440, 0, 28.43%, 0, 0, 6, 35.12, 56131, 926, 0, 0
1680, 0, 812, 979, 439, 0, 28.43%, 0, 0, 6, 37.14, 56324, 926, 0, 0
1685, 0, 426, 979, 436, 0, 28.43%, 0, 0, 6, 39.24, 56530, 926, 0, 0
1691, 0, 853, 979, 435, 0, 28.43%, 0, 0, 6, 21.95, 56620, 926, 0, 0
1696, 0, 853, 979, 435, 0, 28.43%, 0, 0, 6, 17.16, 56699, 926, 0, 0
1701, 0, 853, 979, 435, 0, 28.43%, 0, 0, 6, 15.80, 56779, 926, 0, 0
1707, 0, 853, 979, 435, 0, 28.43%, 0, 0, 6, 14.46, 56870, 926, 0, 0
1712, 0, 622, 979, 431, 0, 28.43%, 0, 0, 6, 33.38, 57056, 926, 0, 0
1717, 0, 866, 979, 429, 0, 28.43%, 0, 0, 6, 26.32, 57194, 926, 0, 0
1723, 0, 909, 979, 428, 0, 28.43%, 0, 0, 6, 30.52, 57343, 926, 0, 0
1728, 0, 848, 979, 426, 0, 28.43%, 0, 0, 6, 29.30, 57497, 926, 0, 0
1733, 0, 778, 980, 426, 0, 28.43%, 0, 0, 6, 26.30, 57604, 926, 0, 0
1738, 0, 796, 980, 424, 0, 28.43%, 0, 0, 6, 23.94, 57711, 926, 0, 0
1744, 0, 849, 981, 424, 0, 28.43%, 0, 0, 6, 23.13, 57850, 926, 0, 0
1749, 0, 725, 981, 423, 0, 28.43%, 0, 0, 6, 20.57, 57952, 926, 0, 0
1754, 0, 964, 981, 422, 0, 28.43%, 0, 0, 6, 28.81, 58103, 926, 0, 0
1759, 0, 91, 981, 421, 0, 28.43%, 0, 0, 6, 32.61, 58285, 926, 0, 0
1764, 0, 547, 981, 419, 0, 28.43%, 0, 0, 6, 33.99, 58470, 926, 0, 0
1769, 0, 806, 981, 419, 0, 28.43%, 0, 0, 6, 31.80, 58636, 926, 0, 0
1774, 0, 390, 981, 418, 0, 28.43%, 0, 0, 6, 30.40, 58781, 926, 0, 0
1779, 0, 753, 982, 418, 0, 28.43%, 0, 0, 6, 39.22, 59008, 926, 0, 0
1784, 0, 883, 982, 418, 0, 28.43%, 0, 0, 6, 30.88, 59148, 926, 0, 0
1790, 0, 723, 982, 417, 0, 28.43%, 0, 0, 6, 36.89, 59350, 926, 0, 0
1795, 0, 143, 982, 416, 0, 28.43%, 0, 0, 6, 35.94, 59552, 926, 0, 0
1800, 0, 781, 982, 414, 0, 28.43%, 0, 0, 6, 30.44, 59711, 926, 0, 0
1805, 0, 804, 982, 413, 0, 28.43%, 0, 0, 6, 34.43, 59891, 926, 0, 0
1810, 0, 107, 982, 410, 0, 28.43%, 0, 0, 6, 35.93, 60074, 926, 0, 0
1815, 0, 829, 982, 408, 0, 28.43%, 0, 0, 6, 32.86, 60224, 926, 0, 0
1821, 0, 512, 982, 404, 0, 28.43%, 0, 0, 6, 32.97, 60394, 926, 0, 0
1826, 0, 817, 983, 404, 0, 28.43%, 0, 0, 6, 31.91, 60548, 926, 0, 0
1831, 0, 829, 983, 403, 0, 28.43%, 0, 0, 6, 31.70, 60715, 926, 0, 0
1836, 0, 717, 983, 403, 0, 28.43%, 0, 0, 6, 38.64, 60917, 926, 0, 0
1841, 0, 873, 983, 400, 0, 28.43%, 0, 0, 6, 32.25, 61089, 926, 0, 0
1846, 0, 391, 983, 399, 0, 28.43%, 0, 0, 6, 20.14, 61167, 926, 0, 0
1851, 0, 982, 983, 399, 0, 28.43%, 0, 0, 6, 22.76, 61301, 926, 0, 0
1856, 0, 107, 984, 399, 0, 28.43%, 0, 0, 6, 28.30, 61423, 926, 0, 0
1862, 0, 217, 984, 397, 0, 28.43%, 0, 0, 6, 33.41, 61591, 926, 0, 0
1867, 0, 119, 984, 396, 0, 28.43%, 0, 0, 6, 26.73, 61712, 926, 0, 0
1873, 0, 43, 984, 395, 0, 28.43%, 0, 0, 6, 35.49, 61955, 926, 0, 0
1878, 0, 894, 984, 393, 0, 28.43%, 0, 0, 6, 34.69, 62123, 926, 0, 0
1883, 0, 730, 984, 391, 0, 28.43%, 0, 0, 6, 33.15, 62297, 926, 0, 0
1888, 0, 537, 984, 389, 0, 28.43%, 0, 0, 6, 31.22, 62433, 926, 0, 0
1894, 0, 500, 984, 388, 0, 28.43%, 0, 0, 6, 32.54, 62586, 926, 0, 0
1899, 0, 67, 984, 387, 0, 28.43%, 0, 0, 6, 34.35, 62762, 926, 0, 0
1904, 0, 971, 984, 386, 0, 28.43%, 0, 0, 6, 36.92, 62957, 926, 0, 0
1909, 0, 118, 984, 385, 0, 28.43%, 0, 0, 6, 36.47, 63137, 926, 0, 0
1915, 0, 478, 984, 385, 0, 28.43%, 0, 0, 6, 36.33, 63377, 926, 0, 0
1921, 0, 813, 984, 384, 0, 28.43%, 0, 0, 6, 22.69, 63479, 926, 0, 0
1926, 0, 813, 984, 384, 0, 28.43%, 0, 0, 6, 16.76, 63555, 926, 0, 0
1931, 0, 795, 984, 383, 0, 28.43%, 0, 0, 6, 25.23, 63716, 926, 0, 0
1936, 0, 522, 984, 381, 0, 28.43%, 0, 0, 6, 27.85, 63852, 926, 0, 0
1941, 0, 874, 984, 381, 0, 28.43%, 0, 0, 6, 31.92, 64013, 926, 0, 0
1946, 0, 319, 984, 379, 0, 28.43%, 0, 0, 6, 33.62, 64190, 926, 0, 0
1951, 0, 142, 984, 378, 0, 28.43%, 0, 0, 6, 35.66, 64384, 926, 0, 0
1956, 0, 837, 984, 377, 0, 28.43%, 0, 0, 6, 37.42, 64575, 926, 0, 0
1962, 0, 946, 984, 376, 0, 28.43%, 0, 0, 6, 37.23, 64760, 926, 0, 0
1967, 0, 932, 984, 373, 0, 28.43%, 0, 0, 6, 24.86, 64885, 926, 0, 0
1972, 0, 719, 984, 371, 0, 28.43%, 0, 0, 6, 31.88, 65059, 926, 0, 0
1977, 0, 810, 984, 370, 0, 28.43%, 0, 0, 6, 29.15, 65219, 926, 0, 0
1982, 0, 759, 984, 369, 0, 28.43%, 0, 0, 6, 22.21, 65303, 926, 0, 0
1987, 0, 446, 984, 369, 0, 28.43%, 0, 0, 6, 27.25, 65455, 926, 0, 0
1992, 0, 974, 984, 369, 0, 28.43%, 0, 0, 6, 31.62, 65626, 926, 0, 0
1997, 0, 974, 984, 369, 0, 28.43%, 0, 0, 6, 23.11, 65732, 926, 0, 0
2002, 0, 974, 984, 369, 0, 28.43%, 0, 0, 6, 24.58, 65857, 926, 0, 0
2007, 0, 974, 985, 370, 0, 28.43%, 0, 0, 7, 23.62, 65972, 926, 0, 0
2013, 0, 974, 985, 370, 0, 28.43%, 0, 0, 7, 24.52, 66101, 926, 0, 0
2018, 0, 974, 985, 370, 0, 28.43%, 0, 0, 7, 24.74, 66226, 926, 0, 0
2023, 0, 974, 985, 370, 0, 28.43%, 0, 0, 7, 24.38, 66349, 926, 0, 0
2028, 0, 974, 985, 370, 0, 28.43%, 0, 0, 7, 24.65, 66473, 926, 0, 0
2033, 0, 974, 985, 370, 0, 28.43%, 0, 0, 7, 24.88, 66599, 926, 0, 0
2038, 0, 974, 985, 370, 0, 28.43%, 0, 0, 7, 24.88, 66727, 926, 0, 0
2043, 0, 974, 985, 370, 0, 28.43%, 0, 0, 7, 24.95, 66853, 926, 0, 0
2048, 0, 481, 985, 369, 0, 28.43%, 0, 0, 7, 24.45, 67001, 926, 0, 0
2053, 0, 817, 985, 369, 0, 28.43%, 0, 0, 7, 32.69, 67166, 926, 0, 0
2059, 0, 685, 985, 369, 0, 28.43%, 0, 0, 7, 33.30, 67342, 926, 0, 0
2064, 0, 403, 985, 368, 0, 28.43%, 0, 0, 7, 32.66, 67508, 926, 0, 0
2069, 0, 786, 985, 368, 0, 28.43%, 0, 0, 7, 27.37, 67617, 926, 0, 0
2074, 0, 847, 985, 367, 0, 28.43%, 0, 0, 7, 17.58, 67696, 926, 0, 0
2079, 0, 925, 985, 366, 0, 28.43%, 0, 0, 7, 17.82, 67789, 926, 0, 0
2084, 0, 925, 985, 366, 0, 28.43%, 0, 0, 7, 17.62, 67877, 926, 0, 0
2089, 0, 913, 985, 365, 0, 28.43%, 0, 0, 7, 26.86, 68017, 926, 0, 0
2094, 0, 13, 985, 364, 0, 28.43%, 0, 0, 7, 37.40, 68223, 926, 0, 0
2099, 0, 962, 985, 363, 0, 28.43%, 0, 0, 7, 26.15, 68354, 926, 0, 0
2104, 0, 904, 985, 361, 0, 28.43%, 0, 0, 7, 27.02, 68487, 926, 0, 0
2110, 0, 904, 985, 361, 0, 28.43%, 0, 0, 7, 23.17, 68597, 926, 0, 0
2115, 0, 852, 985, 358, 0, 28.43%, 0, 0, 7, 19.17, 68702, 926, 0, 0
2120, 0, 852, 985, 358, 0, 28.43%, 0, 0, 7, 14.27, 68765, 926, 0, 0
2125, 0, 852, 985, 358, 0, 28.43%, 0, 0, 7, 13.05, 68828, 926, 0, 0
2130, 0, 852, 985, 358, 0, 28.43%, 0, 0, 7, 12.56, 68891, 926, 0, 0
2135, 0, 852, 985, 358, 0, 28.43%, 0, 0, 7, 12.42, 68954, 926, 0, 0
2140, 0, 515, 985, 357, 0, 28.43%, 0, 0, 7, 19.75, 69048, 926, 0, 0
2147, 0, 744, 985, 356, 0, 28.43%, 0, 0, 7, 28.94, 69255, 926, 0, 0
2152, 0, 518, 985, 354, 0, 28.43%, 0, 0, 7, 38.12, 69459, 926, 0, 0
2157, 0, 538, 985, 353, 0, 28.43%, 0, 0, 7, 31.60, 69627, 926, 0, 0
2162, 0, 938, 986, 352, 0, 28.43%, 0, 0, 7, 32.37, 69793, 926, 0, 0
2167, 0, 166, 986, 351, 0, 28.43%, 0, 0, 7, 32.94, 69976, 926, 0, 0
2172, 0, 889, 986, 350, 0, 28.43%, 0, 0, 7, 31.76, 70144, 926, 0, 0
2177, 0, 500, 986, 347, 0, 28.43%, 0, 0, 7, 35.96, 70315, 926, 0, 0
2182, 0, 765, 986, 345, 0, 28.43%, 0, 0, 7, 37.10, 70514, 926, 0, 0
2188, 0, 940, 986, 343, 0, 28.43%, 0, 0, 7, 39.12, 70708, 926, 0, 0
2193, 0, 404, 986, 341, 0, 28.43%, 0, 0, 7, 37.02, 70885, 926, 0, 0
2198, 0, 545, 986, 340, 0, 28.43%, 0, 0, 7, 39.55, 71088, 926, 0, 0
2203, 0, 400, 986, 338, 0, 28.43%, 0, 0, 7, 28.26, 71213, 926, 0, 0
2208, 0, 767, 986, 336, 0, 28.43%, 0, 0, 7, 27.62, 71361, 926, 0, 0
2213, 0, 702, 986, 335, 0, 28.43%, 0, 0, 7, 31.16, 71526, 926, 0, 0
2219, 0, 391, 986, 334, 0, 28.43%, 0, 0, 7, 25.88, 71663, 926, 0, 0
2224, 0, 624, 986, 333, 0, 28.43%, 0, 0, 7, 34.94, 71855, 926, 0, 0
2229, 0, 466, 986, 331, 0, 28.43%, 0, 0, 7, 26.99, 71981, 926, 0, 0
2234, 0, 155, 986, 330, 0, 28.43%, 0, 0, 7, 30.67, 72125, 926, 0, 0
2239, 0, 841, 986, 330, 0, 28.43%, 0, 0, 7, 29.88, 72284, 926, 0, 0
2244, 0, 778, 986, 329, 0, 28.43%, 0, 0, 7, 36.36, 72473, 926, 0, 0
2249, 0, 493, 986, 328, 0, 28.43%, 0, 0, 7, 36.70, 72657, 926, 0, 0
2254, 0, 620, 986, 327, 0, 28.43%, 0, 0, 7, 31.52, 72783, 926, 0, 0
2259, 0, 371, 986, 326, 0, 28.43%, 0, 0, 7, 38.05, 72984, 926, 0, 0
2264, 0, 914, 986, 325, 0, 28.43%, 0, 0, 7, 31.28, 73148, 926, 0, 0
2270, 0, 597, 986, 322, 0, 28.43%, 0, 0, 7, 32.77, 73301, 926, 0, 0
2275, 0, 794, 986, 321, 0, 28.43%, 0, 0, 7, 32.64, 73470, 926, 0, 0
2280, 0, 440, 986, 320, 0, 28.43%, 0, 0, 7, 31.15, 73635, 926, 0, 0
2285, 0, 624, 986, 320, 0, 28.43%, 0, 0, 7, 27.42, 73765, 926, 0, 0
2292, 0, 424, 986, 319, 0, 28.43%, 0, 0, 7, 28.43, 73969, 926, 0, 0
2297, 0, 317, 986, 318, 0, 28.43%, 0, 0, 7, 29.29, 74119, 926, 0, 0
2302, 0, 779, 986, 318, 0, 28.43%, 0, 0, 7, 29.04, 74275, 926, 0, 0
2308, 0, 960, 986, 316, 0, 28.43%, 0, 0, 7, 30.86, 74436, 926, 0, 0
2313, 0, 317, 986, 315, 0, 28.43%, 0, 0, 7, 25.32, 74539, 926, 0, 0
2318, 0, 929, 987, 316, 0, 28.43%, 0, 0, 7, 23.08, 74644, 926, 0, 0
2323, 0, 911, 987, 315, 0, 28.43%, 0, 0, 7, 23.78, 74773, 926, 0, 0
2328, 0, 652, 987, 313, 0, 28.43%, 0, 0, 7, 20.57, 74865, 926, 0, 0
2333, 0, 869, 987, 313, 0, 28.43%, 0, 0, 7, 20.43, 74992, 926, 0, 0
2339, 0, 800, 987, 311, 0, 28.43%, 0, 0, 7, 30.69, 75158, 926, 0, 0
2344, 0, 321, 987, 310, 0, 28.43%, 0, 0, 7, 32.28, 75340, 926, 0, 0
2349, 0, 521, 987, 310, 0, 28.43%, 0, 0, 7, 33.35, 75508, 926, 0, 0
2354, 0, 829, 987, 310, 0, 28.43%, 0, 0, 7, 33.65, 75688, 926, 0, 0
2359, 0, 485, 987, 310, 0, 28.43%, 0, 0, 7, 27.84, 75815, 926, 0, 0
2364, 0, 791, 987, 308, 0, 28.43%, 0, 0, 7, 30.18, 75970, 926, 0, 0
2369, 0, 791, 987, 308, 0, 28.43%, 0, 0, 7, 19.20, 76053, 926, 0, 0
2374, 0, 766, 987, 306, 0, 28.43%, 0, 0, 7, 24.02, 76167, 926, 0, 0
2379, 0, 495, 987, 303, 0, 28.43%, 0, 0, 7, 26.42, 76296, 926, 0, 0
2384, 0, 701, 987, 303, 0, 28.43%, 0, 0, 7, 27.60, 76448, 926, 0, 0
2389, 0, 811, 987, 302, 0, 28.43%, 0, 0, 7, 29.71, 76594, 926, 0, 0
2396, 0, 803, 987, 300, 0, 28.43%, 0, 0, 7, 26.42, 76766, 926, 0, 0
2402, 0, 958, 987, 299, 0, 28.43%, 0, 0, 7, 24.98, 76885, 926, 0, 0
2407, 0, 646, 987, 298, 0, 28.43%, 0, 0, 7, 28.72, 77030, 926, 0, 0
2412, 0, 559, 987, 296, 0, 28.43%, 0, 0, 7, 34.24, 77210, 926, 0, 0
2417, 0, 472, 987, 295, 0, 28.43%, 0, 0, 7, 34.24, 77366, 926, 0, 0
2422, 0, 876, 988, 294, 0, 28.43%, 0, 0, 7, 26.53, 77489, 926, 0, 0
2427, 0, 772, 988, 293, 0, 28.43%, 0, 0, 7, 20.42, 77578, 926, 0, 0
2432, 0, 947, 988, 292, 0, 28.43%, 0, 0, 7, 26.38, 77713, 926, 0, 0
2437, 0, 763, 988, 291, 0, 28.43%, 0, 0, 7, 28.43, 77878, 926, 0, 0
2442, 0, 562, 989, 291, 0, 28.43%, 0, 0, 7, 33.06, 78037, 926, 0, 0
2447, 0, 222, 989, 289, 0, 28.43%, 0, 0, 7, 36.50, 78229, 926, 0, 0
2452, 0, 383, 989, 289, 0, 28.43%, 0, 0, 7, 25.50, 78359, 926, 0, 0
2457, 0, 622, 989, 288, 0, 28.43%, 0, 0, 7, 34.44, 78560, 926, 0, 0
2463, 0, 723, 989, 284, 0, 28.43%, 0, 0, 7, 27.50, 78705, 926, 0, 0
2468, 0, 323, 989, 283, 0, 28.43%, 0, 0, 7, 27.71, 78840, 926, 0, 0
2473, 0, 317, 989, 282, 0, 28.43%, 0, 0, 7, 33.78, 79023, 926, 0, 0
2478, 0, 607, 989, 281, 0, 28.43%, 0, 0, 7, 27.15, 79162, 926, 0, 0
2483, 0, 564, 989, 281, 0, 28.43%, 0, 0, 7, 33.69, 79350, 926, 0, 0
2488, 0, 984, 990, 282, 0, 28.43%, 0, 0, 7, 27.78, 79488, 926, 0, 0
2493, 0, 984, 990, 282, 0, 28.43%, 0, 0, 7, 17.24, 79559, 926, 0, 0
2498, 0, 984, 990, 282, 0, 28.43%, 0, 0, 7, 14.86, 79632, 926, 0, 0
2503, 0, 984, 990, 282, 0, 28.43%, 0, 0, 7, 14.30, 79704, 926, 0, 0
2509, 0, 984, 990, 282, 0, 28.43%, 0, 0, 7, 14.28, 79781, 926, 0, 0
2514, 0, 608, 991, 282, 0, 28.43%, 0, 0, 8, 14.73, 79855, 926, 0, 0
2519, 0, 71, 991, 279, 0, 28.43%, 0, 0, 8, 28.57, 80059, 926, 0, 0
2524, 0, 969, 991, 278, 0, 28.43%, 0, 0, 8, 20.84, 80159, 926, 0, 0
2529, 0, 969, 1002, 288, 0, 28.46%, 0, 0, 8, 23.69, 80275, 927, 0, 0
2535, 0, 969, 1014, 300, 0, 28.46%, 0, 0, 8, 23.36, 80395, 927, 0, 0
2540, 0, 969, 1026, 312, 0, 28.49%, 0, 0, 8, 24.68, 80519, 928, 0, 0
2545, 0, 969, 1039, 325, 0, 28.49%, 0, 0, 8, 27.75, 80669, 928, 0, 0
2551, 0, 969, 1052, 338, 0, 28.49%, 0, 0, 8, 26.64, 80813, 928, 0, 0
2556, 0, 969, 1063, 349, 0, 28.49%, 0, 0, 8, 26.18, 80942, 928, 0, 0
2561, 0, 969, 1073, 359, 0, 28.49%, 0, 0, 8, 25.81, 81061, 928, 0, 0
2566, 0, 969, 1084, 370, 0, 28.49%, 0, 0, 8, 24.42, 81176, 928, 0, 0
2572, 0, 969, 1093, 379, 0, 28.49%, 0, 0, 8, 23.93, 81287, 928, 0, 0
2577, 0, 969, 1104, 390, 0, 28.49%, 0, 0, 8, 23.20, 81400, 928, 0, 0
2583, 0, 969, 1114, 400, 0, 28.49%, 0, 0, 8, 23.36, 81516, 928, 0, 0
2588, 0, 969, 1123, 409, 0, 28.49%, 0, 0, 8, 21.80, 81607, 928, 0, 0
2593, 0, 969, 1129, 415, 0, 28.49%, 0, 0, 8, 20.22, 81686, 928, 0, 0
2598, 0, 969, 1138, 424, 0, 28.49%, 0, 0, 8, 19.07, 81780, 928, 0, 0
2603, 0, 996, 1144, 430, 3, 28.49%, 0, 0, 8, 25.86, 81921, 928, 0, 0
2608, 0, 996, 1144, 430, 3, 28.49%, 0, 0, 8, 38.92, 82132, 928, 0, 0
2614, 0, 996, 1144, 430, 3, 28.49%, 0, 0, 8, 42.91, 82357, 928, 0, 0
2620, 0, 1003, 1144, 427, 2, 28.49%, 0, 0, 8, 40.62, 82623, 928, 0, 0
2625, 0, 1023, 1144, 426, 1, 28.49%, 0, 0, 8, 36.74, 82807, 928, 0, 0
2630, 0, 1023, 1144, 426, 1, 28.49%, 0, 0, 8, 34.66, 82982, 928, 0, 0
2635, 0, 1023, 1144, 426, 1, 28.49%, 0, 0, 8, 34.48, 83157, 928, 0, 0
2640, 0, 1023, 1145, 427, 1, 28.49%, 0, 0, 8, 32.60, 83318, 928, 0, 0
2646, 0, 827, 1145, 426, 0, 28.49%, 0, 0, 8, 26.30, 83431, 928, 0, 0
2652, 0, 834, 1145, 425, 0, 28.49%, 0, 0, 8, 24.64, 83581, 928, 0, 0
2657, 0, 798, 1145, 424, 0, 28.49%, 0, 0, 8, 29.04, 83750, 928, 0, 0
2664, 0, 1118, 1145, 424, 0, 28.49%, 0, 0, 8, 24.45, 83908, 928, 0, 0
2669, 0, 993, 1145, 423, 0, 28.49%, 0, 0, 8, 17.56, 83996, 928, 0, 0
2674, 0, 993, 1145, 423, 0, 28.49%, 0, 0, 8, 14.62, 84066, 928, 0, 0
2679, 0, 993, 1145, 423, 0, 28.49%, 0, 0, 8, 13.71, 84131, 928, 0, 0
2685, 0, 1091, 1145, 422, 0, 28.49%, 0, 0, 8, 27.85, 84301, 928, 0, 0
2690, 0, 1091, 1145, 422, 0, 28.49%, 0, 0, 8, 17.59, 84375, 928, 0, 0
2695, 0, 1091, 1145, 422, 0, 28.49%, 0, 0, 8, 14.63, 84448, 928, 0, 0
2700, 0, 1091, 1145, 422, 0, 28.49%, 0, 0, 8, 15.25, 84526, 928, 0, 0
2705, 0, 1091, 1145, 422, 0, 28.49%, 0, 0, 8, 14.54, 84596, 928, 0, 0
2710, 0, 1091, 1145, 422, 0, 28.49%, 0, 0, 8, 14.65, 84671, 928, 0, 0
2716, 0, 1091, 1145, 422, 0, 28.49%, 0, 0, 8, 14.81, 84760, 928, 0, 0
2721, 0, 957, 1145, 421, 0, 28.49%, 0, 0, 8, 17.97, 84857, 928, 0, 0
2726, 0, 957, 1145, 421, 0, 28.49%, 0, 0, 8, 18.25, 84951, 928, 0, 0
2731, 0, 1030, 1145, 420, 0, 28.49%, 0, 0, 8, 30.07, 85118, 928, 0, 0
2736, 0, 1030, 1145, 420, 0, 28.49%, 0, 0, 8, 32.68, 85286, 928, 0, 0
2741, 0, 1030, 1145, 420, 0, 28.49%, 0, 0, 8, 32.88, 85455, 928, 0, 0
2746, 0, 390, 1146, 418, 0, 28.49%, 0, 0, 8, 30.91, 85605, 928, 0, 0
2751, 0, 1052, 1146, 418, 0, 28.49%, 0, 0, 8, 33.29, 85772, 928, 0, 0
2756, 0, 1052, 1146, 418, 0, 28.49%, 0, 0, 8, 28.15, 85910, 928, 0, 0
2762, 0, 777, 1147, 418, 0, 28.49%, 0, 0, 8, 25.70, 86052, 928, 0, 0
2767, 0, 366, 1147, 418, 0, 28.49%, 0, 0, 8, 34.07, 86240, 928, 0, 0
2773, 0, 1080, 1147, 416, 0, 28.49%, 0, 0, 8, 32.46, 86412, 928, 0, 0
2778, 0, 720, 1147, 413, 0, 28.49%, 0, 0, 8, 32.26, 86581, 928, 0, 0
2783, 0, 1063, 1147, 411, 0, 28.49%, 0, 0, 8, 29.49, 86734, 928, 0, 0
2788, 0, 1063, 1147, 411, 0, 28.49%, 0, 0, 8, 27.96, 86878, 928, 0, 0
2793, 0, 1063, 1147, 411, 0, 28.49%, 0, 0, 8, 27.39, 87016, 928, 0, 0
2798, 0, 1063, 1147, 411, 0, 28.49%, 0, 0, 8, 27.29, 87153, 928, 0, 0
2804, 0, 1063, 1147, 411, 0, 28.49%, 0, 0, 8, 27.50, 87313, 928, 0, 0
2809, 0, 454, 1147, 409, 0, 28.49%, 0, 0, 8, 27.35, 87453, 928, 0, 0
2815, 0, 1015, 1147, 409, 0, 28.49%, 0, 0, 8, 37.28, 87659, 928, 0, 0
2820, 0, 1015, 1147, 409, 0, 28.49%, 0, 0, 8, 36.83, 87847, 928, 0, 0
2825, 0, 810, 1147, 407, 0, 28.49%, 0, 0, 8, 31.69, 88010, 928, 0, 0
2830, 0, 1045, 1147, 406, 0, 28.49%, 0, 0, 8, 31.87, 88148, 928, 0, 0
2835, 0, 1045, 1147, 406, 0, 28.49%, 0, 0, 8, 35.03, 88311, 928, 0, 0
2840, 0, 1045, 1147, 406, 0, 28.49%, 0, 0, 8, 40.27, 88525, 928, 0, 0
2845, 0, 1045, 1147, 406, 0, 28.49%, 0, 0, 8, 41.41, 88741, 928, 0, 0
2850, 0, 1045, 1147, 406, 0, 28.49%, 0, 0, 8, 41.59, 88957, 928, 0, 0
2857, 0, 1045, 1147, 406, 0, 28.49%, 0, 0, 8, 41.59, 89246, 928, 0, 0
2862, 0, 689, 1147, 404, 0, 28.49%, 0, 0, 8, 36.18, 89412, 928, 0, 0
2868, 0, 1135, 1147, 404, 0, 28.49%, 0, 0, 8, 29.82, 89559, 928, 0, 0
2873, 0, 1135, 1147, 404, 0, 28.49%, 0, 0, 8, 19.61, 89643, 928, 0, 0
2878, 0, 1135, 1147, 404, 0, 28.49%, 0, 0, 8, 16.99, 89726, 928, 0, 0
2883, 0, 1135, 1147, 404, 0, 28.49%, 0, 0, 8, 16.14, 89806, 928, 0, 0
2888, 0, 1135, 1147, 404, 0, 28.49%, 0, 0, 8, 15.75, 89887, 928, 0, 0
2893, 0, 1135, 1147, 404, 0, 28.49%, 0, 0, 8, 16.01, 89970, 928, 0, 0
2899, 0, 1135, 1147, 404, 0, 28.49%, 0, 0, 8, 16.01, 90054, 928, 0, 0
2904, 0, 1135, 1147, 404, 0, 28.49%, 0, 0, 8, 15.75, 90135, 928, 0, 0
2909, 0, 1135, 1147, 404, 0, 28.49%, 0, 0, 8, 15.84, 90219, 928, 0, 0
2914, 0, 793, 1147, 403, 0, 28.49%, 0, 0, 8, 23.73, 90367, 928, 0, 0
2919, 0, 811, 1147, 402, 0, 28.49%, 0, 0, 8, 32.30, 90536, 928, 0, 0
2924, 0, 1007, 1147, 401, 0, 28.49%, 0, 0, 8, 32.84, 90723, 928, 0, 0
2929, 0, 1073, 1147, 398, 0, 28.49%, 0, 0, 8, 31.16, 90887, 928, 0, 0
2935, 0, 1073, 1147, 398, 0, 28.49%, 0, 0, 8, 26.78, 91013, 928, 0, 0
2940, 0, 1073, 1147, 398, 0, 28.49%, 0, 0, 8, 28.89, 91153, 928, 0, 0
2945, 0, 1073, 1147, 398, 0, 28.49%, 0, 0, 8, 23.98, 91269, 928, 0, 0
2950, 0, 1073, 1147, 398, 0, 28.49%, 0, 0, 8, 22.21, 91379, 928, 0, 0
2955, 0, 1073, 1147, 398, 0, 28.49%, 0, 0, 8, 22.35, 91494, 928, 0, 0
2960, 0, 1073, 1147, 398, 0, 28.49%, 0, 0, 8, 22.58, 91609, 928, 0, 0
2965, 0, 1073, 1147, 398, 0, 28.49%, 0, 0, 8, 22.58, 91724, 928, 0, 0
2970, 0, 1144, 1147, 397, 0, 28.49%, 0, 0, 8, 26.50, 91851, 928, 0, 0
2976, 0, 1144, 1147, 397, 0, 28.49%, 0, 0, 8, 31.80, 92023, 928, 0, 0
2981, 0, 1144, 1147, 397, 0, 28.49%, 0, 0, 8, 33.74, 92198, 928, 0, 0
2986, 0, 1144, 1147, 397, 0, 28.49%, 0, 0, 8, 33.73, 92385, 928, 0, 0
2991, 0, 1105, 1147, 396, 0, 28.49%, 0, 0, 8, 23.72, 92471, 928, 0, 0
2997, 0, 545, 1147, 395, 0, 28.49%, 0, 0, 8, 21.98, 92578, 928, 0, 0
3002, 0, 967, 1147, 395, 0, 28.49%, 0, 0, 8, 34.11, 92771, 928, 0, 0
3007, 0, 1081, 1147, 394, 0, 28.49%, 0, 0, 8, 33.07, 92918, 928, 0, 0
3012, 0, 410, 1147, 392, 0, 28.49%, 0, 0, 8, 33.23, 93079, 928, 0, 0
3017, 0, 614, 1147, 390, 0, 28.49%, 0, 0, 8, 34.99, 93257, 928, 0, 0
3022, 0, 962, 1147, 390, 0, 28.49%, 0, 0, 8, 24.76, 93340, 928, 0, 0
3027, 0, 962, 1147, 390, 0, 28.49%, 0, 0, 8, 18.75, 93428, 928, 0, 0
3032, 0, 962, 1147, 390, 0, 28.49%, 0, 0, 8, 17.56, 93516, 928, 0, 0
3038, 0, 962, 1147, 390, 0, 28.49%, 0, 0, 8, 16.61, 93599, 928, 0, 0
3043, 0, 1083, 1147, 390, 0, 28.49%, 0, 0, 8, 27.07, 93774, 928, 0, 0
3048, 0, 1083, 1147, 390, 0, 28.49%, 0, 0, 8, 27.46, 93912, 928, 0, 0
3053, 0, 1083, 1147, 390, 0, 28.49%, 0, 0, 8, 27.93, 94052, 928, 0, 0
3058, 0, 620, 1147, 389, 0, 28.49%, 0, 0, 8, 30.06, 94200, 928, 0, 0
3064, 0, 1069, 1147, 388, 0, 28.49%, 0, 0, 8, 36.36, 94402, 928, 0, 0
3070, 0, 1069, 1147, 388, 0, 28.49%, 0, 0, 8, 36.21, 94632, 928, 0, 0
3075, 0, 1069, 1147, 388, 0, 28.49%, 0, 0, 8, 36.16, 94815, 928, 0, 0
3080, 0, 1069, 1147, 388, 0, 28.49%, 0, 0, 8, 36.10, 94999, 928, 0, 0
3085, 0, 1069, 1147, 388, 0, 28.49%, 0, 0, 8, 36.22, 95182, 928, 0, 0
3090, 0, 1069, 1147, 388, 0, 28.49%, 0, 0, 8, 35.52, 95359, 928, 0, 0
3095, 0, 1069, 1147, 388, 0, 28.49%, 0, 0, 8, 36.04, 95542, 928, 0, 0
3100, 0, 1069, 1147, 388, 0, 28.49%, 0, 0, 8, 33.67, 95716, 928, 0, 0
3105, 0, 861, 1147, 387, 0, 28.49%, 0, 0, 8, 25.41, 95852, 928, 0, 0
3110, 0, 861, 1147, 387, 0, 28.49%, 0, 0, 8, 18.41, 95936, 928, 0, 0
3116, 0, 824, 1147, 385, 0, 28.49%, 0, 0, 8, 21.77, 96083, 928, 0, 0
3121, 0, 824, 1147, 385, 0, 28.49%, 0, 0, 8, 21.27, 96191, 928, 0, 0
3126, 0, 824, 1147, 385, 0, 28.49%, 0, 0, 8, 20.88, 96300, 928, 0, 0
3131, 0, 824, 1147, 385, 0, 28.49%, 0, 0, 8, 20.88, 96408, 928, 0, 0
3136, 0, 824, 1147, 385, 0, 28.49%, 0, 0, 8, 21.05, 96518, 928, 0, 0
3141, 0, 824, 1147, 385, 0, 28.49%, 0, 0, 8, 21.10, 96627, 928, 0, 0
3147, 0, 824, 1147, 385, 0, 28.49%, 0, 0, 8, 20.94, 96736, 928, 0, 0
3152, 0, 911, 1147, 384, 0, 28.49%, 0, 0, 8, 21.49, 96848, 928, 0, 0
3157, 0, 911, 1147, 384, 0, 28.49%, 0, 0, 8, 21.83, 96958, 928, 0, 0
3162, 0, 911, 1147, 384, 0, 28.49%, 0, 0, 8, 21.86, 97068, 928, 0, 0
3167, 0, 911, 1147, 384, 0, 28.49%, 0, 0, 8, 20.43, 97173, 928, 0, 0
3173, 0, 684, 1147, 384, 0, 28.49%, 0, 0, 8, 32.35, 97375, 928, 0, 0
3179, 0, 973, 1147, 383, 0, 28.49%, 0, 0, 8, 27.69, 97546, 928, 0, 0
3184, 0, 973, 1147, 383, 0, 28.49%, 0, 0, 8, 28.28, 97691, 928, 0, 0
3190, 0, 973, 1147, 383, 0, 28.49%, 0, 0, 8, 29.77, 97849, 928, 0, 0
3195, 0, 1028, 1147, 382, 0, 28.49%, 0, 0, 8, 30.55, 98002, 928, 0, 0
3200, 0, 1028, 1147, 382, 0, 28.49%, 0, 0, 8, 25.31, 98127, 928, 0, 0
3205, 0, 1028, 1147, 382, 0, 28.49%, 0, 0, 8, 24.26, 98252, 928, 0, 0
3210, 0, 1028, 1147, 382, 0, 28.49%, 0, 0, 8, 24.32, 98377, 928, 0, 0
3215, 0, 1028, 1147, 382, 0, 28.49%, 0, 0, 8, 24.36, 98502, 928, 0, 0
3221, 0, 1028, 1147, 382, 0, 28.49%, 0, 0, 8, 24.26, 98627, 928, 0, 0
3226, 0, 1028, 1147, 382, 0, 28.49%, 0, 0, 8, 24.28, 98752, 928, 0, 0
3232, 0, 1028, 1147, 382, 0, 28.49%, 0, 0, 8, 24.32, 98907, 928, 0, 0
3237, 0, 759, 1147, 381, 0, 28.49%, 0, 0, 8, 27.08, 99053, 928, 0, 0
3242, 0, 1096, 1147, 380, 0, 28.49%, 0, 0, 8, 26.01, 99194, 928, 0, 0
3247, 0, 1096, 1147, 380, 0, 28.49%, 0, 0, 8, 18.90, 99276, 928, 0, 0
3252, 0, 1096, 1147, 380, 0, 28.49%, 0, 0, 8, 17.08, 99357, 928, 0, 0
3257, 0, 1096, 1147, 380, 0, 28.49%, 0, 0, 8, 16.01, 99438, 928, 0, 0
3263, 0, 1096, 1147, 380, 0, 28.49%, 0, 0, 8, 15.24, 99515, 928, 0, 0
3268, 0, 1096, 1147, 380, 0, 28.49%, 0, 0, 8, 14.21, 99587, 928, 0, 0
3273, 0, 1096, 1147, 380, 0, 28.49%, 0, 0, 8, 14.61, 99662, 928, 0, 0
3278, 0, 1096, 1147, 380, 0, 28.49%, 0, 0, 8, 14.58, 99737, 928, 0, 0
3283, 0, 1096, 1147, 380, 0, 28.49%, 0, 0, 8, 14.76, 99812, 928, 0, 0
3288, 0, 1096, 1147, 380, 0, 28.49%, 0, 0, 8, 14.90, 99889, 928, 0, 0
3293, 0, 1096, 1147, 380, 0, 28.49%, 0, 0, 8, 14.78, 99964, 928, 0, 0
3298, 0, 1096, 1147, 380, 0, 28.49%, 0, 0, 8, 14.75, 100039, 928, 0, 0
3305, 0, 1096, 1147, 380, 0, 28.49%, 0, 0, 8, 14.66, 100131, 928, 0, 0
3310, 0, 673, 1147, 379, 0, 28.49%, 0, 0, 8, 31.71, 100328, 928, 0, 0
3315, 0, 821, 1147, 378, 0, 28.49%, 0, 0, 8, 29.92, 100461, 928, 0, 0
3320, 0, 789, 1147, 377, 0, 28.49%, 0, 0, 8, 23.71, 100570, 928, 0, 0
3325, 0, 846, 1147, 377, 0, 28.49%, 0, 0, 8, 25.39, 100694, 928, 0, 0
3331, 0, 1109, 1147, 376, 0, 28.49%, 0, 0, 8, 31.37, 100914, 928, 0, 0
3336, 0, 1065, 1147, 375, 0, 28.49%, 0, 0, 8, 29.71, 101081, 928, 0, 0
3342, 0, 1065, 1147, 375, 0, 28.49%, 0, 0, 8, 18.64, 101159, 928, 0, 0
3347, 0, 1065, 1147, 375, 0, 28.49%, 0, 0, 8, 16.85, 101257, 928, 0, 0
3352, 0, 1065, 1147, 375, 0, 28.49%, 0, 0, 8, 16.05, 101340, 928, 0, 0
3357, 0, 1065, 1147, 375, 0, 28.49%, 0, 0, 8, 15.06, 101416, 928, 0, 0
3362, 0, 1065, 1147, 375, 0, 28.49%, 0, 0, 8, 14.95, 101492, 928, 0, 0
3367, 0, 1065, 1147, 375, 0, 28.49%, 0, 0, 8, 14.83, 101568, 928, 0, 0
3372, 0, 1065, 1147, 375, 0, 28.49%, 0, 0, 8, 14.94, 101643, 928, 0, 0
3377, 0, 1065, 1147, 375, 0, 28.49%, 0, 0, 8, 14.87, 101720, 928, 0, 0
3383, 0, 1065, 1147, 375, 0, 28.49%, 0, 0, 8, 14.71, 101795, 928, 0, 0
3388, 0, 1065, 1147, 375, 0, 28.49%, 0, 0, 8, 14.09, 101866, 928, 0, 0
3393, 0, 881, 1147, 374, 0, 28.49%, 0, 0, 8, 23.38, 102008, 928, 0, 0
3398, 0, 935, 1147, 373, 0, 28.49%, 0, 0, 8, 33.24, 102209, 928, 0, 0
3403, 0, 1071, 1147, 372, 0, 28.49%, 0, 0, 8, 34.76, 102397, 928, 0, 0
3408, 0, 1071, 1147, 372, 0, 28.49%, 0, 0, 8, 36.06, 102581, 928, 0, 0
3413, 0, 222, 1147, 371, 0, 28.49%, 0, 0, 8, 34.95, 102759, 928, 0, 0
3418, 0, 1098, 1147, 371, 0, 28.49%, 0, 0, 8, 22.32, 102857, 928, 0, 0
3423, 0, 1098, 1147, 371, 0, 28.49%, 0, 0, 8, 20.07, 102956, 928, 0, 0
3428, 0, 1098, 1147, 371, 0, 28.49%, 0, 0, 8, 19.49, 103055, 928, 0, 0
3433, 0, 1098, 1147, 371, 0, 28.49%, 0, 0, 8, 19.37, 103150, 928, 0, 0
3439, 0, 1098, 1147, 371, 0, 28.49%, 0, 0, 8, 19.69, 103251, 928, 0, 0
3444, 0, 1098, 1147, 371, 0, 28.49%, 0, 0, 8, 18.24, 103347, 928, 0, 0
3449, 0, 1098, 1147, 371, 0, 28.49%, 0, 0, 8, 18.20, 103435, 928, 0, 0
3454, 0, 1098, 1147, 371, 0, 28.49%, 0, 0, 8, 19.75, 103538, 928, 0, 0
3459, 0, 1098, 1147, 371, 0, 28.49%, 0, 0, 8, 20.13, 103642, 928, 0, 0
3464, 0, 1098, 1147, 371, 0, 28.49%, 0, 0, 8, 20.17, 103744, 928, 0, 0
3469, 0, 1098, 1147, 371, 0, 28.49%, 0, 0, 8, 20.24, 103847, 928, 0, 0
3474, 0, 1098, 1147, 371, 0, 28.49%, 0, 0, 8, 17.84, 103934, 928, 0, 0
3479, 0, 954, 1147, 370, 0, 28.49%, 0, 0, 8, 16.99, 104020, 928, 0, 0
3484, 0, 954, 1147, 370, 0, 28.49%, 0, 0, 8, 16.16, 104100, 928, 0, 0
3490, 0, 954, 1147, 370, 0, 28.49%, 0, 0, 8, 15.74, 104183, 928, 0, 0
3495, 0, 954, 1147, 370, 0, 28.49%, 0, 0, 8, 15.34, 104260, 928, 0, 0
3501, 0, 822, 1147, 369, 0, 28.49%, 0, 0, 8, 18.44, 104413, 928, 0, 0
3506, 0, 822, 1147, 369, 0, 28.49%, 0, 0, 8, 34.84, 104614, 928, 0, 0
3512, 0, 822, 1147, 369, 0, 28.49%, 0, 0, 8, 38.24, 104814, 928, 0, 0
3517, 0, 822, 1147, 369, 0, 28.49%, 0, 0, 8, 35.70, 104995, 928, 0, 0
3523, 0, 46, 1147, 368, 0, 28.49%, 0, 0, 8, 30.33, 105165, 928, 0, 0
3528, 0, 720, 1147, 367, 0, 28.49%, 0, 0, 8, 31.00, 105337, 928, 0, 0
3533, 0, 931, 1147, 367, 0, 28.49%, 0, 0, 8, 29.65, 105476, 928, 0, 0
3538, 0, 931, 1147, 367, 0, 28.49%, 0, 0, 8, 30.55, 105630, 928, 0, 0
3543, 0, 931, 1147, 367, 0, 28.49%, 0, 0, 8, 30.16, 105783, 928, 0, 0
3548, 0, 931, 1147, 367, 0, 28.49%, 0, 0, 8, 29.75, 105933, 928, 0, 0
3553, 0, 669, 1147, 366, 0, 28.49%, 0, 0, 8, 28.51, 106075, 928, 0, 0
3558, 0, 669, 1147, 366, 0, 28.49%, 0, 0, 8, 28.66, 106223, 928, 0, 0
3563, 0, 669, 1147, 366, 0, 28.49%, 0, 0, 8, 28.25, 106367, 928, 0, 0
3569, 0, 669, 1147, 366, 0, 28.49%, 0, 0, 8, 27.82, 106511, 928, 0, 0
3574, 0, 669, 1147, 366, 0, 28.49%, 0, 0, 8, 27.77, 106651, 928, 0, 0
3579, 0, 901, 1147, 365, 0, 28.49%, 0, 0, 8, 30.72, 106806, 928, 0, 0
3584, 0, 1133, 1147, 365, 0, 28.49%, 0, 0, 8, 32.65, 106994, 928, 0, 0
3589, 0, 1133, 1147, 365, 0, 28.49%, 0, 0, 8, 21.13, 107086, 928, 0, 0
3594, 0, 1133, 1147, 365, 0, 28.49%, 0, 0, 8, 18.36, 107178, 928, 0, 0
3601, 0, 1133, 1147, 365, 0, 28.49%, 0, 0, 8, 17.80, 107290, 928, 0, 0
3606, 0, 1133, 1147, 365, 0, 28.49%, 0, 0, 8, 17.72, 107382, 928, 0, 0
3611, 0, 1133, 1147, 365, 0, 28.49%, 0, 0, 8, 17.54, 107470, 928, 0, 0
3616, 0, 1133, 1147, 365, 0, 28.49%, 0, 0, 8, 17.52, 107558, 928, 0, 0
3621, 0, 1133, 1147, 365, 0, 28.49%, 0, 0, 8, 17.51, 107646, 928, 0, 0
3626, 0, 1133, 1147, 365, 0, 28.49%, 0, 0, 8, 17.52, 107734, 928, 0, 0
3631, 0, 1133, 1147, 365, 0, 28.49%, 0, 0, 8, 17.00, 107821, 928, 0, 0
3637, 0, 1133, 1147, 365, 0, 28.49%, 0, 0, 8, 16.96, 107909, 928, 0, 0
3642, 0, 1133, 1147, 365, 0, 28.49%, 0, 0, 8, 16.82, 107997, 928, 0, 0
3647, 0, 1133, 1147, 365, 0, 28.49%, 0, 0, 8, 16.84, 108081, 928, 0, 0
3652, 0, 1133, 1147, 365, 0, 28.49%, 0, 0, 8, 16.65, 108165, 928, 0, 0
3657, 0, 1133, 1147, 365, 0, 28.49%, 0, 0, 8, 16.74, 108249, 928, 0, 0
3662, 0, 1133, 1147, 365, 0, 28.49%, 0, 0, 8, 17.04, 108337, 928, 0, 0
3667, 0, 734, 1147, 364, 0, 28.49%, 0, 0, 8, 17.18, 108425, 928, 0, 0
3672, 0, 763, 1147, 363, 0, 28.49%, 0, 0, 8, 30.06, 108583, 928, 0, 0
3677, 0, 315, 1147, 362, 0, 28.49%, 0, 0, 8, 27.53, 108718, 928, 0, 0
3683, 0, 1072, 1147, 362, 0, 28.49%, 0, 0, 8, 20.73, 108829, 928, 0, 0
3689, 0, 1072, 1147, 362, 0, 28.49%, 0, 0, 8, 17.34, 108931, 928, 0, 0
3694, 0, 1072, 1147, 362, 0, 28.49%, 0, 0, 8, 15.51, 109008, 928, 0, 0
3699, 0, 1072, 1147, 362, 0, 28.49%, 0, 0, 8, 14.97, 109083, 928, 0, 0
3704, 0, 1072, 1147, 362, 0, 28.49%, 0, 0, 8, 14.77, 109158, 928, 0, 0
3709, 0, 1072, 1147, 362, 0, 28.49%, 0, 0, 8, 14.63, 109233, 928, 0, 0
3714, 0, 488, 1147, 360, 0, 28.49%, 0, 0, 8, 19.30, 109370, 928, 0, 0
3719, 0, 1138, 1147, 359, 0, 28.49%, 0, 0, 8, 20.73, 109491, 928, 0, 0
3724, 0, 1138, 1147, 359, 0, 28.49%, 0, 0, 8, 14.99, 109558, 928, 0, 0
3730, 0, 1138, 1147, 359, 0, 28.49%, 0, 0, 8, 14.50, 109627, 928, 0, 0
3735, 0, 1138, 1147, 359, 0, 28.49%, 0, 0, 8, 14.04, 109700, 928, 0, 0
3740, 0, 1138, 1147, 359, 0, 28.49%, 0, 0, 8, 13.57, 109768, 928, 0, 0
3745, 0, 1138, 1147, 359, 0, 28.49%, 0, 0, 8, 13.41, 109835, 928, 0, 0
3750, 0, 1138, 1147, 359, 0, 28.49%, 0, 0, 8, 13.22, 109901, 928, 0, 0
3755, 0, 1138, 1147, 359, 0, 28.49%, 0, 0, 8, 13.26, 109968, 928, 0, 0
3760, 0, 1138, 1147, 359, 0, 28.49%, 0, 0, 8, 12.61, 110033, 928, 0, 0
3765, 0, 1000, 1147, 357, 0, 28.49%, 0, 0, 8, 23.65, 110179, 928, 0, 0
3770, 0, 1000, 1147, 357, 0, 28.49%, 0, 0, 8, 20.96, 110281, 928, 0, 0
3776, 0, 1000, 1147, 357, 0, 28.49%, 0, 0, 8, 18.63, 110373, 928, 0, 0
3781, 0, 1086, 1147, 356, 0, 28.49%, 0, 0, 8, 26.60, 110522, 928, 0, 0
3786, 0, 1086, 1147, 356, 0, 28.49%, 0, 0, 8, 27.63, 110669, 928, 0, 0
3791, 0, 1086, 1147, 356, 0, 28.49%, 0, 0, 8, 26.17, 110800, 928, 0, 0
3796, 0, 1086, 1147, 356, 0, 28.49%, 0, 0, 8, 25.29, 110929, 928, 0, 0
3801, 0, 1086, 1147, 356, 0, 28.49%, 0, 0, 8, 24.67, 111055, 928, 0, 0
3806, 0, 1086, 1147, 356, 0, 28.49%, 0, 0, 8, 25.00, 111186, 928, 0, 0
3812, 0, 1086, 1147, 356, 0, 28.49%, 0, 0, 8, 24.98, 111315, 928, 0, 0
3817, 0, 514, 1147, 354, 0, 28.49%, 0, 0, 8, 31.51, 111486, 928, 0, 0
3822, 0, 886, 1147, 354, 0, 28.49%, 0, 0, 8, 37.97, 111700, 928, 0, 0
3827, 0, 870, 1151, 357, 0, 28.49%, 0, 0, 8, 32.45, 111845, 928, 0, 0
3832, 0, 870, 1162, 368, 0, 28.49%, 0, 0, 8, 29.37, 111965, 928, 0, 0
3838, 0, 870, 1171, 377, 0, 28.49%, 0, 0, 8, 25.46, 112060, 928, 0, 0
3843, 0, 870, 1180, 386, 0, 28.49%, 0, 0, 8, 23.00, 112162, 928, 0, 0
3848, 0, 1014, 1181, 387, 0, 28.49%, 0, 0, 8, 22.95, 112270, 928, 0, 0
3853, 0, 1014, 1181, 387, 0, 28.49%, 0, 0, 8, 22.22, 112387, 928, 0, 0
3858, 0, 458, 1181, 386, 0, 28.49%, 0, 0, 8, 27.73, 112560, 928, 0, 0
3863, 0, 1178, 1181, 386, 0, 28.49%, 0, 0, 8, 29.02, 112740, 928, 0, 0
3870, 0, 1178, 1181, 386, 0, 28.49%, 0, 0, 8, 17.48, 112836, 928, 0, 0
3875, 0, 1035, 1181, 385, 0, 28.49%, 0, 0, 8, 32.58, 113011, 928, 0, 0
3882, 0, 1035, 1181, 385, 0, 28.49%, 0, 0, 8, 36.61, 113255, 928, 0, 0
3887, 0, 870, 1181, 383, 0, 28.49%, 0, 0, 8, 38.81, 113459, 928, 0, 0
3892, 0, 976, 1181, 382, 0, 28.49%, 0, 0, 8, 34.03, 113603, 928, 0, 0
3897, 0, 1147, 1181, 381, 0, 28.49%, 0, 0, 8, 33.38, 113795, 928, 0, 0
3902, 0, 1147, 1181, 381, 0, 28.49%, 0, 0, 8, 24.72, 113899, 928, 0, 0
3907, 0, 557, 1181, 379, 0, 28.49%, 0, 0, 8, 27.78, 114041, 928, 0, 0
3912, 0, 708, 1181, 379, 0, 28.49%, 0, 0, 8, 29.46, 114196, 928, 0, 0
3917, 0, 1142, 1181, 378, 0, 28.49%, 0, 0, 8, 19.72, 114279, 928, 0, 0
3923, 0, 1142, 1181, 378, 0, 28.49%, 0, 0, 8, 18.86, 114372, 928, 0, 0
3928, 0, 1142, 1181, 378, 0, 28.49%, 0, 0, 8, 21.27, 114487, 928, 0, 0
3933, 0, 1142, 1181, 378, 0, 28.49%, 0, 0, 8, 20.31, 114594, 928, 0, 0
3938, 0, 1142, 1181, 378, 0, 28.49%, 0, 0, 8, 17.32, 114684, 928, 0, 0
3943, 0, 1142, 1181, 378, 0, 28.49%, 0, 0, 8, 15.71, 114761, 928, 0, 0
3949, 0, 1142, 1181, 378, 0, 28.49%, 0, 0, 8, 15.23, 114840, 928, 0, 0
3954, 0, 1142, 1181, 378, 0, 28.49%, 0, 0, 8, 15.13, 114916, 928, 0, 0
3959, 0, 1142, 1181, 378, 0, 28.49%, 0, 0, 8, 14.93, 114994, 928, 0, 0
3964, 0, 1142, 1181, 378, 0, 28.49%, 0, 0, 8, 17.27, 115101, 928, 0, 0
3971, 0, 1154, 1181, 377, 0, 28.49%, 0, 0, 8, 24.21, 115279, 928, 0, 0
3977, 0, 1066, 1181, 376, 0, 28.49%, 0, 0, 8, 30.38, 115440, 928, 0, 0
3982, 0, 1066, 1181, 376, 0, 28.49%, 0, 0, 8, 30.31, 115592, 928, 0, 0
3987, 0, 1066, 1181, 376, 0, 28.49%, 0, 0, 8, 30.48, 115751, 928, 0, 0
3992, 0, 967, 1181, 375, 0, 28.49%, 0, 0, 8, 28.59, 115896, 928, 0, 0
3997, 0, 1027, 1181, 375, 0, 28.49%, 0, 0, 8, 31.49, 116059, 928, 0, 0
4004, 0, 1027, 1181, 375, 0, 28.49%, 0, 0, 8, 29.76, 116283, 928, 0, 0
4009, 0, 966, 1181, 374, 0, 28.49%, 0, 0, 8, 33.15, 116457, 928, 0, 0
4014, 0, 387, 1181, 373, 0, 28.49%, 0, 0, 8, 36.99, 116652, 928, 0, 0
4020, 0, 1108, 1181, 372, 0, 28.49%, 0, 0, 8, 28.49, 116789, 928, 0, 0
4025, 0, 1108, 1181, 372, 0, 28.49%, 0, 0, 8, 26.62, 116924, 928, 0, 0
4030, 0, 915, 1181, 371, 0, 28.49%, 0, 0, 8, 31.62, 117079, 928, 0, 0
4035, 0, 118, 1181, 369, 0, 28.49%, 0, 0, 8, 33.13, 117246, 928, 0, 0
4041, 0, 992, 1181, 369, 0, 28.49%, 0, 0, 8, 35.85, 117474, 928, 0, 0
4046, 0, 829, 1181, 367, 0, 28.49%, 0, 0, 8, 30.14, 117626, 928, 0, 0
4051, 0, 71, 1181, 365, 0, 28.49%, 0, 0, 8, 24.50, 117742, 928, 0, 0
4056, 0, 1025, 1181, 363, 0, 28.49%, 0, 0, 8, 24.06, 117873, 928, 0, 0
4061, 0, 1025, 1181, 363, 0, 28.49%, 0, 0, 8, 16.57, 117944, 928, 0, 0
4066, 0, 1025, 1181, 363, 0, 28.49%, 0, 0, 8, 14.32, 118015, 928, 0, 0
4071, 0, 1025, 1181, 363, 0, 28.49%, 0, 0, 8, 13.92, 118084, 928, 0, 0
4077, 0, 1025, 1181, 363, 0, 28.49%, 0, 0, 8, 14.01, 118156, 928, 0, 0
4082, 0, 1025, 1181, 363, 0, 28.49%, 0, 0, 8, 14.11, 118229, 928, 0, 0
4087, 0, 1025, 1181, 363, 0, 28.49%, 0, 0, 8, 13.97, 118301, 928, 0, 0
4092, 0, 1025, 1181, 363, 0, 28.49%, 0, 0, 8, 13.73, 118370, 928, 0, 0
4097, 0, 1025, 1181, 363, 0, 28.49%, 0, 0, 8, 13.34, 118439, 928, 0, 0
4102, 0, 1025, 1181, 363, 0, 28.49%, 0, 0, 8, 12.63, 118502, 928, 0, 0
4107, 0, 1025, 1181, 363, 0, 28.49%, 0, 0, 8, 12.44, 118565, 928, 0, 0
4112, 0, 649, 1181, 362, 0, 28.49%, 0, 0, 8, 17.76, 118655, 928, 0, 0
4118, 0, 953, 1181, 362, 0, 28.49%, 0, 0, 8, 18.29, 118755, 928, 0, 0
4123, 0, 953, 1181, 362, 0, 28.49%, 0, 0, 8, 17.46, 118841, 928, 0, 0
4128, 0, 953, 1181, 362, 0, 28.49%, 0, 0, 8, 16.18, 118923, 928, 0, 0
4133, 0, 953, 1181, 362, 0, 28.49%, 0, 0, 8, 15.83, 119003, 928, 0, 0
4138, 0, 1039, 1181, 361, 0, 28.49%, 0, 0, 8, 27.59, 119137, 928, 0, 0
4143, 0, 1039, 1181, 361, 0, 28.49%, 0, 0, 8, 30.29, 119308, 928, 0, 0
4148, 0, 1039, 1181, 361, 0, 28.49%, 0, 0, 8, 35.58, 119496, 928, 0, 0
4153, 0, 1039, 1181, 361, 0, 28.49%, 0, 0, 8, 36.48, 119691, 928, 0, 0
4159, 0, 44, 1181, 358, 0, 28.49%, 0, 0, 8, 37.43, 119892, 928, 0, 0
4164, 0, 706, 1181, 358, 0, 28.49%, 0, 0, 8, 34.25, 120057, 928, 0, 0
4169, 0, 706, 1181, 358, 0, 28.49%, 0, 0, 8, 31.11, 120207, 928, 0, 0
4174, 0, 324, 1181, 358, 0, 28.49%, 0, 0, 8, 27.52, 120353, 928, 0, 0
4179, 0, 534, 1182, 358, 0, 28.49%, 0, 0, 8, 32.44, 120516, 928, 0, 0
4184, 0, 1111, 1182, 358, 0, 28.49%, 0, 0, 8, 22.62, 120600, 928, 0, 0
4189, 0, 1167, 1182, 358, 0, 28.49%, 0, 0, 8, 19.68, 120694, 928, 0, 0
4195, 0, 1167, 1182, 358, 0, 28.49%, 0, 0, 8, 19.70, 120794, 928, 0, 0
4200, 0, 1167, 1182, 358, 0, 28.49%, 0, 0, 8, 19.09, 120891, 928, 0, 0
4205, 0, 1167, 1182, 358, 0, 28.49%, 0, 0, 8, 19.01, 120987, 928, 0, 0
4210, 0, 1167, 1182, 358, 0, 28.49%, 0, 0, 8, 15.68, 121067, 928, 0, 0
4215, 0, 1167, 1182, 358, 0, 28.49%, 0, 0, 8, 14.28, 121139, 928, 0, 0
4220, 0, 1167, 1182, 358, 0, 28.49%, 0, 0, 8, 13.96, 121211, 928, 0, 0
4225, 0, 1167, 1182, 358, 0, 28.49%, 0, 0, 8, 13.99, 121283, 928, 0, 0
4230, 0, 1167, 1182, 358, 0, 28.49%, 0, 0, 8, 14.04, 121355, 928, 0, 0
4236, 0, 1167, 1182, 358, 0, 28.49%, 0, 0, 8, 15.51, 121446, 928, 0, 0
4241, 0, 1123, 1182, 357, 0, 28.49%, 0, 0, 8, 14.74, 121521, 928, 0, 0
4246, 0, 1123, 1182, 357, 0, 28.49%, 0, 0, 8, 14.35, 121592, 928, 0, 0
4253, 0, 1123, 1182, 357, 0, 28.49%, 0, 0, 8, 14.63, 121700, 928, 0, 0
4258, 0, 921, 1182, 355, 0, 28.49%, 0, 0, 8, 28.42, 121889, 928, 0, 0
4263, 0, 1148, 1182, 354, 0, 28.49%, 0, 0, 8, 23.54, 121998, 928, 0, 0
4268, 0, 642, 1182, 352, 0, 28.49%, 0, 0, 8, 25.17, 122105, 928, 0, 0
4273, 0, 1172, 1182, 352, 0, 28.49%, 0, 0, 8, 27.22, 122247, 928, 0, 0
4278, 0, 823, 1182, 351, 0, 28.49%, 0, 0, 8, 23.29, 122359, 928, 0, 0
4283, 0, 399, 1182, 351, 0, 28.49%, 0, 0, 8, 24.81, 122479, 928, 0, 0
4288, 0, 800, 1182, 350, 0, 28.49%, 0, 0, 8, 28.32, 122628, 928, 0, 0
4294, 0, 1115, 1182, 350, 0, 28.49%, 0, 0, 8, 18.33, 122710, 928, 0, 0
4299, 0, 1115, 1182, 350, 0, 28.49%, 0, 0, 8, 15.28, 122785, 928, 0, 0
4305, 0, 421, 1182, 348, 0, 28.49%, 0, 0, 8, 29.11, 122990, 928, 0, 0
4310, 0, 1130, 1182, 347, 0, 28.49%, 0, 0, 8, 25.60, 123117, 928, 0, 0
4315, 0, 1130, 1182, 347, 0, 28.49%, 0, 0, 8, 21.79, 123227, 928, 0, 0
4320, 0, 1130, 1182, 347, 0, 28.49%, 0, 0, 8, 19.80, 123327, 928, 0, 0
4325, 0, 1130, 1182, 347, 0, 28.49%, 0, 0, 8, 21.93, 123436, 928, 0, 0
4331, 0, 1130, 1182, 347, 0, 28.49%, 0, 0, 8, 23.61, 123561, 928, 0, 0
4336, 0, 1130, 1182, 347, 0, 28.49%, 0, 0, 8, 23.78, 123681, 928, 0, 0
4341, 0, 1130, 1182, 347, 0, 28.49%, 0, 0, 8, 23.71, 123797, 928, 0, 0
4346, 0, 864, 1182, 345, 0, 28.49%, 0, 0, 8, 26.55, 123957, 928, 0, 0
4351, 0, 990, 1182, 344, 0, 28.49%, 0, 0, 8, 17.87, 124039, 928, 0, 0
4356, 0, 990, 1182, 344, 0, 28.49%, 0, 0, 8, 15.67, 124115, 928, 0, 0
4361, 0, 990, 1182, 344, 0, 28.49%, 0, 0, 8, 13.58, 124183, 928, 0, 0
4366, 0, 990, 1182, 344, 0, 28.49%, 0, 0, 8, 14.44, 124259, 928, 0, 0
4371, 0, 990, 1182, 344, 0, 28.49%, 0, 0, 8, 14.66, 124338, 928, 0, 0
4376, 0, 1139, 1182, 343, 0, 28.49%, 0, 0, 8, 22.07, 124447, 928, 0, 0
4382, 0, 1139, 1182, 343, 0, 28.49%, 0, 0, 8, 22.96, 124567, 928, 0, 0
4387, 0, 1139, 1182, 343, 0, 28.49%, 0, 0, 8, 22.60, 124682, 928, 0, 0
4392, 0, 1139, 1182, 343, 0, 28.49%, 0, 0, 8, 22.50, 124798, 928, 0, 0
4397, 0, 1139, 1182, 343, 0, 28.49%, 0, 0, 8, 22.43, 124913, 928, 0, 0
4402, 0, 1139, 1182, 343, 0, 28.49%, 0, 0, 8, 24.54, 125034, 928, 0, 0
4407, 0, 1139, 1182, 343, 0, 28.49%, 0, 0, 8, 27.46, 125178, 928, 0, 0
4412, 0, 1139, 1182, 343, 0, 28.49%, 0, 0, 8, 28.43, 125322, 928, 0, 0
4417, 0, 1139, 1182, 343, 0, 28.49%, 0, 0, 8, 28.65, 125466, 928, 0, 0
4423, 0, 1139, 1182, 343, 0, 28.49%, 0, 0, 8, 27.93, 125628, 928, 0, 0
4428, 0, 467, 1182, 342, 0, 28.49%, 0, 0, 8, 30.52, 125804, 928, 0, 0
4433, 0, 941, 1182, 342, 0, 28.49%, 0, 0, 8, 26.75, 125943, 928, 0, 0
4439, 0, 941, 1182, 342, 0, 28.49%, 0, 0, 8, 20.72, 126029, 928, 0, 0
4444, 0, 941, 1182, 342, 0, 28.49%, 0, 0, 8, 16.12, 126104, 928, 0, 0
4449, 0, 941, 1182, 342, 0, 28.49%, 0, 0, 8, 15.05, 126178, 928, 0, 0
4454, 0, 941, 1182, 342, 0, 28.49%, 0, 0, 8, 14.82, 126255, 928, 0, 0
4459, 0, 941, 1182, 342, 0, 28.49%, 0, 0, 8, 14.91, 126332, 928, 0, 0
4464, 0, 1017, 1182, 340, 0, 28.49%, 0, 0, 8, 25.33, 126479, 928, 0, 0
4469, 0, 1017, 1182, 340, 0, 28.49%, 0, 0, 8, 18.36, 126567, 928, 0, 0
4474, 0, 1017, 1182, 340, 0, 28.49%, 0, 0, 8, 17.86, 126658, 928, 0, 0
4479, 0, 1017, 1182, 340, 0, 28.49%, 0, 0, 8, 16.26, 126738, 928, 0, 0
4485, 0, 1017, 1182, 340, 0, 28.49%, 0, 0, 8, 15.65, 126818, 928, 0, 0
4490, 0, 1017, 1182, 340, 0, 28.49%, 0, 0, 8, 15.27, 126895, 928, 0, 0
4495, 0, 1017, 1182, 340, 0, 28.49%, 0, 0, 8, 14.67, 126970, 928, 0, 0
4500, 0, 1017, 1182, 340, 0, 28.49%, 0, 0, 8, 14.82, 127045, 928, 0, 0
4505, 0, 780, 1182, 339, 0, 28.49%, 0, 0, 8, 15.11, 127122, 928, 0, 0
4510, 0, 780, 1182, 339, 0, 28.49%, 0, 0, 8, 31.25, 127283, 928, 0, 0
4515, 0, 1113, 1182, 339, 0, 28.49%, 0, 0, 8, 24.44, 127414, 928, 0, 0
4521, 0, 1113, 1182, 339, 0, 28.49%, 0, 0, 8, 18.25, 127502, 928, 0, 0
4526, 0, 1113, 1182, 339, 0, 28.49%, 0, 0, 8, 15.57, 127579, 928, 0, 0
4531, 0, 1113, 1182, 339, 0, 28.49%, 0, 0, 8, 14.91, 127655, 928, 0, 0
4536, 0, 1113, 1182, 339, 0, 28.49%, 0, 0, 8, 15.08, 127734, 928, 0, 0
4542, 0, 1113, 1182, 339, 0, 28.49%, 0, 0, 8, 14.91, 127809, 928, 0, 0
4547, 0, 1113, 1182, 339, 0, 28.49%, 0, 0, 8, 14.61, 127884, 928, 0, 0
4552, 0, 1173, 1182, 338, 0, 28.49%, 0, 0, 8, 19.66, 127994, 928, 0, 0
4557, 0, 1173, 1182, 338, 0, 28.49%, 0, 0, 8, 19.08, 128087, 928, 0, 0
4562, 0, 1173, 1182, 338, 0, 28.49%, 0, 0, 8, 18.46, 128181, 928, 0, 0
4567, 0, 1173, 1182, 338, 0, 28.49%, 0, 0, 8, 17.27, 128270, 928, 0, 0
4572, 0, 437, 1182, 337, 0, 28.49%, 0, 0, 8, 20.01, 128390, 928, 0, 0
4577, 0, 417, 1182, 336, 0, 28.49%, 0, 0, 8, 27.24, 128543, 928, 0, 0
4584, 0, 359, 1182, 335, 0, 28.49%, 0, 0, 8, 29.53, 128762, 928, 0, 0
4589, 0, 1004, 1182, 334, 0, 28.49%, 0, 0, 8, 27.20, 128900, 928, 0, 0
4594, 0, 1004, 1182, 334, 0, 28.49%, 0, 0, 8, 28.47, 129052, 928, 0, 0
4600, 0, 1165, 1182, 333, 0, 28.49%, 0, 0, 8, 21.22, 129158, 928, 0, 0
4605, 0, 1165, 1182, 333, 0, 28.49%, 0, 0, 8, 17.98, 129246, 928, 0, 0
4610, 0, 1165, 1182, 333, 0, 28.49%, 0, 0, 8, 17.22, 129333, 928, 0, 0
4615, 0, 1165, 1182, 333, 0, 28.49%, 0, 0, 8, 17.03, 129421, 928, 0, 0
4620, 0, 1165, 1182, 333, 0, 28.49%, 0, 0, 8, 16.64, 129507, 928, 0, 0
4625, 0, 1165, 1182, 333, 0, 28.49%, 0, 0, 8, 15.27, 129584, 928, 0, 0
4631, 0, 1165, 1182, 333, 0, 28.49%, 0, 0, 8, 14.66, 129658, 928, 0, 0
4636, 0, 1165, 1182, 333, 0, 28.49%, 0, 0, 8, 14.31, 129730, 928, 0, 0
4641, 0, 1165, 1182, 333, 0, 28.49%, 0, 0, 8, 14.34, 129802, 928, 0, 0
4646, 0, 1165, 1182, 333, 0, 28.49%, 0, 0, 8, 14.12, 129874, 928, 0, 0
4651, 0, 1165, 1182, 333, 0, 28.49%, 0, 0, 8, 14.32, 129946, 928, 0, 0
4656, 0, 1165, 1182, 333, 0, 28.49%, 0, 0, 8, 13.81, 130018, 928, 0, 0
4661, 0, 1165, 1182, 333, 0, 28.49%, 0, 0, 8, 13.80, 130086, 928, 0, 0
4666, 0, 1165, 1182, 333, 0, 28.49%, 0, 0, 8, 15.62, 130173, 928, 0, 0
4671, 0, 930, 1183, 333, 0, 28.49%, 0, 0, 8, 24.92, 130319, 928, 0, 0
4677, 0, 930, 1183, 333, 0, 28.49%, 0, 0, 8, 26.41, 130457, 928, 0, 0
4682, 0, 902, 1183, 332, 0, 28.49%, 0, 0, 8, 30.60, 130638, 928, 0, 0
4687, 0, 787, 1183, 331, 0, 28.49%, 0, 0, 8, 31.72, 130804, 928, 0, 0
4692, 0, 1006, 1183, 329, 0, 28.49%, 0, 0, 8, 28.67, 130946, 928, 0, 0
4697, 0, 829, 1183, 328, 0, 28.49%, 0, 0, 8, 22.52, 131047, 928, 0, 0
4703, 0, 775, 1183, 326, 0, 28.49%, 0, 0, 8, 26.10, 131228, 928, 0, 0
4709, 0, 1140, 1183, 324, 0, 28.49%, 0, 0, 8, 30.34, 131379, 928, 0, 0
4714, 0, 1140, 1183, 324, 0, 28.49%, 0, 0, 8, 34.45, 131566, 928, 0, 0
4719, 0, 1140, 1183, 324, 0, 28.49%, 0, 0, 8, 35.74, 131754, 928, 0, 0
4724, 0, 1140, 1183, 324, 0, 28.49%, 0, 0, 8, 36.19, 131937, 928, 0, 0
4729, 0, 1140, 1183, 324, 0, 28.49%, 0, 0, 8, 36.54, 132121, 928, 0, 0
4734, 0, 1140, 1183, 324, 0, 28.49%, 0, 0, 8, 35.94, 132302, 928, 0, 0
4740, 0, 1140, 1183, 324, 0, 28.49%, 0, 0, 8, 35.99, 132502, 928, 0, 0
4745, 0, 943, 1183, 323, 0, 28.49%, 0, 0, 8, 36.21, 132692, 928, 0, 0
4750, 0, 1055, 1183, 323, 0, 28.49%, 0, 0, 8, 24.80, 132816, 928, 0, 0
4755, 0, 1055, 1183, 323, 0, 28.49%, 0, 0, 8, 22.83, 132927, 928, 0, 0
4760, 0, 1055, 1183, 323, 0, 28.49%, 0, 0, 8, 22.55, 133043, 928, 0, 0
4765, 0, 1055, 1183, 323, 0, 28.49%, 0, 0, 8, 22.37, 133158, 928, 0, 0
4771, 0, 1055, 1183, 323, 0, 28.49%, 0, 0, 8, 22.43, 133292, 928, 0, 0
4776, 1, 1166, 1183, 318, 0, 28.49%, 0, 0, 8, 26.69, 133439, 928, 0, 0
4781, 1, 1166, 1183, 318, 0, 28.49%, 0, 0, 8, 16.33, 133505, 928, 0, 0
4786, 1, 1166, 1183, 318, 0, 28.49%, 0, 0, 8, 14.48, 133573, 928, 0, 0
4792, 1, 406, 1183, 314, 0, 28.49%, 0, 0, 8, 23.37, 133704, 928, 0, 0
4797, 1, 1010, 1183, 313, 0, 28.49%, 0, 0, 8, 15.97, 133779, 928, 0, 0
4802, 1, 1010, 1183, 313, 0, 28.49%, 0, 0, 8, 14.43, 133865, 928, 0, 0
4807, 1, 715, 1183, 310, 0, 28.49%, 0, 0, 8, 22.40, 133986, 928, 0, 0
4813, 1, 1107, 1183, 307, 0, 28.49%, 0, 0, 8, 28.75, 134135, 928, 0, 0
4818, 1, 928, 1183, 305, 0, 28.49%, 0, 0, 8, 34.18, 134322, 928, 0, 0
4823, 1, 1042, 1183, 304, 0, 28.49%, 0, 0, 8, 26.04, 134440, 928, 0, 0
4828, 1, 1042, 1183, 304, 0, 28.49%, 0, 0, 8, 22.74, 134550, 928, 0, 0
4833, 1, 1042, 1183, 304, 0, 28.49%, 0, 0, 8, 21.64, 134660, 928, 0, 0
4838, 1, 1042, 1183, 304, 0, 28.49%, 0, 0, 8, 21.40, 134770, 928, 0, 0
4843, 1, 1042, 1183, 304, 0, 28.49%, 0, 0, 8, 21.26, 134877, 928, 0, 0
4849, 1, 1042, 1183, 304, 0, 28.49%, 0, 0, 8, 21.14, 134987, 928, 0, 0
4854, 1, 1042, 1183, 304, 0, 28.49%, 0, 0, 8, 21.19, 135096, 928, 0, 0
4859, 1, 1042, 1183, 304, 0, 28.49%, 0, 0, 8, 21.17, 135203, 928, 0, 0
4864, 1, 1042, 1183, 304, 0, 28.49%, 0, 0, 8, 21.00, 135310, 928, 0, 0
4869, 1, 1042, 1183, 304, 0, 28.49%, 0, 0, 8, 21.20, 135420, 928, 0, 0
4874, 1, 1042, 1183, 304, 0, 28.49%, 0, 0, 8, 20.65, 135525, 928, 0, 0
4879, 1, 1163, 1183, 302, 0, 28.49%, 0, 0, 8, 28.72, 135700, 928, 0, 0
4884, 1, 1163, 1183, 302, 0, 28.49%, 0, 0, 8, 21.32, 135800, 928, 0, 0
4890, 1, 1163, 1183, 302, 0, 28.49%, 0, 0, 8, 19.76, 135900, 928, 0, 0
4895, 1, 1163, 1183, 302, 0, 28.49%, 0, 0, 8, 19.41, 135996, 928, 0, 0
4900, 1, 1163, 1183, 302, 0, 28.49%, 0, 0, 8, 19.42, 136096, 928, 0, 0
4905, 1, 1163, 1183, 302, 0, 28.49%, 0, 0, 8, 19.35, 136196, 928, 0, 0
4910, 1, 1163, 1183, 302, 0, 28.49%, 0, 0, 8, 19.42, 136296, 928, 0, 0
4915, 1, 1163, 1183, 302, 0, 28.49%, 0, 0, 8, 19.51, 136396, 928, 0, 0
4920, 1, 1163, 1183, 302, 0, 28.49%, 0, 0, 8, 19.54, 136496, 928, 0, 0
4925, 1, 1163, 1183, 302, 0, 28.49%, 0, 0, 8, 19.55, 136596, 928, 0, 0
4931, 1, 1163, 1183, 302, 0, 28.49%, 0, 0, 8, 19.50, 136696, 928, 0, 0
4936, 1, 598, 1183, 301, 0, 28.49%, 0, 0, 8, 23.09, 136813, 928, 0, 0
4941, 1, 900, 1183, 300, 0, 28.49%, 0, 0, 8, 27.38, 136968, 928, 0, 0
4946, 1, 900, 1183, 300, 0, 28.49%, 0, 0, 8, 28.19, 137112, 928, 0, 0
4951, 1, 900, 1183, 300, 0, 28.49%, 0, 0, 8, 28.57, 137256, 928, 0, 0
4956, 1, 816, 1183, 299, 0, 28.49%, 0, 0, 8, 31.57, 137421, 928, 0, 0
4962, 1, 816, 1183, 299, 0, 28.49%, 0, 0, 8, 22.55, 137522, 928, 0, 0
4967, 1, 816, 1183, 299, 0, 28.49%, 0, 0, 8, 18.93, 137615, 928, 0, 0
4972, 1, 816, 1183, 299, 0, 28.49%, 0, 0, 8, 17.65, 137700, 928, 0, 0
4977, 1, 816, 1183, 299, 0, 28.49%, 0, 0, 8, 18.27, 137796, 928, 0, 0
4982, 1, 842, 1183, 298, 0, 28.49%, 0, 0, 8, 18.79, 137891, 928, 0, 0
4987, 1, 842, 1183, 298, 0, 28.49%, 0, 0, 8, 19.74, 137995, 928, 0, 0
4992, 1, 842, 1183, 298, 0, 28.49%, 0, 0, 8, 17.77, 138081, 928, 0, 0
4997, 1, 842, 1183, 298, 0, 28.49%, 0, 0, 8, 18.04, 138173, 928, 0, 0
5003, 1, 842, 1183, 298, 0, 28.49%, 0, 0, 8, 18.23, 138268, 928, 0, 0
5008, 1, 451, 1183, 297, 0, 28.49%, 0, 0, 8, 23.49, 138411, 928, 0, 0
5013, 1, 1087, 1183, 296, 0, 28.49%, 0, 0, 8, 18.80, 138503, 928, 0, 0
5018, 1, 1087, 1183, 296, 0, 28.49%, 0, 0, 8, 17.10, 138589, 928, 0, 0
5023, 1, 1087, 1183, 296, 0, 28.49%, 0, 0, 8, 16.81, 138676, 928, 0, 0
5028, 1, 1087, 1183, 296, 0, 28.49%, 0, 0, 8, 16.95, 138765, 928, 0, 0
5033, 1, 1087, 1183, 296, 0, 28.49%, 0, 0, 8, 16.59, 138848, 928, 0, 0
5039, 1, 1087, 1183, 296, 0, 28.49%, 0, 0, 8, 16.59, 138932, 928, 0, 0
5044, 1, 1087, 1183, 296, 0, 28.49%, 0, 0, 8, 16.48, 139016, 928, 0, 0
5049, 1, 1087, 1183, 296, 0, 28.49%, 0, 0, 8, 16.94, 139104, 928, 0, 0
5054, 1, 1087, 1183, 296, 0, 28.49%, 0, 0, 8, 15.23, 139186, 928, 0, 0
5059, 1, 1156, 1183, 294, 0, 28.49%, 0, 0, 8, 22.35, 139347, 928, 0, 0
5064, 1, 1038, 1183, 292, 0, 28.49%, 0, 0, 8, 33.04, 139527, 928, 0, 0
5070, 1, 1038, 1183, 292, 0, 28.49%, 0, 0, 8, 27.22, 139660, 928, 0, 0
5075, 1, 1038, 1183, 292, 0, 28.49%, 0, 0, 8, 25.73, 139786, 928, 0, 0
5080, 1, 1038, 1183, 292, 0, 28.49%, 0, 0, 8, 24.60, 139912, 928, 0, 0
5085, 1, 1038, 1183, 292, 0, 28.49%, 0, 0, 8, 20.98, 140015, 928, 0, 0
5090, 1, 1038, 1183, 292, 0, 28.49%, 0, 0, 8, 18.94, 140107, 928, 0, 0
5095, 1, 1038, 1183, 292, 0, 28.49%, 0, 0, 8, 19.47, 140204, 928, 0, 0
5102, 1, 1038, 1183, 292, 0, 28.49%, 0, 0, 8, 22.06, 140357, 928, 0, 0
5107, 1, 490, 1183, 291, 0, 28.49%, 0, 0, 8, 25.65, 140496, 928, 0, 0
5112, 1, 907, 1183, 290, 0, 28.49%, 0, 0, 8, 28.78, 140650, 928, 0, 0
5117, 1, 907, 1183, 290, 0, 28.49%, 0, 0, 8, 27.58, 140788, 928, 0, 0
5122, 1, 907, 1187, 293, 0, 28.49%, 0, 0, 8, 32.65, 140959, 928, 0, 0
5127, 1, 1190, 1193, 299, 1, 28.52%, 0, 0, 8, 21.68, 141053, 929, 0, 0
5132, 1, 1190, 1193, 299, 1, 28.52%, 0, 0, 8, 16.51, 141130, 929, 0, 0
5137, 1, 1190, 1193, 299, 1, 28.52%, 0, 0, 8, 15.18, 141204, 929, 0, 0
5142, 1, 1190, 1193, 299, 1, 28.52%, 0, 0, 8, 15.22, 141281, 929, 0, 0
5147, 1, 1190, 1193, 299, 1, 28.52%, 0, 0, 8, 14.71, 141356, 929, 0, 0
5152, 1, 1190, 1193, 299, 1, 28.52%, 0, 0, 8, 14.78, 141431, 929, 0, 0
5157, 1, 1190, 1193, 299, 1, 28.52%, 0, 0, 8, 15.09, 141509, 929, 0, 0
5162, 1, 1190, 1193, 299, 1, 28.52%, 0, 0, 8, 14.99, 141586, 929, 0, 0
5168, 1, 1190, 1193, 299, 1, 28.52%, 0, 0, 8, 14.76, 141662, 929, 0, 0
5173, 1, 1190, 1193, 299, 1, 28.52%, 0, 0, 8, 14.67, 141736, 929, 0, 0
5178, 1, 1190, 1193, 299, 1, 28.52%, 0, 0, 8, 14.60, 141811, 929, 0, 0
5183, 1, 1190, 1193, 299, 1, 28.52%, 0, 0, 8, 14.65, 141887, 929, 0, 0
5188, 1, 1190, 1193, 299, 1, 28.52%, 0, 0, 8, 14.37, 141958, 929, 0, 0
5193, 1, 1190, 1193, 299, 1, 28.52%, 0, 0, 8, 14.78, 142030, 929, 0, 0
5198, 1, 1190, 1193, 299, 1, 28.52%, 0, 0, 8, 14.90, 142106, 929, 0, 0
5203, 1, 1190, 1193, 299, 1, 28.52%, 0, 0, 8, 14.93, 142182, 929, 0, 0
5208, 1, 1190, 1193, 299, 1, 28.52%, 0, 0, 8, 14.69, 142256, 929, 0, 0
5213, 1, 1190, 1193, 299, 1, 28.52%, 0, 0, 8, 14.72, 142330, 929, 0, 0
5218, 1, 1190, 1193, 299, 1, 28.52%, 0, 0, 8, 14.48, 142402, 929, 0, 0
5223, 1, 1190, 1193, 299, 1, 28.52%, 0, 0, 8, 14.67, 142477, 929, 0, 0
5229, 1, 1190, 1193, 299, 1, 28.52%, 0, 0, 8, 14.73, 142552, 929, 0, 0
5234, 1, 1190, 1193, 299, 1, 28.52%, 0, 0, 8, 14.80, 142627, 929, 0, 0
5239, 1, 1190, 1193, 299, 1, 28.52%, 0, 0, 8, 14.76, 142703, 929, 0, 0
5244, 1, 1089, 1193, 298, 0, 28.52%, 0, 0, 8, 17.28, 142793, 929, 0, 0
5249, 1, 1089, 1193, 298, 0, 28.52%, 0, 0, 8, 17.48, 142883, 929, 0, 0
5254, 1, 1089, 1193, 298, 0, 28.52%, 0, 0, 8, 17.41, 142970, 929, 0, 0
5259, 1, 1089, 1193, 298, 0, 28.52%, 0, 0, 8, 17.63, 143062, 929, 0, 0
5264, 1, 1089, 1193, 298, 0, 28.52%, 0, 0, 8, 17.65, 143153, 929, 0, 0
5270, 1, 1089, 1193, 298, 0, 28.52%, 0, 0, 8, 17.51, 143242, 929, 0, 0
5275, 1, 1089, 1193, 298, 0, 28.52%, 0, 0, 8, 17.14, 143332, 929, 0, 0
5280, 1, 1089, 1193, 298, 0, 28.52%, 0, 0, 8, 17.20, 143420, 929, 0, 0
5285, 1, 1089, 1193, 298, 0, 28.52%, 0, 0, 8, 17.46, 143508, 929, 0, 0
5290, 1, 1089, 1193, 298, 0, 28.52%, 0, 0, 8, 17.55, 143596, 929, 0, 0
5295, 1, 1089, 1193, 298, 0, 28.52%, 0, 0, 8, 16.61, 143680, 929, 0, 0
5300, 1, 1179, 1193, 297, 0, 28.52%, 0, 0, 8, 15.47, 143761, 929, 0, 0
5305, 1, 1179, 1193, 297, 0, 28.52%, 0, 0, 8, 14.25, 143833, 929, 0, 0
5310, 1, 800, 1193, 296, 0, 28.52%, 0, 0, 8, 17.06, 143925, 929, 0, 0
5315, 1, 1162, 1193, 296, 0, 28.52%, 0, 0, 8, 29.08, 144090, 929, 0, 0
5321, 1, 1162, 1193, 296, 0, 28.52%, 0, 0, 8, 37.56, 144290, 929, 0, 0
5326, 1, 1162, 1193, 296, 0, 28.52%, 0, 0, 8, 33.89, 144471, 929, 0, 0
5331, 1, 1162, 1193, 296, 0, 28.52%, 0, 0, 8, 24.76, 144586, 929, 0, 0
5336, 1, 1162, 1193, 296, 0, 28.52%, 0, 0, 8, 24.10, 144705, 929, 0, 0
5341, 1, 1162, 1193, 296, 0, 28.52%, 0, 0, 8, 27.79, 144849, 929, 0, 0
5346, 1, 1162, 1193, 296, 0, 28.52%, 0, 0, 8, 38.08, 145054, 929, 0, 0
5351, 1, 1162, 1193, 296, 0, 28.52%, 0, 0, 8, 40.44, 145260, 929, 0, 0
5356, 1, 1162, 1193, 296, 0, 28.52%, 0, 0, 8, 40.81, 145466, 929, 0, 0
5361, 1, 1162, 1193, 296, 0, 28.52%, 0, 0, 8, 40.72, 145679, 929, 0, 0
5369, 1, 850, 1193, 295, 0, 28.52%, 0, 0, 8, 39.82, 145943, 929, 0, 0
5374, 1, 1054, 1194, 295, 0, 28.52%, 0, 0, 8, 32.74, 146081, 929, 0, 0
5379, 1, 1054, 1194, 295, 0, 28.52%, 0, 0, 8, 34.89, 146263, 929, 0, 0
5384, 1, 1054, 1194, 295, 0, 28.52%, 0, 0, 8, 35.22, 146460, 929, 0, 0
5390, 1, 833, 1194, 294, 0, 28.52%, 0, 0, 8, 27.89, 146582, 929, 0, 0
5395, 1, 1059, 1194, 292, 0, 28.52%, 0, 0, 8, 28.92, 146726, 929, 0, 0
5400, 1, 1059, 1194, 292, 0, 28.52%, 0, 0, 8, 30.55, 146887, 929, 0, 0
5405, 1, 1059, 1194, 292, 0, 28.52%, 0, 0, 8, 30.52, 147042, 929, 0, 0
5411, 1, 1059, 1194, 292, 0, 28.52%, 0, 0, 8, 30.54, 147232, 929, 0, 0
5416, 1, 1064, 1194, 291, 0, 28.52%, 0, 0, 8, 23.08, 147343, 929, 0, 0
5422, 1, 1064, 1194, 291, 0, 28.52%, 0, 0, 8, 21.44, 147452, 929, 0, 0
5427, 1, 1064, 1194, 291, 0, 28.52%, 0, 0, 8, 21.11, 147557, 929, 0, 0
5432, 1, 1064, 1194, 291, 0, 28.52%, 0, 0, 8, 23.40, 147679, 929, 0, 0
5437, 1, 1064, 1194, 291, 0, 28.52%, 0, 0, 8, 21.32, 147787, 929, 0, 0
5442, 1, 1064, 1194, 291, 0, 28.52%, 0, 0, 8, 21.14, 147897, 929, 0, 0
5447, 1, 1064, 1194, 291, 0, 28.52%, 0, 0, 8, 20.70, 148002, 929, 0, 0
5452, 1, 602, 1194, 289, 0, 28.52%, 0, 0, 8, 19.24, 148091, 929, 0, 0
5458, 1, 405, 1194, 288, 0, 28.52%, 0, 0, 8, 27.41, 148277, 929, 0, 0
5463, 1, 891, 1194, 287, 0, 28.52%, 0, 0, 8, 35.75, 148482, 929, 0, 0
5468, 1, 855, 1194, 286, 0, 28.52%, 0, 0, 8, 21.42, 148571, 929, 0, 0
5473, 1, 855, 1194, 286, 0, 28.52%, 0, 0, 8, 17.25, 148651, 929, 0, 0
5478, 1, 855, 1194, 286, 0, 28.52%, 0, 0, 8, 15.87, 148729, 929, 0, 0
5484, 1, 855, 1194, 286, 0, 28.52%, 0, 0, 8, 14.62, 148816, 929, 0, 0
5489, 1, 1061, 1194, 283, 0, 28.52%, 0, 0, 8, 21.78, 148951, 929, 0, 0
5494, 1, 1061, 1194, 283, 0, 28.52%, 0, 0, 8, 22.20, 149061, 929, 0, 0
5499, 1, 1061, 1194, 283, 0, 28.52%, 0, 0, 8, 18.70, 149153, 929, 0, 0
5504, 1, 1061, 1194, 283, 0, 28.52%, 0, 0, 8, 18.15, 149245, 929, 0, 0
5509, 1, 1061, 1194, 283, 0, 28.52%, 0, 0, 8, 18.02, 149337, 929, 0, 0
5515, 1, 1061, 1194, 283, 0, 28.52%, 0, 0, 8, 19.87, 149442, 929, 0, 0
5520, 1, 1061, 1194, 283, 0, 28.52%, 0, 0, 8, 20.38, 149548, 929, 0, 0
5525, 1, 1061, 1194, 283, 0, 28.52%, 0, 0, 8, 18.15, 149636, 929, 0, 0
5530, 1, 1061, 1194, 283, 0, 28.52%, 0, 0, 8, 17.61, 149724, 929, 0, 0
5535, 1, 1061, 1194, 283, 0, 28.52%, 0, 0, 8, 17.37, 149812, 929, 0, 0
5541, 1, 774, 1194, 281, 0, 28.52%, 0, 0, 8, 22.71, 149997, 929, 0, 0
5546, 1, 1068, 1194, 280, 0, 28.52%, 0, 0, 8, 31.09, 150164, 929, 0, 0
5551, 1, 997, 1194, 278, 0, 28.52%, 0, 0, 8, 29.20, 150335, 929, 0, 0
5556, 1, 887, 1194, 277, 0, 28.52%, 0, 0, 8, 32.94, 150488, 929, 0, 0
5561, 1, 936, 1194, 274, 0, 28.52%, 0, 0, 8, 36.65, 150704, 929, 0, 0
5566, 1, 1092, 1194, 274, 0, 28.52%, 0, 0, 8, 24.46, 150810, 929, 0, 0
5571, 1, 1092, 1194, 274, 0, 28.52%, 0, 0, 8, 20.23, 150908, 929, 0, 0
5576, 1, 1092, 1194, 274, 0, 28.52%, 0, 0, 8, 19.87, 151008, 929, 0, 0
5581, 1, 1092, 1194, 274, 0, 28.52%, 0, 0, 8, 19.78, 151108, 929, 0, 0
5586, 1, 1092, 1194, 274, 0, 28.52%, 0, 0, 8, 20.04, 151211, 929, 0, 0
5592, 1, 1092, 1194, 274, 0, 28.52%, 0, 0, 8, 20.18, 151314, 929, 0, 0
5597, 1, 1092, 1194, 274, 0, 28.52%, 0, 0, 8, 19.17, 151412, 929, 0, 0
5603, 1, 1185, 1194, 273, 0, 28.52%, 0, 0, 8, 21.11, 151575, 929, 0, 0
5608, 1, 1040, 1194, 272, 0, 28.52%, 0, 0, 8, 19.35, 151672, 929, 0, 0
5613, 1, 1040, 1194, 272, 0, 28.52%, 0, 0, 8, 19.04, 151768, 929, 0, 0
5618, 1, 1040, 1194, 272, 0, 28.52%, 0, 0, 8, 19.06, 151865, 929, 0, 0
5623, 1, 1040, 1194, 272, 0, 28.52%, 0, 0, 8, 16.62, 151948, 929, 0, 0
5628, 1, 1040, 1194, 272, 0, 28.52%, 0, 0, 8, 17.95, 152040, 929, 0, 0
5633, 1, 1040, 1194, 272, 0, 28.52%, 0, 0, 8, 18.79, 152136, 929, 0, 0
5639, 1, 323, 1194, 271, 0, 28.52%, 0, 0, 8, 19.21, 152263, 929, 0, 0
5645, 1, 814, 1194, 271, 0, 28.52%, 0, 0, 8, 23.68, 152396, 929, 0, 0
5650, 1, 814, 1194, 271, 0, 28.52%, 0, 0, 8, 19.54, 152489, 929, 0, 0
5655, 1, 424, 1194, 269, 0, 28.52%, 0, 0, 8, 23.23, 152635, 929, 0, 0
5660, 1, 1136, 1194, 269, 0, 28.52%, 0, 0, 8, 22.12, 152746, 929, 0, 0
5666, 1, 1136, 1194, 269, 0, 28.52%, 0, 0, 8, 19.24, 152840, 929, 0, 0
5672, 1, 1008, 1194, 268, 0, 28.52%, 0, 0, 8, 20.13, 152973, 929, 0, 0
5677, 1, 1008, 1194, 268, 0, 28.52%, 0, 0, 8, 22.17, 153089, 929, 0, 0
5682, 1, 1008, 1194, 268, 0, 28.52%, 0, 0, 8, 22.83, 153209, 929, 0, 0
5687, 1, 1008, 1194, 268, 0, 28.52%, 0, 0, 8, 22.99, 153329, 929, 0, 0
5693, 1, 944, 1194, 267, 0, 28.52%, 0, 0, 8, 27.84, 153500, 929, 0, 0
5698, 1, 465, 1194, 266, 0, 28.52%, 0, 0, 8, 33.43, 153668, 929, 0, 0
5703, 1, 428, 1194, 265, 0, 28.52%, 0, 0, 8, 34.22, 153883, 929, 0, 0
5708, 1, 1021, 1194, 265, 0, 28.52%, 0, 0, 8, 32.39, 154052, 929, 0, 0
5713, 1, 1021, 1194, 265, 0, 28.52%, 0, 0, 8, 33.41, 154232, 929, 0, 0
5719, 1, 1021, 1194, 265, 0, 28.52%, 0, 0, 8, 27.53, 154364, 929, 0, 0
5724, 1, 1021, 1194, 265, 0, 28.52%, 0, 0, 8, 29.50, 154516, 929, 0, 0
5729, 1, 1021, 1194, 265, 0, 28.52%, 0, 0, 8, 30.93, 154677, 929, 0, 0
5734, 1, 1021, 1194, 265, 0, 28.52%, 0, 0, 8, 31.28, 154839, 929, 0, 0
5739, 1, 1021, 1194, 265, 0, 28.52%, 0, 0, 8, 31.10, 154997, 929, 0, 0
5746, 1, 1158, 1194, 264, 0, 28.52%, 0, 0, 8, 30.22, 155202, 929, 0, 0
5752, 1, 491, 1195, 264, 0, 28.52%, 0, 0, 8, 32.69, 155426, 929, 0, 0
5757, 1, 937, 1195, 262, 0, 28.52%, 0, 0, 8, 24.26, 155538, 929, 0, 0
5762, 1, 687, 1195, 260, 0, 28.52%, 0, 0, 8, 24.67, 155650, 929, 0, 0
5767, 1, 1037, 1195, 257, 0, 28.52%, 0, 0, 8, 32.18, 155835, 929, 0, 0
5773, 1, 1037, 1195, 257, 0, 28.52%, 0, 0, 8, 23.86, 155949, 929, 0, 0
5778, 1, 1037, 1195, 257, 0, 28.52%, 0, 0, 8, 20.00, 156046, 929, 0, 0
5783, 1, 1037, 1195, 257, 0, 28.52%, 0, 0, 8, 19.20, 156142, 929, 0, 0
5788, 1, 1037, 1195, 257, 0, 28.52%, 0, 0, 8, 18.87, 156238, 929, 0, 0
5793, 1, 1037, 1195, 257, 0, 28.52%, 0, 0, 8, 22.20, 156357, 929, 0, 0
5798, 1, 1037, 1195, 257, 0, 28.52%, 0, 0, 8, 23.00, 156477, 929, 0, 0
5803, 1, 1037, 1195, 257, 0, 28.52%, 0, 0, 8, 23.26, 156596, 929, 0, 0
5809, 1, 1037, 1195, 257, 0, 28.52%, 0, 0, 8, 23.45, 156720, 929, 0, 0
5814, 1, 1161, 1195, 255, 0, 28.52%, 0, 0, 8, 25.50, 156855, 929, 0, 0
5819, 1, 1161, 1195, 255, 0, 28.52%, 0, 0, 8, 21.94, 156964, 929, 0, 0
5824, 1, 1161, 1195, 255, 0, 28.52%, 0, 0, 8, 22.29, 157079, 929, 0, 0
5829, 1, 1161, 1195, 255, 0, 28.52%, 0, 0, 8, 22.35, 157194, 929, 0, 0
5834, 1, 1161, 1195, 255, 0, 28.52%, 0, 0, 8, 22.49, 157309, 929, 0, 0
5839, 1, 1161, 1195, 255, 0, 28.52%, 0, 0, 8, 21.68, 157421, 929, 0, 0
5844, 1, 1161, 1195, 255, 0, 28.52%, 0, 0, 8, 18.95, 157513, 929, 0, 0
5849, 1, 1161, 1195, 255, 0, 28.52%, 0, 0, 8, 18.22, 157605, 929, 0, 0
5855, 1, 1161, 1195, 255, 0, 28.52%, 0, 0, 8, 18.15, 157697, 929, 0, 0
5860, 1, 1161, 1195, 255, 0, 28.52%, 0, 0, 8, 17.65, 157789, 929, 0, 0
5865, 1, 456, 1195, 254, 0, 28.52%, 0, 0, 8, 24.07, 157914, 929, 0, 0
5870, 1, 1085, 1195, 253, 0, 28.52%, 0, 0, 8, 29.32, 158065, 929, 0, 0
5875, 1, 1085, 1195, 253, 0, 28.52%, 0, 0, 8, 32.75, 158243, 929, 0, 0
5880, 1, 1171, 1195, 252, 0, 28.52%, 0, 0, 8, 21.12, 158334, 929, 0, 0
5885, 1, 4, 1195, 250, 0, 28.52%, 0, 0, 8, 24.52, 158444, 929, 0, 0
5891, 1, 1125, 1195, 249, 0, 28.52%, 0, 0, 8, 17.75, 158531, 929, 0, 0
5896, 1, 1125, 1195, 249, 0, 28.52%, 0, 0, 8, 16.00, 158610, 929, 0, 0
5901, 1, 1125, 1195, 249, 0, 28.52%, 0, 0, 8, 16.04, 158690, 929, 0, 0
5906, 1, 1125, 1195, 249, 0, 28.52%, 0, 0, 8, 15.42, 158768, 929, 0, 0
5911, 1, 1125, 1195, 249, 0, 28.52%, 0, 0, 8, 15.12, 158845, 929, 0, 0
5916, 1, 986, 1195, 248, 0, 28.52%, 0, 0, 8, 17.88, 158939, 929, 0, 0
5921, 1, 986, 1195, 248, 0, 28.52%, 0, 0, 8, 16.33, 159020, 929, 0, 0
5928, 1, 986, 1195, 248, 0, 28.52%, 0, 0, 8, 16.56, 159125, 929, 0, 0
5933, 1, 397, 1195, 247, 0, 28.52%, 0, 0, 8, 23.65, 159254, 929, 0, 0
5938, 1, 1191, 1196, 247, 0, 28.52%, 0, 0, 8, 22.59, 159377, 929, 0, 0
5943, 1, 797, 1196, 246, 0, 28.52%, 0, 0, 8, 23.62, 159502, 929, 0, 0
5948, 1, 679, 1196, 244, 0, 28.52%, 0, 0, 8, 27.69, 159658, 929, 0, 0
5954, 1, 1122, 1196, 242, 0, 28.52%, 0, 0, 8, 21.24, 159754, 929, 0, 0
5959, 1, 1122, 1196, 242, 0, 28.52%, 0, 0, 8, 20.81, 159866, 929, 0, 0
5964, 1, 1110, 1196, 241, 0, 28.52%, 0, 0, 8, 16.74, 159951, 929, 0, 0
5971, 1, 1110, 1196, 241, 0, 28.52%, 0, 0, 8, 14.46, 160044, 929, 0, 0
5976, 1, 985, 1196, 240, 0, 28.52%, 0, 0, 8, 23.75, 160175, 929, 0, 0
5981, 1, 1011, 1196, 239, 0, 28.52%, 0, 0, 8, 22.09, 160285, 929, 0, 0
5988, 1, 1011, 1196, 239, 0, 28.52%, 0, 0, 8, 21.52, 160429, 929, 0, 0
5993, 1, 770, 1196, 237, 0, 28.52%, 0, 0, 8, 20.22, 160536, 929, 0, 0
5998, 1, 379, 1196, 235, 0, 28.52%, 0, 0, 8, 26.45, 160671, 929, 0, 0
6003, 1, 320, 1196, 232, 0, 28.52%, 0, 0, 8, 33.00, 160851, 929, 0, 0
6008, 1, 981, 1196, 232, 0, 28.52%, 0, 0, 8, 36.91, 161034, 929, 0, 0
6013, 1, 1117, 1196, 231, 0, 28.52%, 0, 0, 8, 36.92, 161233, 929, 0, 0
6018, 1, 1146, 1196, 230, 0, 28.52%, 0, 0, 8, 29.07, 161354, 929, 0, 0
6023, 1, 1095, 1196, 228, 0, 28.52%, 0, 0, 8, 24.92, 161478, 929, 0, 0
6029, 1, 1095, 1196, 228, 0, 28.52%, 0, 0, 8, 22.28, 161587, 929, 0, 0
6034, 1, 1095, 1196, 228, 0, 28.52%, 0, 0, 8, 21.47, 161694, 929, 0, 0
6039, 1, 1095, 1196, 228, 0, 28.52%, 0, 0, 8, 21.63, 161804, 929, 0, 0
6044, 1, 1095, 1196, 228, 0, 28.52%, 0, 0, 8, 20.93, 161909, 929, 0, 0
6049, 1, 1095, 1196, 228, 0, 28.52%, 0, 0, 8, 21.31, 162018, 929, 0, 0
6054, 1, 1095, 1196, 228, 0, 28.52%, 0, 0, 8, 21.60, 162128, 929, 0, 0
6059, 1, 1095, 1196, 228, 0, 28.52%, 0, 0, 8, 21.67, 162238, 929, 0, 0
6064, 1, 1095, 1196, 228, 0, 28.52%, 0, 0, 8, 20.55, 162344, 929, 0, 0
6069, 1, 1095, 1196, 228, 0, 28.52%, 0, 0, 8, 19.66, 162445, 929, 0, 0
6074, 1, 942, 1196, 227, 0, 28.52%, 0, 0, 8, 23.83, 162580, 929, 0, 0
6079, 1, 1192, 1196, 226, 0, 28.52%, 0, 0, 8, 22.49, 162689, 929, 0, 0
6084, 1, 1192, 1196, 226, 0, 28.52%, 0, 0, 8, 21.82, 162797, 929, 0, 0
6089, 1, 950, 1196, 225, 0, 28.52%, 0, 0, 8, 16.81, 162877, 929, 0, 0
6095, 1, 950, 1196, 225, 0, 28.52%, 0, 0, 8, 15.25, 162954, 929, 0, 0
6102, 1, 950, 1196, 225, 0, 28.52%, 0, 0, 8, 14.98, 163060, 929, 0, 0
6107, 1, 1018, 1196, 224, 0, 28.52%, 0, 0, 8, 23.58, 163187, 929, 0, 0
6112, 1, 1099, 1196, 223, 0, 28.52%, 0, 0, 8, 23.75, 163319, 929, 0, 0
6117, 1, 1099, 1196, 223, 0, 28.52%, 0, 0, 8, 17.91, 163402, 929, 0, 0
6122, 1, 1099, 1196, 223, 0, 28.52%, 0, 0, 8, 16.43, 163485, 929, 0, 0
6127, 1, 1099, 1196, 223, 0, 28.52%, 0, 0, 8, 14.97, 163562, 929, 0, 0
6133, 1, 1099, 1196, 223, 0, 28.52%, 0, 0, 8, 13.94, 163631, 929, 0, 0
6138, 1, 1099, 1196, 223, 0, 28.52%, 0, 0, 8, 14.67, 163706, 929, 0, 0
6143, 1, 1099, 1196, 223, 0, 28.52%, 0, 0, 8, 15.51, 163786, 929, 0, 0
6148, 1, 1099, 1196, 223, 0, 28.52%, 0, 0, 8, 15.66, 163865, 929, 0, 0
6153, 1, 1099, 1196, 223, 0, 28.52%, 0, 0, 8, 15.76, 163945, 929, 0, 0
6158, 1, 1099, 1196, 223, 0, 28.52%, 0, 0, 8, 15.78, 164025, 929, 0, 0
6163, 1, 1099, 1196, 223, 0, 28.52%, 0, 0, 8, 15.05, 164102, 929, 0, 0
6169, 1, 1099, 1196, 223, 0, 28.52%, 0, 0, 8, 14.33, 164187, 929, 0, 0
6176, 1, 785, 1196, 221, 0, 28.52%, 0, 0, 8, 23.96, 164365, 929, 0, 0
6181, 1, 472, 1196, 219, 0, 28.52%, 0, 0, 8, 23.26, 164491, 929, 0, 0
6186, 1, 1170, 1196, 218, 0, 28.52%, 0, 0, 8, 23.51, 164622, 929, 0, 0
6191, 1, 1170, 1196, 218, 0, 28.52%, 0, 0, 8, 20.75, 164711, 929, 0, 0
6196, 1, 1170, 1196, 218, 0, 28.52%, 0, 0, 8, 17.67, 164796, 929, 0, 0
6201, 1, 1170, 1196, 218, 0, 28.52%, 0, 0, 8, 16.98, 164881, 929, 0, 0
6206, 1, 1050, 1196, 216, 0, 28.52%, 0, 0, 8, 23.26, 164996, 929, 0, 0
6212, 1, 1050, 1196, 216, 0, 28.52%, 0, 0, 8, 24.72, 165164, 929, 0, 0
6217, 1, 1050, 1196, 216, 0, 28.52%, 0, 0, 8, 28.20, 165300, 929, 0, 0
6222, 1, 995, 1196, 215, 0, 28.52%, 0, 0, 8, 20.53, 165413, 929, 0, 0
6227, 1, 995, 1196, 215, 0, 28.52%, 0, 0, 8, 14.82, 165479, 929, 0, 0
6232, 1, 995, 1196, 215, 0, 28.52%, 0, 0, 8, 13.60, 165546, 929, 0, 0
6237, 1, 995, 1196, 215, 0, 28.52%, 0, 0, 8, 12.91, 165612, 929, 0, 0
6242, 1, 995, 1196, 215, 0, 28.52%, 0, 0, 8, 12.74, 165678, 929, 0, 0
6248, 1, 995, 1196, 215, 0, 28.52%, 0, 0, 8, 12.63, 165744, 929, 0, 0
6253, 1, 995, 1196, 215, 0, 28.52%, 0, 0, 8, 12.77, 165810, 929, 0, 0
6258, 1, 381, 1196, 213, 0, 28.52%, 0, 0, 8, 21.79, 165925, 929, 0, 0
6263, 1, 1104, 1196, 213, 0, 28.52%, 0, 0, 8, 21.71, 166035, 929, 0, 0
6268, 1, 1104, 1196, 213, 0, 28.52%, 0, 0, 8, 19.47, 166131, 929, 0, 0
6273, 1, 1194, 1197, 213, 0, 28.52%, 0, 0, 8, 23.23, 166250, 929, 0, 0
6278, 1, 654, 1197, 212, 0, 28.52%, 0, 0, 8, 24.99, 166376, 929, 0, 0
6283, 1, 1090, 1197, 212, 0, 28.52%, 0, 0, 8, 34.73, 166566, 929, 0, 0
6289, 1, 1090, 1197, 212, 0, 28.52%, 0, 0, 8, 37.71, 166786, 929, 0, 0
6294, 1, 734, 1197, 211, 0, 28.52%, 0, 0, 8, 32.52, 166953, 929, 0, 0
6299, 1, 961, 1197, 210, 0, 28.52%, 0, 0, 8, 29.36, 167104, 929, 0, 0
6305, 1, 1016, 1197, 208, 0, 28.52%, 0, 0, 8, 32.09, 167261, 929, 0, 0
6310, 1, 1016, 1197, 208, 0, 28.52%, 0, 0, 8, 23.36, 167367, 929, 0, 0
6315, 1, 955, 1197, 207, 0, 28.52%, 0, 0, 8, 22.64, 167477, 929, 0, 0
6320, 1, 1133, 1197, 206, 0, 28.52%, 0, 0, 8, 23.41, 167604, 929, 0, 0
6325, 1, 772, 1197, 205, 0, 28.52%, 0, 0, 8, 22.12, 167719, 929, 0, 0
6330, 1, 1082, 1197, 204, 0, 28.52%, 0, 0, 8, 21.19, 167832, 929, 0, 0
6335, 1, 1082, 1197, 204, 0, 28.52%, 0, 0, 8, 20.06, 167932, 929, 0, 0
6340, 1, 1057, 1197, 203, 0, 28.52%, 0, 0, 8, 23.78, 168054, 929, 0, 0
6345, 1, 1057, 1197, 203, 0, 28.52%, 0, 0, 8, 21.75, 168160, 929, 0, 0
6351, 1, 1057, 1197, 203, 0, 28.52%, 0, 0, 8, 20.88, 168264, 929, 0, 0
6356, 1, 1057, 1197, 203, 0, 28.52%, 0, 0, 8, 20.74, 168369, 929, 0, 0
6361, 1, 1057, 1197, 203, 0, 28.52%, 0, 0, 8, 20.91, 168474, 929, 0, 0
6366, 1, 1057, 1197, 203, 0, 28.52%, 0, 0, 8, 20.76, 168579, 929, 0, 0
6371, 1, 1057, 1197, 203, 0, 28.52%, 0, 0, 8, 20.47, 168686, 929, 0, 0
6378, 1, 1057, 1197, 203, 0, 28.52%, 0, 0, 8, 20.56, 168830, 929, 0, 0
6383, 1, 851, 1197, 201, 0, 28.52%, 0, 0, 8, 27.46, 169003, 929, 0, 0
6389, 1, 851, 1205, 208, 0, 28.55%, 0, 0, 8, 21.92, 169097, 930, 0, 0
6394, 1, 1200, 1207, 210, 1, 28.55%, 0, 0, 8, 22.93, 169212, 930, 0, 0
6399, 1, 1200, 1207, 210, 1, 28.55%, 0, 0, 8, 23.50, 169332, 930, 0, 0
6404, 1, 1200, 1207, 210, 1, 28.55%, 0, 0, 8, 24.82, 169461, 930, 0, 0
6410, 1, 1200, 1207, 210, 1, 28.55%, 0, 0, 8, 21.92, 169600, 930, 0, 0
6415, 1, 1200, 1207, 210, 1, 28.55%, 0, 1, 8, 19.73, 169679, 930, 0, 0
6420, 1, 1200, 1207, 210, 1, 28.55%, 0, 1, 8, 20.69, 169782, 930, 0, 0
6425, 1, 1200, 1207, 210, 1, 28.55%, 0, 1, 8, 21.64, 169889, 930, 0, 0
6430, 1, 1200, 1207, 210, 1, 28.55%, 0, 1, 8, 21.80, 169999, 930, 0, 0
6436, 1, 1200, 1207, 210, 1, 28.55%, 0, 1, 8, 22.05, 170117, 930, 0, 0
6441, 1, 1200, 1207, 210, 1, 28.55%, 0, 1, 8, 22.43, 170230, 930, 0, 0
6446, 1, 1200, 1207, 210, 1, 28.55%, 0, 1, 8, 22.11, 170346, 930, 0, 0
6451, 1, 1200, 1207, 210, 1, 28.55%, 0, 1, 8, 21.98, 170458, 930, 0, 0
6456, 1, 1013, 1207, 208, 0, 28.55%, 0, 1, 8, 21.26, 170571, 930, 0, 0
6461, 1, 1013, 1207, 208, 0, 28.55%, 0, 1, 8, 16.54, 170649, 930, 0, 0
6468, 1, 1013, 1207, 208, 0, 28.55%, 0, 1, 8, 15.91, 170753, 930, 0, 0
6473, 1, 408, 1207, 207, 0, 28.55%, 0, 1, 8, 24.43, 170915, 930, 0, 0
6478, 1, 1084, 1207, 206, 0, 28.55%, 0, 1, 8, 21.63, 171024, 930, 0, 0
6483, 1, 1084, 1207, 206, 0, 28.55%, 0, 1, 8, 20.71, 171127, 930, 0, 0
6488, 1, 1084, 1207, 206, 0, 28.55%, 0, 1, 8, 19.80, 171230, 930, 0, 0
6493, 1, 1084, 1207, 206, 0, 28.55%, 0, 1, 8, 20.78, 171332, 930, 0, 0
6498, 1, 1084, 1207, 206, 0, 28.55%, 0, 1, 8, 22.17, 171446, 930, 0, 0
6503, 1, 1084, 1207, 206, 0, 28.55%, 0, 1, 8, 19.10, 171538, 930, 0, 0
6508, 1, 1084, 1207, 206, 0, 28.55%, 0, 1, 8, 18.27, 171630, 930, 0, 0
6513, 1, 987, 1207, 205, 0, 28.55%, 0, 1, 8, 16.67, 171715, 930, 0, 0
6518, 1, 145, 1207, 204, 0, 28.55%, 0, 1, 8, 18.56, 171797, 930, 0, 0
6523, 1, 1181, 1207, 204, 0, 28.55%, 0, 1, 8, 25.12, 171942, 930, 0, 0
6529, 1, 1181, 1207, 204, 0, 28.55%, 0, 1, 8, 25.26, 172070, 930, 0, 0
6534, 1, 1181, 1207, 204, 0, 28.55%, 0, 1, 8, 25.27, 172201, 930, 0, 0
6539, 1, 1181, 1207, 204, 0, 28.55%, 0, 1, 8, 25.25, 172332, 930, 0, 0
6542, 1, 1181, 1207, 204, 0, 28.55%, 0, 1, 8, 24.68, 172396, 930, 0, 0
