# relative_time, cycles_done, cur_item, corpus_count, pending_total, pending_favs, map_size, saved_crashes, saved_hangs, max_depth, execs_per_sec, total_execs, edges_found, total_crashes, servers_count
63, 0, 1, 196, 186, 46, 19.52%, 0, 0, 2, 25.54, 2641, 600, 0, 0
68, 0, 1, 202, 192, 46, 19.52%, 0, 0, 2, 24.48, 2755, 600, 0, 0
74, 0, 1, 208, 198, 46, 19.59%, 0, 0, 2, 26.52, 2906, 602, 0, 0
79, 0, 1, 211, 201, 46, 19.59%, 0, 0, 2, 23.59, 3011, 602, 0, 0
84, 0, 1, 216, 206, 46, 19.62%, 0, 0, 2, 25.98, 3143, 603, 0, 0
89, 0, 1, 221, 211, 46, 19.62%, 0, 0, 2, 27.29, 3266, 603, 0, 0
94, 0, 1, 224, 214, 46, 19.62%, 0, 0, 2, 25.69, 3386, 603, 0, 0
99, 0, 1, 225, 215, 46, 19.62%, 0, 0, 2, 28.07, 3530, 603, 0, 0
104, 0, 1, 228, 218, 46, 19.66%, 0, 0, 2, 27.69, 3660, 604, 0, 0
110, 0, 1, 231, 221, 46, 19.66%, 0, 0, 2, 28.53, 3793, 604, 0, 0
115, 0, 1, 233, 223, 46, 19.66%, 0, 0, 2, 28.16, 3936, 604, 0, 0
120, 0, 1, 234, 224, 46, 19.66%, 0, 0, 2, 25.94, 4044, 604, 0, 0
125, 0, 1, 236, 226, 46, 19.66%, 0, 0, 2, 26.68, 4156, 604, 0, 0
131, 0, 1, 240, 230, 46, 19.66%, 0, 0, 2, 26.39, 4299, 604, 0, 0
136, 0, 1, 243, 233, 46, 19.66%, 0, 0, 2, 26.70, 4438, 604, 0, 0
141, 0, 1, 245, 235, 46, 19.72%, 0, 0, 2, 25.82, 4558, 606, 0, 0
146, 0, 1, 247, 237, 46, 19.72%, 0, 0, 2, 25.77, 4676, 606, 0, 0
152, 0, 1, 248, 238, 46, 19.72%, 0, 0, 2, 26.45, 4810, 606, 0, 0
157, 0, 1, 250, 240, 46, 19.72%, 0, 0, 2, 27.09, 4942, 606, 0, 0
162, 0, 1, 250, 240, 46, 19.72%, 0, 0, 2, 28.03, 5082, 606, 0, 0
167, 0, 1, 252, 242, 46, 19.72%, 0, 0, 2, 28.19, 5230, 606, 0, 0
172, 0, 1, 253, 243, 46, 19.72%, 0, 0, 2, 28.10, 5375, 606, 0, 0
177, 0, 1, 254, 244, 46, 19.72%, 0, 0, 2, 27.24, 5511, 606, 0, 0
182, 0, 1, 255, 245, 46, 19.72%, 0, 0, 2, 29.50, 5663, 606, 0, 0
188, 0, 1, 256, 246, 46, 19.72%, 0, 0, 2, 28.83, 5810, 606, 0, 0
193, 0, 1, 257, 247, 46, 19.72%, 0, 0, 2, 26.64, 5938, 606, 0, 0
198, 0, 1, 258, 248, 46, 19.72%, 0, 0, 2, 27.26, 6071, 606, 0, 0
203, 0, 1, 259, 249, 46, 19.72%, 0, 0, 2, 27.36, 6205, 606, 0, 0
208, 0, 1, 260, 250, 46, 19.72%, 0, 0, 2, 29.25, 6350, 606, 0, 0
213, 0, 1, 262, 252, 46, 19.72%, 0, 0, 2, 26.01, 6482, 606, 0, 0
218, 0, 1, 262, 252, 46, 19.72%, 0, 0, 2, 25.18, 6607, 606, 0, 0
223, 0, 1, 262, 252, 46, 19.72%, 0, 0, 2, 28.55, 6762, 606, 0, 0
228, 0, 1, 262, 252, 46, 19.72%, 0, 0, 2, 28.26, 6901, 606, 0, 0
234, 0, 1, 264, 254, 46, 19.72%, 0, 0, 2, 26.67, 7040, 606, 0, 0
239, 0, 1, 266, 256, 46, 19.72%, 0, 0, 2, 26.47, 7161, 606, 0, 0
244, 0, 1, 267, 257, 46, 19.72%, 0, 0, 2, 25.90, 7287, 606, 0, 0
249, 0, 1, 268, 258, 46, 19.72%, 0, 0, 2, 26.11, 7420, 606, 0, 0
254, 0, 1, 270, 260, 46, 19.72%, 0, 0, 2, 27.27, 7558, 606, 0, 0
260, 0, 1, 270, 260, 46, 19.72%, 0, 0, 2, 27.04, 7698, 606, 0, 0
265, 0, 1, 270, 260, 46, 19.72%, 0, 0, 2, 25.32, 7829, 606, 0, 0
270, 0, 1, 270, 260, 46, 19.72%, 0, 0, 2, 27.18, 7968, 606, 0, 0
276, 0, 1, 271, 261, 46, 19.72%, 0, 0, 2, 27.99, 8128, 606, 0, 0
281, 0, 1, 273, 263, 46, 19.82%, 0, 0, 2, 26.95, 8258, 609, 0, 0
286, 0, 1, 274, 264, 46, 19.82%, 0, 0, 2, 26.35, 8400, 609, 0, 0
292, 0, 1, 275, 265, 46, 19.82%, 0, 0, 2, 28.17, 8534, 609, 0, 0
297, 0, 1, 275, 265, 46, 19.82%, 0, 0, 2, 26.45, 8670, 609, 0, 0
302, 0, 1, 278, 268, 46, 19.82%, 0, 0, 2, 26.81, 8787, 609, 0, 0
307, 0, 1, 279, 269, 46, 19.82%, 0, 0, 2, 26.60, 8929, 609, 0, 0
312, 0, 1, 280, 270, 46, 19.82%, 0, 0, 2, 25.75, 9048, 609, 0, 0
317, 0, 1, 280, 270, 46, 19.82%, 0, 0, 2, 27.77, 9192, 609, 0, 0
322, 0, 1, 281, 271, 46, 19.85%, 0, 0, 2, 26.20, 9334, 610, 0, 0
327, 0, 1, 281, 271, 46, 19.85%, 0, 0, 2, 26.86, 9476, 610, 0, 0
333, 0, 9, 285, 275, 58, 20.11%, 0, 0, 2, 26.38, 9616, 618, 0, 0
338, 0, 9, 287, 277, 58, 20.18%, 0, 0, 2, 22.71, 9729, 620, 0, 0
343, 0, 9, 288, 278, 58, 20.18%, 0, 0, 2, 20.74, 9832, 620, 0, 0
348, 0, 9, 288, 278, 58, 20.18%, 0, 0, 2, 20.32, 9941, 620, 0, 0
353, 0, 9, 288, 278, 58, 20.18%, 0, 0, 2, 21.03, 10044, 620, 0, 0
358, 0, 9, 288, 278, 58, 20.18%, 0, 0, 2, 22.16, 10156, 620, 0, 0
363, 0, 9, 288, 278, 58, 20.18%, 0, 0, 2, 21.43, 10265, 620, 0, 0
369, 0, 9, 289, 279, 58, 20.18%, 0, 0, 2, 21.72, 10370, 620, 0, 0
374, 0, 9, 290, 280, 58, 20.18%, 0, 0, 2, 23.13, 10489, 620, 0, 0
379, 0, 9, 290, 280, 58, 20.18%, 0, 0, 2, 23.94, 10613, 620, 0, 0
384, 0, 9, 291, 281, 58, 20.18%, 0, 0, 2, 21.56, 10721, 620, 0, 0
389, 0, 9, 291, 281, 58, 20.18%, 0, 0, 2, 23.34, 10843, 620, 0, 0
394, 0, 9, 292, 282, 58, 20.24%, 0, 0, 2, 22.48, 10961, 622, 0, 0
400, 0, 9, 293, 283, 58, 20.24%, 0, 0, 2, 21.98, 11057, 622, 0, 0
405, 0, 9, 294, 284, 58, 20.24%, 0, 0, 2, 22.52, 11168, 622, 0, 0
410, 0, 9, 295, 285, 58, 20.27%, 0, 0, 2, 22.23, 11277, 623, 0, 0
415, 0, 9, 295, 285, 58, 20.27%, 0, 0, 2, 20.41, 11378, 623, 0, 0
420, 0, 9, 295, 285, 58, 20.27%, 0, 0, 2, 22.26, 11499, 623, 0, 0
425, 0, 9, 296, 286, 58, 20.27%, 0, 0, 2, 20.63, 11604, 623, 0, 0
430, 0, 9, 296, 286, 58, 20.27%, 0, 0, 2, 21.44, 11712, 623, 0, 0
435, 0, 9, 296, 286, 58, 20.27%, 0, 0, 2, 20.11, 11812, 623, 0, 0
440, 0, 9, 296, 286, 58, 20.27%, 0, 0, 2, 21.85, 11926, 623, 0, 0
446, 0, 9, 297, 287, 58, 20.27%, 0, 0, 2, 21.61, 12031, 623, 0, 0
451, 0, 9, 297, 287, 58, 20.27%, 0, 0, 2, 21.65, 12146, 623, 0, 0
456, 0, 9, 298, 288, 58, 20.27%, 0, 0, 2, 23.60, 12260, 623, 0, 0
461, 0, 9, 299, 289, 58, 20.31%, 0, 0, 2, 22.37, 12367, 624, 0, 0
466, 0, 9, 299, 289, 58, 20.31%, 0, 0, 2, 23.49, 12490, 624, 0, 0
472, 0, 9, 300, 290, 58, 20.31%, 0, 0, 2, 20.23, 12582, 624, 0, 0
477, 0, 9, 301, 291, 58, 20.31%, 0, 0, 2, 21.45, 12689, 624, 0, 0
482, 0, 9, 302, 292, 58, 20.31%, 0, 0, 2, 21.15, 12797, 624, 0, 0
487, 0, 9, 302, 292, 58, 20.31%, 0, 0, 2, 22.10, 12906, 624, 0, 0
492, 0, 9, 303, 293, 58, 20.34%, 0, 0, 2, 21.22, 13014, 625, 0, 0
498, 0, 9, 304, 294, 58, 20.34%, 0, 0, 2, 20.50, 13127, 625, 0, 0
503, 0, 9, 304, 294, 58, 20.34%, 0, 0, 2, 21.23, 13236, 625, 0, 0
509, 0, 9, 305, 295, 58, 20.34%, 0, 0, 2, 20.42, 13349, 625, 0, 0
514, 0, 9, 305, 295, 58, 20.34%, 0, 0, 2, 21.51, 13457, 625, 0, 0
519, 0, 9, 306, 296, 58, 20.37%, 0, 0, 2, 22.43, 13572, 626, 0, 0
524, 0, 9, 306, 296, 58, 20.37%, 0, 0, 2, 21.78, 13675, 626, 0, 0
529, 0, 9, 308, 298, 58, 20.44%, 0, 0, 2, 21.80, 13788, 628, 0, 0
534, 0, 9, 309, 299, 58, 20.47%, 0, 0, 2, 23.82, 13918, 629, 0, 0
540, 0, 9, 310, 300, 58, 20.53%, 0, 0, 2, 23.31, 14034, 631, 0, 0
545, 0, 9, 311, 301, 58, 20.57%, 0, 0, 2, 22.49, 14152, 632, 0, 0
550, 0, 9, 311, 301, 58, 20.57%, 0, 0, 2, 21.44, 14260, 632, 0, 0
555, 0, 9, 313, 303, 58, 20.60%, 0, 0, 2, 24.22, 14390, 633, 0, 0
560, 0, 9, 315, 305, 58, 20.60%, 0, 0, 2, 22.83, 14502, 633, 0, 0
565, 0, 9, 315, 305, 58, 20.60%, 0, 0, 2, 22.54, 14613, 633, 0, 0
570, 0, 9, 315, 305, 58, 20.60%, 0, 0, 2, 22.94, 14724, 633, 0, 0
576, 0, 9, 315, 305, 58, 20.60%, 0, 0, 2, 20.22, 14832, 633, 0, 0
581, 0, 9, 315, 305, 58, 20.60%, 0, 0, 2, 20.37, 14935, 633, 0, 0
586, 0, 9, 315, 305, 58, 20.60%, 0, 0, 2, 21.53, 15048, 633, 0, 0
591, 0, 9, 315, 305, 58, 20.60%, 0, 0, 2, 21.83, 15159, 633, 0, 0
596, 0, 9, 315, 305, 58, 20.60%, 0, 0, 2, 21.71, 15268, 633, 0, 0
601, 0, 9, 315, 305, 58, 20.60%, 0, 0, 2, 23.10, 15387, 633, 0, 0
606, 0, 9, 315, 305, 58, 20.60%, 0, 0, 2, 20.60, 15486, 633, 0, 0
611, 0, 9, 316, 306, 58, 20.63%, 0, 0, 2, 21.35, 15598, 634, 0, 0
616, 0, 9, 317, 307, 58, 20.66%, 0, 0, 2, 21.31, 15709, 635, 0, 0
621, 0, 9, 317, 307, 58, 20.66%, 0, 0, 2, 22.42, 15820, 635, 0, 0
627, 0, 9, 317, 307, 58, 20.66%, 0, 0, 2, 23.11, 15939, 635, 0, 0
632, 0, 9, 317, 307, 58, 20.66%, 0, 0, 2, 22.31, 16052, 635, 0, 0
637, 0, 9, 317, 307, 58, 20.66%, 0, 0, 2, 21.58, 16159, 635, 0, 0
642, 0, 9, 317, 307, 58, 20.66%, 0, 0, 2, 22.62, 16273, 635, 0, 0
647, 0, 9, 317, 307, 58, 20.66%, 0, 0, 2, 21.41, 16381, 635, 0, 0
652, 0, 9, 317, 307, 58, 20.66%, 0, 0, 2, 18.99, 16477, 635, 0, 0
657, 0, 10, 318, 308, 74, 20.66%, 0, 0, 2, 21.21, 16594, 635, 0, 0
663, 0, 10, 319, 309, 74, 20.66%, 0, 0, 2, 20.03, 16693, 635, 0, 0
668, 0, 10, 320, 310, 74, 20.66%, 0, 0, 2, 22.30, 16811, 635, 0, 0
673, 0, 10, 320, 310, 74, 20.66%, 0, 0, 2, 20.54, 16911, 635, 0, 0
678, 0, 10, 320, 310, 74, 20.66%, 0, 0, 2, 20.87, 17018, 635, 0, 0
683, 0, 10, 321, 311, 74, 20.66%, 0, 0, 2, 21.04, 17127, 635, 0, 0
688, 0, 10, 321, 311, 74, 20.66%, 0, 0, 2, 22.52, 17246, 635, 0, 0
693, 0, 10, 322, 312, 74, 20.73%, 0, 0, 2, 24.58, 17368, 637, 0, 0
698, 0, 10, 322, 312, 74, 20.73%, 0, 0, 2, 23.21, 17480, 637, 0, 0
703, 0, 10, 323, 313, 74, 20.76%, 0, 0, 2, 23.81, 17606, 638, 0, 0
708, 0, 10, 323, 313, 74, 20.76%, 0, 0, 2, 21.90, 17713, 638, 0, 0
713, 0, 10, 324, 314, 74, 20.76%, 0, 0, 2, 19.94, 17801, 638, 0, 0
719, 0, 10, 324, 314, 74, 20.76%, 0, 0, 2, 20.79, 17912, 638, 0, 0
724, 0, 10, 325, 315, 74, 20.76%, 0, 0, 2, 22.68, 18031, 638, 0, 0
729, 0, 10, 326, 316, 74, 20.76%, 0, 0, 2, 22.29, 18145, 638, 0, 0
734, 0, 10, 326, 316, 74, 20.76%, 0, 0, 2, 22.51, 18255, 638, 0, 0
739, 0, 10, 326, 316, 74, 20.76%, 0, 0, 2, 20.10, 18353, 638, 0, 0
744, 0, 10, 326, 316, 74, 20.76%, 0, 0, 2, 23.61, 18474, 638, 0, 0
749, 0, 10, 326, 316, 74, 20.76%, 0, 0, 2, 22.47, 18582, 638, 0, 0
754, 0, 10, 326, 316, 74, 20.76%, 0, 0, 2, 22.22, 18694, 638, 0, 0
759, 0, 10, 326, 316, 74, 20.76%, 0, 0, 2, 22.65, 18805, 638, 0, 0
764, 0, 10, 327, 317, 74, 20.79%, 0, 0, 2, 21.05, 18919, 639, 0, 0
769, 0, 10, 327, 317, 74, 20.79%, 0, 0, 2, 24.38, 19047, 639, 0, 0
775, 0, 10, 327, 317, 74, 20.79%, 0, 0, 2, 21.96, 19153, 639, 0, 0
780, 0, 10, 327, 317, 74, 20.79%, 0, 0, 2, 22.17, 19264, 639, 0, 0
785, 0, 10, 327, 317, 74, 20.79%, 0, 0, 2, 21.24, 19369, 639, 0, 0
790, 0, 10, 327, 317, 74, 20.79%, 0, 0, 2, 22.65, 19483, 639, 0, 0
795, 0, 10, 327, 317, 74, 20.79%, 0, 0, 2, 22.03, 19596, 639, 0, 0
800, 0, 10, 327, 317, 74, 20.79%, 0, 0, 2, 20.83, 19698, 639, 0, 0
805, 0, 10, 327, 317, 74, 20.79%, 0, 0, 2, 23.18, 19818, 639, 0, 0
810, 0, 10, 327, 317, 74, 20.79%, 0, 0, 2, 21.81, 19926, 639, 0, 0
816, 0, 10, 327, 317, 74, 20.79%, 0, 0, 2, 22.80, 20044, 639, 0, 0
821, 0, 10, 327, 317, 74, 20.79%, 0, 0, 2, 22.58, 20161, 639, 0, 0
826, 0, 10, 327, 317, 74, 20.79%, 0, 0, 2, 20.99, 20266, 639, 0, 0
831, 0, 10, 327, 317, 74, 20.79%, 0, 0, 2, 21.38, 20380, 639, 0, 0
836, 0, 10, 328, 318, 74, 20.79%, 0, 0, 2, 22.65, 20496, 639, 0, 0
841, 0, 10, 328, 318, 74, 20.79%, 0, 0, 2, 22.22, 20605, 639, 0, 0
846, 0, 10, 329, 319, 74, 20.79%, 0, 0, 2, 23.14, 20724, 639, 0, 0
851, 0, 10, 329, 319, 74, 20.79%, 0, 0, 2, 21.45, 20828, 639, 0, 0
856, 0, 10, 329, 319, 74, 20.79%, 0, 0, 2, 21.08, 20936, 639, 0, 0
862, 0, 10, 330, 320, 74, 20.79%, 0, 0, 2, 20.61, 21038, 639, 0, 0
867, 0, 10, 330, 320, 74, 20.79%, 0, 0, 2, 22.26, 21155, 639, 0, 0
872, 0, 10, 330, 320, 74, 20.79%, 0, 0, 2, 22.04, 21265, 639, 0, 0
877, 0, 10, 330, 320, 74, 20.79%, 0, 0, 2, 22.28, 21378, 639, 0, 0
882, 0, 10, 330, 320, 74, 20.79%, 0, 0, 2, 21.59, 21488, 639, 0, 0
887, 0, 10, 330, 320, 74, 20.79%, 0, 0, 2, 21.52, 21597, 639, 0, 0
892, 0, 10, 330, 320, 74, 20.79%, 0, 0, 2, 23.52, 21717, 639, 0, 0
897, 0, 10, 330, 320, 74, 20.79%, 0, 0, 2, 23.27, 21834, 639, 0, 0
902, 0, 10, 330, 320, 74, 20.79%, 0, 0, 2, 22.53, 21947, 639, 0, 0
907, 0, 10, 330, 320, 74, 20.79%, 0, 0, 2, 20.32, 22045, 639, 0, 0
913, 0, 10, 330, 320, 74, 20.79%, 0, 0, 2, 22.79, 22164, 639, 0, 0
918, 0, 10, 330, 320, 74, 20.79%, 0, 0, 2, 21.20, 22272, 639, 0, 0
923, 0, 10, 330, 320, 74, 20.79%, 0, 0, 2, 23.51, 22393, 639, 0, 0
928, 0, 10, 331, 321, 74, 20.79%, 0, 0, 2, 23.92, 22508, 639, 0, 0
933, 0, 10, 331, 321, 74, 20.79%, 0, 0, 2, 22.04, 22615, 639, 0, 0
938, 0, 10, 331, 321, 74, 20.79%, 0, 0, 2, 22.77, 22736, 639, 0, 0
943, 0, 10, 331, 321, 74, 20.79%, 0, 0, 2, 22.36, 22852, 639, 0, 0
949, 0, 10, 331, 321, 74, 20.79%, 0, 0, 2, 23.58, 22974, 639, 0, 0
954, 0, 10, 331, 321, 74, 20.79%, 0, 0, 2, 22.73, 23094, 639, 0, 0
959, 0, 12, 331, 321, 76, 20.79%, 0, 0, 2, 23.01, 23216, 639, 0, 0
964, 0, 12, 333, 323, 76, 20.79%, 0, 0, 2, 22.68, 23327, 639, 0, 0
969, 0, 12, 334, 324, 76, 20.79%, 0, 0, 2, 21.93, 23431, 639, 0, 0
974, 0, 12, 334, 324, 76, 20.79%, 0, 0, 2, 22.18, 23545, 639, 0, 0
979, 0, 12, 334, 324, 76, 20.79%, 0, 0, 2, 25.62, 23676, 639, 0, 0
985, 0, 12, 334, 324, 76, 20.79%, 0, 0, 2, 22.66, 23787, 639, 0, 0
990, 0, 12, 334, 324, 76, 20.79%, 0, 0, 2, 20.92, 23891, 639, 0, 0
995, 0, 12, 334, 324, 76, 20.79%, 0, 0, 2, 21.54, 24003, 639, 0, 0
1000, 0, 12, 334, 324, 76, 20.79%, 0, 0, 2, 24.81, 24130, 639, 0, 0
1005, 0, 12, 334, 324, 76, 20.79%, 0, 0, 2, 23.14, 24245, 639, 0, 0
1010, 0, 12, 334, 324, 76, 20.79%, 0, 0, 2, 21.78, 24358, 639, 0, 0
1015, 0, 12, 334, 324, 76, 20.79%, 0, 0, 2, 22.78, 24472, 639, 0, 0
1020, 0, 12, 334, 324, 76, 20.79%, 0, 0, 2, 23.39, 24592, 639, 0, 0
1025, 0, 12, 334, 324, 76, 20.79%, 0, 0, 2, 20.81, 24694, 639, 0, 0
1031, 0, 12, 334, 324, 76, 20.79%, 0, 0, 2, 21.69, 24805, 639, 0, 0
1036, 0, 12, 335, 325, 76, 20.83%, 0, 0, 2, 23.13, 24926, 640, 0, 0
1041, 0, 12, 335, 325, 76, 20.83%, 0, 0, 2, 21.95, 25031, 640, 0, 0
1046, 0, 12, 335, 325, 76, 20.83%, 0, 0, 2, 22.30, 25145, 640, 0, 0
1051, 0, 12, 335, 325, 76, 20.83%, 0, 0, 2, 23.04, 25259, 640, 0, 0
1056, 0, 12, 335, 325, 76, 20.83%, 0, 0, 2, 22.67, 25375, 640, 0, 0
1061, 0, 12, 335, 325, 76, 20.83%, 0, 0, 2, 23.25, 25496, 640, 0, 0
1067, 0, 12, 335, 325, 76, 20.83%, 0, 0, 2, 24.68, 25625, 640, 0, 0
1072, 0, 12, 335, 325, 76, 20.83%, 0, 0, 2, 22.32, 25736, 640, 0, 0
1077, 0, 12, 336, 326, 76, 20.83%, 0, 0, 2, 20.25, 25835, 640, 0, 0
1082, 0, 12, 337, 327, 76, 20.83%, 0, 0, 2, 22.09, 25947, 640, 0, 0
1087, 0, 12, 338, 328, 76, 20.83%, 0, 0, 2, 22.14, 26060, 640, 0, 0
1092, 0, 12, 338, 328, 76, 20.83%, 0, 0, 2, 21.34, 26169, 640, 0, 0
1097, 0, 12, 339, 329, 76, 20.83%, 0, 0, 2, 23.04, 26290, 640, 0, 0
1102, 0, 12, 339, 329, 76, 20.83%, 0, 0, 2, 23.60, 26410, 640, 0, 0
1108, 0, 12, 339, 329, 76, 20.83%, 0, 0, 2, 23.22, 26526, 640, 0, 0
1113, 0, 12, 340, 330, 76, 20.83%, 0, 0, 2, 23.34, 26635, 640, 0, 0
1118, 0, 12, 340, 330, 76, 20.83%, 0, 0, 2, 22.44, 26746, 640, 0, 0
1123, 0, 12, 340, 330, 76, 20.83%, 0, 0, 2, 23.80, 26864, 640, 0, 0
1128, 0, 12, 340, 330, 76, 20.83%, 0, 0, 2, 22.91, 26980, 640, 0, 0
1133, 0, 12, 341, 331, 76, 20.86%, 0, 0, 2, 23.70, 27106, 641, 0, 0
1138, 0, 12, 341, 331, 76, 20.86%, 0, 0, 2, 23.13, 27222, 641, 0, 0
1143, 0, 12, 341, 331, 76, 20.86%, 0, 0, 2, 21.58, 27328, 641, 0, 0
1148, 0, 12, 341, 331, 76, 20.86%, 0, 0, 2, 22.11, 27443, 641, 0, 0
1154, 0, 12, 341, 331, 76, 20.86%, 0, 0, 2, 23.49, 27565, 641, 0, 0
1159, 0, 12, 341, 331, 76, 20.86%, 0, 0, 2, 22.93, 27683, 641, 0, 0
1164, 0, 12, 341, 331, 76, 20.86%, 0, 0, 2, 22.97, 27803, 641, 0, 0
1169, 0, 12, 341, 331, 76, 20.86%, 0, 0, 2, 22.47, 27917, 641, 0, 0
1174, 0, 12, 342, 332, 76, 20.86%, 0, 0, 2, 20.65, 28021, 641, 0, 0
1180, 0, 12, 343, 333, 76, 20.86%, 0, 0, 2, 22.34, 28139, 641, 0, 0
1185, 0, 12, 343, 333, 76, 20.86%, 0, 0, 2, 22.77, 28258, 641, 0, 0
1190, 0, 12, 343, 333, 76, 20.86%, 0, 0, 2, 22.42, 28370, 641, 0, 0
1195, 0, 12, 343, 333, 76, 20.86%, 0, 0, 2, 21.49, 28479, 641, 0, 0
1200, 0, 12, 343, 333, 76, 20.86%, 0, 0, 2, 22.29, 28592, 641, 0, 0
1206, 0, 12, 343, 333, 76, 20.86%, 0, 0, 2, 23.90, 28715, 641, 0, 0
1211, 0, 12, 344, 334, 76, 20.86%, 0, 0, 2, 21.65, 28820, 641, 0, 0
1216, 0, 12, 344, 334, 76, 20.86%, 0, 0, 2, 22.76, 28939, 641, 0, 0
1221, 0, 12, 344, 334, 76, 20.86%, 0, 0, 2, 22.44, 29053, 641, 0, 0
1226, 0, 12, 344, 334, 76, 20.86%, 0, 0, 2, 22.05, 29168, 641, 0, 0
1231, 0, 12, 344, 334, 76, 20.86%, 0, 0, 2, 21.77, 29284, 641, 0, 0
1236, 0, 12, 344, 334, 76, 20.86%, 0, 0, 2, 24.07, 29410, 641, 0, 0
1242, 0, 12, 344, 334, 76, 20.86%, 0, 0, 2, 22.81, 29528, 641, 0, 0
1247, 0, 12, 344, 334, 76, 20.86%, 0, 0, 2, 22.28, 29639, 641, 0, 0
1252, 0, 12, 344, 334, 76, 20.86%, 0, 0, 2, 22.45, 29749, 641, 0, 0
1257, 0, 12, 345, 335, 76, 20.86%, 0, 0, 2, 23.11, 29866, 641, 0, 0
1262, 0, 13, 345, 335, 76, 20.86%, 0, 0, 2, 22.98, 29982, 641, 0, 0
1268, 0, 13, 350, 340, 76, 20.86%, 0, 0, 2, 21.06, 30091, 641, 0, 0
1273, 0, 13, 357, 347, 76, 20.96%, 0, 0, 2, 21.72, 30205, 644, 0, 0
1278, 0, 13, 365, 355, 76, 20.99%, 0, 0, 2, 23.04, 30313, 645, 0, 0
1283, 0, 13, 371, 361, 76, 20.99%, 0, 0, 2, 21.02, 30392, 645, 0, 0
1289, 0, 13, 380, 370, 76, 21.05%, 0, 0, 2, 21.46, 30515, 647, 0, 0
1294, 0, 13, 387, 377, 76, 21.09%, 0, 0, 2, 21.27, 30610, 648, 0, 0
1300, 0, 13, 395, 385, 76, 21.12%, 0, 0, 2, 21.64, 30716, 649, 0, 0
1306, 0, 13, 406, 396, 76, 21.41%, 0, 0, 2, 25.97, 30851, 658, 0, 0
1311, 0, 13, 419, 409, 76, 21.51%, 0, 0, 2, 28.58, 31011, 661, 0, 0
1317, 0, 13, 426, 416, 76, 21.54%, 0, 0, 2, 26.03, 31103, 662, 0, 0
1322, 0, 18, 433, 423, 94, 21.54%, 0, 0, 2, 25.23, 31222, 662, 0, 0
1327, 0, 18, 433, 423, 94, 21.54%, 0, 0, 2, 22.54, 31333, 662, 0, 0
1332, 0, 18, 433, 423, 94, 21.54%, 0, 0, 2, 22.13, 31448, 662, 0, 0
1337, 0, 18, 433, 423, 94, 21.54%, 0, 0, 2, 23.22, 31569, 662, 0, 0
1342, 0, 18, 433, 423, 94, 21.54%, 0, 0, 2, 20.94, 31670, 662, 0, 0
1347, 0, 18, 434, 424, 94, 21.54%, 0, 0, 2, 21.59, 31781, 662, 0, 0
1352, 0, 18, 434, 424, 94, 21.54%, 0, 0, 2, 21.89, 31891, 662, 0, 0
1358, 0, 18, 434, 424, 94, 21.54%, 0, 0, 2, 22.28, 32010, 662, 0, 0
1363, 0, 18, 434, 424, 94, 21.54%, 0, 0, 2, 21.09, 32115, 662, 0, 0
1368, 0, 18, 434, 424, 94, 21.54%, 0, 0, 2, 20.08, 32215, 662, 0, 0
1373, 0, 18, 434, 424, 94, 21.54%, 0, 0, 2, 21.47, 32324, 662, 0, 0
1378, 0, 18, 434, 424, 94, 21.54%, 0, 0, 2, 20.90, 32432, 662, 0, 0
1383, 0, 18, 434, 424, 94, 21.54%, 0, 0, 2, 24.23, 32557, 662, 0, 0
1388, 0, 18, 434, 424, 94, 21.54%, 0, 0, 2, 22.91, 32673, 662, 0, 0
1393, 0, 18, 434, 424, 94, 21.54%, 0, 0, 2, 21.83, 32778, 662, 0, 0
1398, 0, 18, 434, 424, 94, 21.54%, 0, 0, 2, 22.61, 32897, 662, 0, 0
1403, 0, 18, 434, 424, 94, 21.54%, 0, 0, 2, 22.67, 33008, 662, 0, 0
1408, 0, 18, 434, 424, 94, 21.54%, 0, 0, 2, 20.28, 33109, 662, 0, 0
1413, 0, 18, 434, 424, 94, 21.54%, 0, 0, 2, 21.97, 33222, 662, 0, 0
1418, 0, 18, 434, 424, 94, 21.54%, 0, 0, 2, 22.20, 33327, 662, 0, 0
1423, 0, 18, 434, 424, 94, 21.54%, 0, 0, 2, 21.49, 33433, 662, 0, 0
1429, 0, 18, 434, 424, 94, 21.54%, 0, 0, 2, 21.43, 33544, 662, 0, 0
1434, 0, 18, 434, 424, 94, 21.54%, 0, 0, 2, 20.59, 33651, 662, 0, 0
1439, 0, 18, 434, 424, 94, 21.54%, 0, 0, 2, 21.14, 33761, 662, 0, 0
1444, 0, 18, 434, 424, 94, 21.54%, 0, 0, 2, 21.22, 33870, 662, 0, 0
1449, 0, 18, 434, 424, 94, 21.54%, 0, 0, 2, 21.53, 33979, 662, 0, 0
1454, 0, 18, 434, 424, 94, 21.54%, 0, 0, 2, 22.16, 34094, 662, 0, 0
1459, 0, 18, 434, 424, 94, 21.54%, 0, 0, 2, 20.78, 34194, 662, 0, 0
1464, 0, 18, 434, 424, 94, 21.54%, 0, 0, 2, 20.57, 34299, 662, 0, 0
1469, 0, 18, 434, 424, 94, 21.54%, 0, 0, 2, 21.58, 34407, 662, 0, 0
1475, 0, 18, 434, 424, 94, 21.54%, 0, 0, 2, 22.24, 34523, 662, 0, 0
1480, 0, 18, 435, 425, 94, 21.58%, 0, 0, 2, 22.10, 34631, 663, 0, 0
1485, 0, 18, 435, 425, 94, 21.58%, 0, 0, 2, 22.90, 34744, 663, 0, 0
1490, 0, 18, 435, 425, 94, 21.58%, 0, 0, 2, 21.57, 34851, 663, 0, 0
1495, 0, 18, 435, 425, 94, 21.58%, 0, 0, 2, 22.01, 34965, 663, 0, 0
1500, 0, 18, 436, 426, 94, 21.64%, 0, 0, 2, 21.64, 35076, 665, 0, 0
1506, 0, 18, 436, 426, 94, 21.64%, 0, 0, 2, 23.32, 35194, 665, 0, 0
1511, 0, 18, 436, 426, 94, 21.64%, 0, 0, 2, 23.71, 35314, 665, 0, 0
1516, 0, 18, 436, 426, 94, 21.64%, 0, 0, 2, 21.11, 35416, 665, 0, 0
1521, 0, 18, 436, 426, 94, 21.64%, 0, 0, 2, 19.90, 35513, 665, 0, 0
1526, 0, 18, 436, 426, 94, 21.64%, 0, 0, 2, 21.60, 35628, 665, 0, 0
1531, 0, 18, 436, 426, 94, 21.64%, 0, 0, 2, 21.68, 35734, 665, 0, 0
1536, 0, 18, 436, 426, 94, 21.64%, 0, 0, 2, 20.92, 35841, 665, 0, 0
1541, 0, 18, 436, 426, 94, 21.64%, 0, 0, 2, 20.58, 35942, 665, 0, 0
1546, 0, 18, 436, 426, 94, 21.64%, 0, 0, 2, 20.22, 36049, 665, 0, 0
1552, 0, 18, 436, 426, 94, 21.64%, 0, 0, 2, 21.69, 36164, 665, 0, 0
1557, 0, 18, 436, 426, 94, 21.64%, 0, 0, 2, 23.66, 36285, 665, 0, 0
1562, 0, 18, 436, 426, 94, 21.64%, 0, 0, 2, 20.67, 36387, 665, 0, 0
1567, 0, 18, 436, 426, 94, 21.64%, 0, 0, 2, 20.60, 36489, 665, 0, 0
1572, 0, 18, 436, 426, 94, 21.64%, 0, 0, 2, 21.50, 36600, 665, 0, 0
1577, 0, 18, 436, 426, 94, 21.64%, 0, 0, 2, 21.47, 36710, 665, 0, 0
1582, 0, 18, 436, 426, 94, 21.64%, 0, 0, 2, 21.14, 36817, 665, 0, 0
1587, 0, 18, 436, 426, 94, 21.64%, 0, 0, 2, 21.73, 36928, 665, 0, 0
1592, 0, 18, 436, 426, 94, 21.64%, 0, 0, 2, 22.93, 37045, 665, 0, 0
1597, 0, 18, 436, 426, 94, 21.64%, 0, 0, 2, 21.79, 37149, 665, 0, 0
1603, 0, 18, 436, 426, 94, 21.64%, 0, 0, 2, 21.12, 37258, 665, 0, 0
1608, 0, 18, 436, 426, 94, 21.64%, 0, 0, 2, 21.32, 37372, 665, 0, 0
1613, 0, 18, 436, 426, 94, 21.64%, 0, 0, 2, 20.09, 37473, 665, 0, 0
1618, 0, 18, 436, 426, 94, 21.64%, 0, 0, 2, 24.30, 37595, 665, 0, 0
1623, 0, 18, 436, 426, 94, 21.64%, 0, 0, 2, 22.19, 37702, 665, 0, 0
1628, 0, 22, 436, 426, 96, 21.64%, 0, 0, 2, 21.88, 37815, 665, 0, 0
1634, 0, 22, 437, 427, 96, 21.67%, 0, 0, 2, 22.55, 37935, 666, 0, 0
1639, 0, 22, 437, 427, 96, 21.67%, 0, 0, 2, 22.88, 38056, 666, 0, 0
1644, 0, 22, 438, 428, 96, 21.71%, 0, 0, 2, 21.92, 38167, 667, 0, 0
1649, 0, 22, 438, 428, 96, 21.71%, 0, 0, 2, 20.56, 38271, 667, 0, 0
1654, 0, 22, 439, 429, 96, 21.74%, 0, 0, 2, 21.16, 38380, 668, 0, 0
1659, 0, 22, 439, 429, 96, 21.74%, 0, 0, 2, 21.93, 38492, 668, 0, 0
1664, 0, 22, 439, 429, 96, 21.74%, 0, 0, 2, 22.49, 38602, 668, 0, 0
1669, 0, 22, 439, 429, 96, 21.74%, 0, 0, 2, 21.67, 38712, 668, 0, 0
1675, 0, 22, 439, 429, 96, 21.74%, 0, 0, 2, 23.36, 38833, 668, 0, 0
1680, 0, 22, 439, 429, 96, 21.74%, 0, 0, 2, 21.76, 38941, 668, 0, 0
1685, 0, 22, 439, 429, 96, 21.74%, 0, 0, 2, 21.22, 39047, 668, 0, 0
1690, 0, 22, 439, 429, 96, 21.74%, 0, 0, 2, 21.30, 39159, 668, 0, 0
1695, 0, 22, 439, 429, 96, 21.74%, 0, 0, 2, 22.19, 39272, 668, 0, 0
1700, 0, 22, 439, 429, 96, 21.74%, 0, 0, 2, 21.51, 39387, 668, 0, 0
1705, 0, 22, 439, 429, 96, 21.74%, 0, 0, 2, 22.47, 39503, 668, 0, 0
1710, 0, 22, 439, 429, 96, 21.74%, 0, 0, 2, 20.73, 39604, 668, 0, 0
1715, 0, 22, 439, 429, 96, 21.74%, 0, 0, 2, 22.40, 39723, 668, 0, 0
1721, 0, 22, 439, 429, 96, 21.74%, 0, 0, 2, 22.79, 39838, 668, 0, 0
1726, 0, 22, 439, 429, 96, 21.74%, 0, 0, 2, 22.20, 39949, 668, 0, 0
1731, 0, 22, 439, 429, 96, 21.74%, 0, 0, 2, 20.63, 40055, 668, 0, 0
1736, 0, 22, 439, 429, 96, 21.74%, 0, 0, 2, 19.92, 40155, 668, 0, 0
1741, 0, 22, 439, 429, 96, 21.74%, 0, 0, 2, 22.11, 40272, 668, 0, 0
1746, 0, 22, 439, 429, 96, 21.74%, 0, 0, 2, 23.27, 40388, 668, 0, 0
1751, 0, 22, 439, 429, 96, 21.74%, 0, 0, 2, 22.42, 40502, 668, 0, 0
1757, 0, 22, 440, 430, 96, 21.80%, 0, 0, 2, 22.38, 40618, 670, 0, 0
1762, 0, 22, 440, 430, 96, 21.80%, 0, 0, 2, 23.50, 40740, 670, 0, 0
1767, 0, 22, 440, 430, 96, 21.80%, 0, 0, 2, 20.85, 40845, 670, 0, 0
1772, 0, 22, 440, 430, 96, 21.80%, 0, 0, 2, 21.72, 40956, 670, 0, 0
1777, 0, 22, 440, 430, 96, 21.80%, 0, 0, 2, 22.08, 41071, 670, 0, 0
1782, 0, 22, 440, 430, 96, 21.80%, 0, 0, 2, 21.73, 41178, 670, 0, 0
1787, 0, 22, 440, 430, 96, 21.80%, 0, 0, 2, 21.60, 41284, 670, 0, 0
1792, 0, 22, 440, 430, 96, 21.80%, 0, 0, 2, 21.46, 41391, 670, 0, 0
1797, 0, 22, 440, 430, 96, 21.80%, 0, 0, 2, 20.00, 41490, 670, 0, 0
1802, 0, 22, 440, 430, 96, 21.80%, 0, 0, 2, 20.89, 41598, 670, 0, 0
1808, 0, 22, 440, 430, 96, 21.80%, 0, 0, 2, 22.03, 41714, 670, 0, 0
1813, 0, 22, 440, 430, 96, 21.80%, 0, 0, 2, 22.83, 41832, 670, 0, 0
1818, 0, 22, 440, 430, 96, 21.80%, 0, 0, 2, 22.36, 41945, 670, 0, 0
1823, 0, 22, 440, 430, 96, 21.80%, 0, 0, 2, 21.88, 42051, 670, 0, 0
1828, 0, 22, 440, 430, 96, 21.80%, 0, 0, 2, 21.05, 42159, 670, 0, 0
1833, 0, 22, 440, 430, 96, 21.80%, 0, 0, 2, 21.80, 42269, 670, 0, 0
1838, 0, 22, 440, 430, 96, 21.80%, 0, 0, 2, 20.62, 42372, 670, 0, 0
1843, 0, 22, 440, 430, 96, 21.80%, 0, 0, 2, 19.65, 42470, 670, 0, 0
1849, 0, 22, 440, 430, 96, 21.80%, 0, 0, 2, 21.18, 42580, 670, 0, 0
1854, 0, 22, 440, 430, 96, 21.80%, 0, 0, 2, 21.90, 42697, 670, 0, 0
1859, 0, 22, 440, 430, 96, 21.80%, 0, 0, 2, 20.80, 42800, 670, 0, 0
1864, 0, 22, 440, 430, 96, 21.80%, 0, 0, 2, 20.59, 42900, 670, 0, 0
1869, 0, 22, 440, 430, 96, 21.80%, 0, 0, 2, 22.03, 43017, 670, 0, 0
1874, 0, 22, 440, 430, 96, 21.80%, 0, 0, 2, 21.67, 43128, 670, 0, 0
1879, 0, 22, 440, 430, 96, 21.80%, 0, 0, 2, 21.62, 43236, 670, 0, 0
1884, 0, 22, 440, 430, 96, 21.80%, 0, 0, 2, 19.54, 43332, 670, 0, 0
1889, 0, 22, 440, 430, 96, 21.80%, 0, 0, 2, 21.52, 43443, 670, 0, 0
1895, 0, 22, 440, 430, 96, 21.80%, 0, 0, 2, 21.38, 43557, 670, 0, 0
1900, 0, 22, 440, 430, 96, 21.80%, 0, 0, 2, 20.34, 43659, 670, 0, 0
1905, 0, 22, 440, 430, 96, 21.80%, 0, 0, 2, 20.67, 43764, 670, 0, 0
1910, 0, 22, 441, 431, 96, 21.80%, 0, 0, 2, 20.44, 43874, 670, 0, 0
1915, 0, 22, 441, 431, 96, 21.80%, 0, 0, 2, 21.49, 43985, 670, 0, 0
1921, 0, 22, 441, 431, 96, 21.80%, 0, 0, 2, 20.81, 44091, 670, 0, 0
1926, 0, 22, 441, 431, 96, 21.80%, 0, 0, 2, 21.94, 44202, 670, 0, 0
1931, 0, 22, 441, 431, 96, 21.80%, 0, 0, 2, 20.32, 44303, 670, 0, 0
1936, 0, 23, 441, 431, 100, 21.80%, 0, 0, 2, 20.68, 44407, 670, 0, 0
1941, 0, 23, 441, 431, 100, 21.80%, 0, 0, 2, 21.78, 44522, 670, 0, 0
1946, 0, 23, 441, 431, 100, 21.80%, 0, 0, 2, 22.68, 44643, 670, 0, 0
1951, 0, 23, 441, 431, 100, 21.80%, 0, 0, 2, 22.05, 44753, 670, 0, 0
1956, 0, 23, 441, 431, 100, 21.80%, 0, 0, 2, 23.29, 44873, 670, 0, 0
1962, 0, 23, 441, 431, 100, 21.80%, 0, 0, 2, 22.88, 44989, 670, 0, 0
1967, 0, 23, 441, 431, 100, 21.80%, 0, 0, 2, 21.73, 45100, 670, 0, 0
1972, 0, 23, 441, 431, 100, 21.80%, 0, 0, 2, 20.75, 45206, 670, 0, 0
1977, 0, 23, 441, 431, 100, 21.80%, 0, 0, 2, 20.78, 45309, 670, 0, 0
1982, 0, 23, 441, 431, 100, 21.80%, 0, 0, 2, 21.36, 45421, 670, 0, 0
1987, 0, 23, 441, 431, 100, 21.80%, 0, 0, 2, 21.21, 45524, 670, 0, 0
1992, 0, 23, 441, 431, 100, 21.80%, 0, 0, 2, 21.76, 45634, 670, 0, 0
1998, 0, 23, 441, 431, 100, 21.80%, 0, 0, 2, 22.39, 45756, 670, 0, 0
2003, 0, 23, 441, 431, 100, 21.80%, 0, 0, 2, 21.68, 45866, 670, 0, 0
2008, 0, 23, 441, 431, 100, 21.80%, 0, 0, 2, 21.18, 45977, 670, 0, 0
2013, 0, 23, 441, 431, 100, 21.80%, 0, 0, 2, 23.05, 46098, 670, 0, 0
2018, 0, 23, 441, 431, 100, 21.80%, 0, 0, 2, 22.16, 46212, 670, 0, 0
2023, 0, 23, 441, 431, 100, 21.80%, 0, 0, 2, 21.52, 46319, 670, 0, 0
2029, 0, 23, 441, 431, 100, 21.80%, 0, 0, 2, 21.06, 46424, 670, 0, 0
2034, 0, 23, 441, 431, 100, 21.80%, 0, 0, 2, 22.65, 46540, 670, 0, 0
2039, 0, 23, 441, 431, 100, 21.80%, 0, 0, 2, 20.13, 46636, 670, 0, 0
2044, 0, 23, 441, 431, 100, 21.80%, 0, 0, 2, 20.35, 46739, 670, 0, 0
2049, 0, 23, 441, 431, 100, 21.80%, 0, 0, 2, 21.89, 46852, 670, 0, 0
2054, 0, 23, 441, 431, 100, 21.80%, 0, 0, 2, 22.42, 46964, 670, 0, 0
2059, 0, 23, 441, 431, 100, 21.80%, 0, 0, 2, 22.68, 47079, 670, 0, 0
2064, 0, 23, 441, 431, 100, 21.80%, 0, 0, 2, 22.32, 47189, 670, 0, 0
2069, 0, 23, 441, 431, 100, 21.80%, 0, 0, 2, 21.82, 47296, 670, 0, 0
2074, 0, 23, 441, 431, 100, 21.80%, 0, 0, 2, 22.43, 47410, 670, 0, 0
2079, 0, 23, 441, 431, 100, 21.80%, 0, 0, 2, 22.10, 47526, 670, 0, 0
2084, 0, 23, 441, 431, 100, 21.80%, 0, 0, 2, 19.96, 47628, 670, 0, 0
2090, 0, 24, 441, 431, 100, 21.80%, 0, 0, 2, 20.05, 47733, 670, 0, 0
2095, 0, 24, 441, 431, 100, 21.80%, 0, 0, 2, 20.63, 47838, 670, 0, 0
2100, 0, 24, 441, 431, 100, 21.80%, 0, 0, 2, 23.73, 47962, 670, 0, 0
2105, 0, 24, 441, 431, 100, 21.80%, 0, 0, 2, 22.65, 48071, 670, 0, 0
2110, 0, 24, 441, 431, 100, 21.80%, 0, 0, 2, 21.07, 48175, 670, 0, 0
2115, 0, 24, 441, 431, 100, 21.80%, 0, 0, 2, 20.83, 48277, 670, 0, 0
2120, 0, 24, 441, 431, 100, 21.80%, 0, 0, 2, 20.98, 48386, 670, 0, 0
2125, 0, 24, 441, 431, 100, 21.80%, 0, 0, 2, 20.39, 48484, 670, 0, 0
2130, 0, 24, 441, 431, 100, 21.80%, 0, 0, 2, 22.49, 48601, 670, 0, 0
2135, 0, 24, 441, 431, 100, 21.80%, 0, 0, 2, 21.59, 48714, 670, 0, 0
2141, 0, 24, 441, 431, 100, 21.80%, 0, 0, 2, 21.89, 48823, 670, 0, 0
2146, 0, 24, 441, 431, 100, 21.80%, 0, 0, 2, 20.84, 48927, 670, 0, 0
2151, 0, 24, 441, 431, 100, 21.80%, 0, 0, 2, 20.91, 49033, 670, 0, 0
2156, 0, 24, 441, 431, 100, 21.80%, 0, 0, 2, 21.83, 49144, 670, 0, 0
2161, 0, 24, 441, 431, 100, 21.80%, 0, 0, 2, 22.00, 49255, 670, 0, 0
2166, 0, 24, 441, 431, 100, 21.80%, 0, 0, 2, 20.69, 49359, 670, 0, 0
2171, 0, 24, 441, 431, 100, 21.80%, 0, 0, 2, 21.38, 49466, 670, 0, 0
2176, 0, 24, 441, 431, 100, 21.80%, 0, 0, 2, 22.13, 49579, 670, 0, 0
2182, 0, 24, 441, 431, 100, 21.80%, 0, 0, 2, 21.26, 49688, 670, 0, 0
2187, 0, 24, 441, 431, 100, 21.80%, 0, 0, 2, 23.04, 49807, 670, 0, 0
2192, 0, 24, 441, 431, 100, 21.80%, 0, 0, 2, 22.80, 49923, 670, 0, 0
2197, 0, 24, 441, 431, 100, 21.80%, 0, 0, 2, 22.13, 50037, 670, 0, 0
2202, 0, 24, 441, 431, 100, 21.80%, 0, 0, 2, 20.92, 50142, 670, 0, 0
2207, 0, 24, 441, 431, 100, 21.80%, 0, 0, 2, 21.91, 50256, 670, 0, 0
2212, 0, 24, 441, 431, 100, 21.80%, 0, 0, 2, 23.17, 50373, 670, 0, 0
2217, 0, 24, 441, 431, 100, 21.80%, 0, 0, 2, 20.94, 50479, 670, 0, 0
2222, 0, 24, 441, 431, 100, 21.80%, 0, 0, 2, 22.06, 50591, 670, 0, 0
2227, 0, 24, 441, 431, 100, 21.80%, 0, 0, 2, 21.51, 50699, 670, 0, 0
2233, 0, 24, 441, 431, 100, 21.80%, 0, 0, 2, 20.46, 50802, 670, 0, 0
2238, 0, 24, 441, 431, 100, 21.80%, 0, 0, 2, 19.49, 50901, 670, 0, 0
2243, 0, 28, 441, 431, 100, 21.80%, 0, 0, 2, 20.53, 51008, 670, 0, 0
2248, 0, 28, 441, 431, 100, 21.80%, 0, 0, 2, 22.65, 51125, 670, 0, 0
2253, 0, 28, 441, 431, 100, 21.80%, 0, 0, 2, 21.66, 51231, 670, 0, 0
2258, 0, 28, 441, 431, 100, 21.80%, 0, 0, 2, 22.03, 51349, 670, 0, 0
2263, 0, 28, 441, 431, 100, 21.80%, 0, 0, 2, 22.11, 51463, 670, 0, 0
2268, 0, 28, 441, 431, 100, 21.80%, 0, 0, 2, 20.58, 51562, 670, 0, 0
2273, 0, 28, 441, 431, 100, 21.80%, 0, 0, 2, 20.72, 51668, 670, 0, 0
2279, 0, 28, 441, 431, 100, 21.80%, 0, 0, 2, 21.87, 51782, 670, 0, 0
2284, 0, 28, 441, 431, 100, 21.80%, 0, 0, 2, 22.25, 51899, 670, 0, 0
2289, 0, 28, 441, 431, 100, 21.80%, 0, 0, 2, 22.47, 52019, 670, 0, 0
2294, 0, 28, 441, 431, 100, 21.80%, 0, 0, 2, 21.74, 52131, 670, 0, 0
2299, 0, 28, 441, 431, 100, 21.80%, 0, 0, 2, 19.76, 52225, 670, 0, 0
2304, 0, 28, 441, 431, 100, 21.80%, 0, 0, 2, 21.51, 52340, 670, 0, 0
2309, 0, 28, 441, 431, 100, 21.80%, 0, 0, 2, 21.26, 52451, 670, 0, 0
2315, 0, 28, 441, 431, 100, 21.80%, 0, 0, 2, 21.03, 52563, 670, 0, 0
2320, 0, 28, 441, 431, 100, 21.80%, 0, 0, 2, 20.01, 52668, 670, 0, 0
2325, 0, 28, 441, 431, 100, 21.80%, 0, 0, 2, 21.79, 52778, 670, 0, 0
2330, 0, 28, 441, 431, 100, 21.80%, 0, 0, 2, 22.29, 52893, 670, 0, 0
2335, 0, 28, 441, 431, 100, 21.80%, 0, 0, 2, 23.46, 53018, 670, 0, 0
2340, 0, 28, 441, 431, 100, 21.80%, 0, 0, 2, 23.09, 53132, 670, 0, 0
2345, 0, 28, 441, 431, 100, 21.80%, 0, 0, 2, 23.42, 53250, 670, 0, 0
2351, 0, 28, 441, 431, 100, 21.80%, 0, 0, 2, 22.36, 53365, 670, 0, 0
2356, 0, 28, 441, 431, 100, 21.80%, 0, 0, 2, 21.58, 53473, 670, 0, 0
2361, 0, 28, 441, 431, 100, 21.80%, 0, 0, 2, 23.27, 53593, 670, 0, 0
2366, 0, 28, 441, 431, 100, 21.80%, 0, 0, 2, 24.51, 53715, 670, 0, 0
2371, 0, 28, 441, 431, 100, 21.80%, 0, 0, 2, 22.66, 53824, 670, 0, 0
2376, 0, 28, 441, 431, 100, 21.80%, 0, 0, 2, 21.40, 53933, 670, 0, 0
2381, 0, 28, 441, 431, 100, 21.80%, 0, 0, 2, 22.33, 54045, 670, 0, 0
2386, 0, 28, 441, 431, 100, 21.80%, 0, 0, 2, 21.95, 54159, 670, 0, 0
2391, 0, 29, 441, 431, 100, 21.80%, 0, 0, 2, 20.17, 54260, 670, 0, 0
2397, 0, 29, 441, 431, 100, 21.80%, 0, 0, 2, 20.47, 54364, 670, 0, 0
2402, 0, 29, 441, 431, 100, 21.80%, 0, 0, 2, 23.25, 54488, 670, 0, 0
2407, 0, 29, 441, 431, 100, 21.80%, 0, 0, 2, 24.33, 54606, 670, 0, 0
2412, 0, 29, 441, 431, 100, 21.80%, 0, 0, 2, 23.07, 54721, 670, 0, 0
2417, 0, 29, 441, 431, 100, 21.80%, 0, 0, 2, 21.47, 54826, 670, 0, 0
2422, 0, 29, 441, 431, 100, 21.80%, 0, 0, 2, 20.89, 54932, 670, 0, 0
2427, 0, 29, 441, 431, 100, 21.80%, 0, 0, 2, 22.23, 55048, 670, 0, 0
2432, 0, 29, 441, 431, 100, 21.80%, 0, 0, 2, 24.00, 55175, 670, 0, 0
2437, 0, 29, 441, 431, 100, 21.80%, 0, 0, 2, 21.78, 55279, 670, 0, 0
2442, 0, 29, 441, 431, 100, 21.80%, 0, 0, 2, 23.20, 55396, 670, 0, 0
2448, 0, 29, 441, 431, 100, 21.80%, 0, 0, 2, 21.78, 55505, 670, 0, 0
2453, 0, 29, 441, 431, 100, 21.80%, 0, 0, 2, 21.47, 55611, 670, 0, 0
2458, 0, 29, 441, 431, 100, 21.80%, 0, 0, 2, 21.45, 55718, 670, 0, 0
2463, 0, 29, 441, 431, 100, 21.80%, 0, 0, 2, 20.91, 55819, 670, 0, 0
2468, 0, 29, 441, 431, 100, 21.80%, 0, 0, 2, 22.80, 55937, 670, 0, 0
2473, 0, 29, 441, 431, 100, 21.80%, 0, 0, 2, 21.41, 56044, 670, 0, 0
2478, 0, 29, 441, 431, 100, 21.80%, 0, 0, 2, 21.33, 56156, 670, 0, 0
2483, 0, 29, 441, 431, 100, 21.80%, 0, 0, 2, 22.64, 56272, 670, 0, 0
2488, 0, 29, 441, 431, 100, 21.80%, 0, 0, 2, 22.25, 56384, 670, 0, 0
2493, 0, 29, 441, 431, 100, 21.80%, 0, 0, 2, 20.69, 56485, 670, 0, 0
2498, 0, 29, 441, 431, 100, 21.80%, 0, 0, 2, 22.88, 56600, 670, 0, 0
2504, 0, 29, 441, 431, 100, 21.80%, 0, 0, 2, 21.85, 56710, 670, 0, 0
2509, 0, 29, 441, 431, 100, 21.80%, 0, 0, 2, 22.02, 56820, 670, 0, 0
2514, 0, 29, 441, 431, 100, 21.80%, 0, 0, 2, 22.60, 56938, 670, 0, 0
2519, 0, 29, 441, 431, 100, 21.80%, 0, 0, 2, 22.51, 57057, 670, 0, 0
2524, 0, 29, 441, 431, 100, 21.80%, 0, 0, 2, 20.82, 57163, 670, 0, 0
2529, 0, 29, 441, 431, 100, 21.80%, 0, 0, 2, 21.62, 57276, 670, 0, 0
2534, 0, 29, 441, 431, 100, 21.80%, 0, 0, 2, 20.10, 57380, 670, 0, 0
2540, 0, 29, 441, 431, 100, 21.80%, 0, 0, 2, 21.33, 57494, 670, 0, 0
2545, 0, 30, 441, 431, 100, 21.80%, 0, 0, 2, 20.09, 57590, 670, 0, 0
2550, 0, 30, 441, 431, 100, 21.80%, 0, 0, 2, 19.68, 57686, 670, 0, 0
2555, 0, 30, 441, 431, 100, 21.80%, 0, 0, 2, 19.69, 57783, 670, 0, 0
2560, 0, 30, 441, 431, 100, 21.80%, 0, 0, 2, 18.13, 57871, 670, 0, 0
2565, 0, 30, 442, 432, 100, 21.80%, 0, 0, 2, 18.18, 57961, 670, 0, 0
2570, 0, 30, 443, 433, 100, 21.80%, 0, 0, 2, 17.83, 58048, 670, 0, 0
2575, 0, 30, 443, 433, 100, 21.80%, 0, 0, 2, 17.68, 58138, 670, 0, 0
2580, 0, 30, 443, 433, 100, 21.80%, 0, 0, 2, 19.25, 58242, 670, 0, 0
2586, 0, 30, 444, 434, 100, 21.80%, 0, 0, 2, 19.08, 58333, 670, 0, 0
2591, 0, 30, 444, 434, 100, 21.80%, 0, 0, 2, 18.98, 58429, 670, 0, 0
2596, 0, 30, 444, 434, 100, 21.80%, 0, 0, 2, 20.66, 58535, 670, 0, 0
2601, 0, 30, 444, 434, 100, 21.80%, 0, 0, 2, 18.51, 58627, 670, 0, 0
2606, 0, 30, 444, 434, 100, 21.80%, 0, 0, 2, 18.78, 58722, 670, 0, 0
2611, 0, 30, 444, 434, 100, 21.80%, 0, 0, 2, 18.49, 58815, 670, 0, 0
2617, 0, 30, 444, 434, 100, 21.80%, 0, 0, 2, 18.59, 58909, 670, 0, 0
2622, 0, 30, 444, 434, 100, 21.80%, 0, 0, 2, 19.09, 59006, 670, 0, 0
2627, 0, 30, 444, 434, 100, 21.80%, 0, 0, 2, 17.80, 59091, 670, 0, 0
2632, 0, 30, 444, 434, 100, 21.80%, 0, 0, 2, 20.00, 59193, 670, 0, 0
2637, 0, 30, 444, 434, 100, 21.80%, 0, 0, 2, 18.73, 59285, 670, 0, 0
2642, 0, 30, 444, 434, 100, 21.80%, 0, 0, 2, 19.32, 59383, 670, 0, 0
2647, 0, 30, 444, 434, 100, 21.80%, 0, 0, 2, 19.62, 59484, 670, 0, 0
2652, 0, 30, 444, 434, 100, 21.80%, 0, 0, 2, 18.03, 59575, 670, 0, 0
2657, 0, 30, 444, 434, 100, 21.80%, 0, 0, 2, 19.14, 59672, 670, 0, 0
2662, 0, 30, 444, 434, 100, 21.80%, 0, 0, 2, 20.92, 59779, 670, 0, 0
2668, 0, 30, 444, 434, 100, 21.80%, 0, 0, 2, 19.19, 59874, 670, 0, 0
2673, 0, 30, 444, 434, 100, 21.80%, 0, 0, 2, 18.82, 59975, 670, 0, 0
2678, 0, 30, 444, 434, 100, 21.80%, 0, 0, 2, 19.31, 60076, 670, 0, 0
2683, 0, 30, 444, 434, 100, 21.80%, 0, 0, 2, 18.96, 60172, 670, 0, 0
2688, 0, 30, 444, 434, 100, 21.80%, 0, 0, 2, 18.15, 60263, 670, 0, 0
2693, 0, 30, 444, 434, 100, 21.80%, 0, 0, 2, 18.46, 60358, 670, 0, 0
2698, 0, 30, 444, 434, 100, 21.80%, 0, 0, 2, 19.37, 60455, 670, 0, 0
2703, 0, 30, 445, 435, 100, 21.84%, 0, 0, 2, 18.92, 60554, 671, 0, 0
2709, 0, 30, 445, 435, 100, 21.84%, 0, 0, 2, 18.85, 60654, 671, 0, 0
2714, 0, 30, 445, 435, 100, 21.84%, 0, 0, 2, 19.17, 60751, 671, 0, 0
2719, 0, 30, 445, 435, 100, 21.84%, 0, 0, 2, 18.90, 60846, 671, 0, 0
2724, 0, 30, 445, 435, 100, 21.84%, 0, 0, 2, 18.33, 60941, 671, 0, 0
2729, 0, 30, 445, 435, 100, 21.84%, 0, 0, 2, 19.30, 61044, 671, 0, 0
2734, 0, 30, 445, 435, 100, 21.84%, 0, 0, 2, 18.68, 61137, 671, 0, 0
2739, 0, 30, 445, 435, 100, 21.84%, 0, 0, 2, 18.03, 61223, 671, 0, 0
2744, 0, 30, 445, 435, 100, 21.84%, 0, 0, 2, 18.36, 61315, 671, 0, 0
2750, 0, 30, 445, 435, 100, 21.84%, 0, 0, 2, 19.42, 61415, 671, 0, 0
2755, 0, 30, 445, 435, 100, 21.84%, 0, 0, 2, 19.02, 61509, 671, 0, 0
2760, 0, 30, 445, 435, 100, 21.84%, 0, 0, 2, 18.73, 61600, 671, 0, 0
2765, 0, 30, 445, 435, 100, 21.84%, 0, 0, 2, 20.01, 61702, 671, 0, 0
2770, 0, 30, 445, 435, 100, 21.84%, 0, 0, 2, 18.32, 61793, 671, 0, 0
2775, 0, 30, 445, 435, 100, 21.84%, 0, 0, 2, 19.00, 61892, 671, 0, 0
2780, 0, 30, 445, 435, 100, 21.84%, 0, 0, 2, 17.72, 61982, 671, 0, 0
2785, 0, 30, 445, 435, 100, 21.84%, 0, 0, 2, 17.49, 62068, 671, 0, 0
2790, 0, 30, 445, 435, 100, 21.84%, 0, 0, 2, 18.36, 62161, 671, 0, 0
2795, 0, 30, 445, 435, 100, 21.84%, 0, 0, 2, 19.56, 62258, 671, 0, 0
2800, 0, 30, 445, 435, 100, 21.84%, 0, 0, 2, 19.08, 62352, 671, 0, 0
2806, 0, 30, 445, 435, 100, 21.84%, 0, 0, 2, 18.00, 62445, 671, 0, 0
2811, 0, 30, 445, 435, 100, 21.84%, 0, 0, 2, 17.59, 62534, 671, 0, 0
2816, 0, 30, 445, 435, 100, 21.84%, 0, 0, 2, 16.91, 62622, 671, 0, 0
2821, 0, 30, 445, 435, 100, 21.84%, 0, 0, 2, 18.49, 62718, 671, 0, 0
2826, 0, 30, 445, 435, 100, 21.84%, 0, 0, 2, 20.81, 62829, 671, 0, 0
2831, 0, 30, 445, 435, 100, 21.84%, 0, 0, 2, 18.73, 62921, 671, 0, 0
2837, 0, 30, 445, 435, 100, 21.84%, 0, 0, 2, 18.65, 63018, 671, 0, 0
2842, 0, 30, 445, 435, 100, 21.84%, 0, 0, 2, 17.45, 63105, 671, 0, 0
2847, 0, 30, 445, 435, 100, 21.84%, 0, 0, 2, 18.38, 63201, 671, 0, 0
2852, 0, 30, 445, 435, 100, 21.84%, 0, 0, 2, 18.10, 63295, 671, 0, 0
2857, 0, 30, 445, 435, 100, 21.84%, 0, 0, 2, 18.22, 63390, 671, 0, 0
2862, 0, 30, 445, 435, 100, 21.84%, 0, 0, 2, 18.20, 63483, 671, 0, 0
2867, 0, 30, 445, 435, 100, 21.84%, 0, 0, 2, 18.66, 63579, 671, 0, 0
2873, 0, 30, 445, 435, 100, 21.84%, 0, 0, 2, 19.53, 63681, 671, 0, 0
2878, 0, 30, 445, 435, 100, 21.84%, 0, 0, 2, 17.51, 63771, 671, 0, 0
2883, 0, 30, 445, 435, 100, 21.84%, 0, 0, 2, 18.71, 63865, 671, 0, 0
2888, 0, 30, 445, 435, 100, 21.84%, 0, 0, 2, 19.18, 63963, 671, 0, 0
2893, 0, 30, 445, 435, 100, 21.84%, 0, 0, 2, 19.22, 64065, 671, 0, 0
2898, 0, 33, 445, 435, 101, 21.84%, 0, 0, 2, 20.37, 64171, 671, 0, 0
2904, 0, 33, 445, 435, 101, 21.84%, 0, 0, 2, 21.16, 64283, 671, 0, 0
2909, 0, 33, 445, 435, 101, 21.84%, 0, 0, 2, 20.52, 64391, 671, 0, 0
2914, 0, 33, 445, 435, 101, 21.84%, 0, 0, 2, 22.62, 64511, 671, 0, 0
2919, 0, 33, 445, 435, 101, 21.84%, 0, 0, 2, 22.39, 64629, 671, 0, 0
2924, 0, 33, 445, 435, 101, 21.84%, 0, 0, 2, 22.53, 64743, 671, 0, 0
2929, 0, 33, 445, 435, 101, 21.84%, 0, 0, 2, 24.99, 64871, 671, 0, 0
2934, 0, 33, 445, 435, 101, 21.84%, 0, 0, 2, 24.11, 64997, 671, 0, 0
2940, 0, 33, 445, 435, 101, 21.84%, 0, 0, 2, 23.18, 65111, 671, 0, 0
2945, 0, 33, 446, 436, 101, 21.84%, 0, 0, 2, 22.39, 65217, 671, 0, 0
2950, 0, 33, 446, 436, 101, 21.84%, 0, 0, 2, 22.98, 65334, 671, 0, 0
2955, 0, 33, 446, 436, 101, 21.84%, 0, 0, 2, 25.15, 65463, 671, 0, 0
2960, 0, 33, 446, 436, 101, 21.84%, 0, 0, 2, 22.46, 65573, 671, 0, 0
2965, 0, 33, 446, 436, 101, 21.84%, 0, 0, 2, 23.47, 65690, 671, 0, 0
2970, 0, 33, 446, 436, 101, 21.84%, 0, 0, 2, 23.19, 65806, 671, 0, 0
2975, 0, 33, 446, 436, 101, 21.84%, 0, 0, 2, 22.67, 65921, 671, 0, 0
2980, 0, 33, 446, 436, 101, 21.84%, 0, 0, 2, 23.24, 66038, 671, 0, 0
2986, 0, 33, 446, 436, 101, 21.84%, 0, 0, 2, 21.57, 66148, 671, 0, 0
2991, 0, 33, 446, 436, 101, 21.84%, 0, 0, 2, 22.17, 66263, 671, 0, 0
2996, 0, 33, 446, 436, 101, 21.84%, 0, 0, 2, 23.95, 66383, 671, 0, 0
3001, 0, 33, 446, 436, 101, 21.84%, 0, 0, 2, 22.76, 66497, 671, 0, 0
3006, 0, 33, 447, 437, 101, 21.84%, 0, 0, 2, 22.86, 66615, 671, 0, 0
3011, 0, 33, 447, 437, 101, 21.84%, 0, 0, 2, 23.82, 66731, 671, 0, 0
3016, 0, 33, 447, 437, 101, 21.84%, 0, 0, 2, 23.13, 66848, 671, 0, 0
3021, 0, 33, 447, 437, 101, 21.84%, 0, 0, 2, 23.63, 66964, 671, 0, 0
3026, 0, 33, 447, 437, 101, 21.84%, 0, 0, 2, 22.63, 67083, 671, 0, 0
3031, 0, 33, 447, 437, 101, 21.84%, 0, 0, 2, 22.08, 67197, 671, 0, 0
3036, 0, 33, 447, 437, 101, 21.84%, 0, 0, 2, 21.48, 67308, 671, 0, 0
3041, 0, 33, 447, 437, 101, 21.84%, 0, 0, 2, 23.26, 67427, 671, 0, 0
3046, 0, 33, 447, 437, 101, 21.84%, 0, 0, 2, 23.11, 67547, 671, 0, 0
3052, 0, 33, 447, 437, 101, 21.84%, 0, 0, 2, 22.96, 67663, 671, 0, 0
3057, 0, 33, 447, 437, 101, 21.84%, 0, 0, 2, 21.67, 67774, 671, 0, 0
3062, 0, 33, 447, 437, 101, 21.84%, 0, 0, 2, 22.26, 67889, 671, 0, 0
3067, 0, 33, 447, 437, 101, 21.84%, 0, 0, 2, 22.39, 68006, 671, 0, 0
3072, 0, 33, 447, 437, 101, 21.84%, 0, 0, 2, 21.80, 68116, 671, 0, 0
3077, 0, 33, 448, 438, 101, 21.87%, 0, 0, 2, 23.64, 68242, 672, 0, 0
3082, 0, 33, 448, 438, 101, 21.87%, 0, 0, 2, 22.06, 68357, 672, 0, 0
3088, 0, 33, 448, 438, 101, 21.87%, 0, 0, 2, 24.80, 68484, 672, 0, 0
3093, 0, 33, 448, 438, 101, 21.87%, 0, 0, 2, 20.96, 68585, 672, 0, 0
3098, 0, 33, 448, 438, 101, 21.87%, 0, 0, 2, 22.01, 68703, 672, 0, 0
3103, 0, 33, 448, 438, 101, 21.87%, 0, 0, 2, 22.44, 68816, 672, 0, 0
3108, 0, 33, 448, 438, 101, 21.87%, 0, 0, 2, 22.09, 68927, 672, 0, 0
3113, 0, 33, 448, 438, 101, 21.87%, 0, 0, 2, 22.31, 69037, 672, 0, 0
3118, 0, 33, 448, 438, 101, 21.87%, 0, 0, 2, 20.79, 69142, 672, 0, 0
3123, 0, 33, 448, 438, 101, 21.87%, 0, 0, 2, 22.55, 69261, 672, 0, 0
3128, 0, 33, 448, 438, 101, 21.87%, 0, 0, 2, 22.79, 69380, 672, 0, 0
3133, 0, 33, 448, 438, 101, 21.87%, 0, 0, 2, 21.89, 69498, 672, 0, 0
3139, 0, 33, 448, 438, 101, 21.87%, 0, 0, 2, 23.46, 69616, 672, 0, 0
3144, 0, 33, 448, 438, 101, 21.87%, 0, 0, 2, 23.51, 69731, 672, 0, 0
3149, 0, 33, 448, 438, 101, 21.87%, 0, 0, 2, 21.91, 69843, 672, 0, 0
3154, 0, 33, 448, 438, 101, 21.87%, 0, 0, 2, 22.69, 69958, 672, 0, 0
3159, 0, 33, 448, 438, 101, 21.87%, 0, 0, 2, 22.95, 70077, 672, 0, 0
3164, 0, 33, 448, 438, 101, 21.87%, 0, 0, 2, 23.08, 70191, 672, 0, 0
3169, 0, 33, 448, 438, 101, 21.87%, 0, 0, 2, 22.96, 70308, 672, 0, 0
3175, 0, 33, 448, 438, 101, 21.87%, 0, 0, 2, 22.41, 70419, 672, 0, 0
3180, 0, 33, 448, 438, 101, 21.87%, 0, 0, 2, 21.29, 70525, 672, 0, 0
3185, 0, 33, 448, 438, 101, 21.87%, 0, 0, 2, 21.19, 70635, 672, 0, 0
3190, 0, 34, 448, 438, 102, 21.87%, 0, 0, 2, 20.24, 70740, 672, 0, 0
3195, 0, 34, 448, 438, 102, 21.87%, 0, 0, 2, 22.70, 70859, 672, 0, 0
3200, 0, 34, 448, 438, 102, 21.87%, 0, 0, 2, 23.34, 70978, 672, 0, 0
3205, 0, 34, 448, 438, 102, 21.87%, 0, 0, 2, 21.87, 71088, 672, 0, 0
3211, 0, 34, 448, 438, 102, 21.87%, 0, 0, 2, 20.96, 71195, 672, 0, 0
3216, 0, 34, 448, 438, 102, 21.87%, 0, 0, 2, 23.34, 71321, 672, 0, 0
3221, 0, 34, 448, 438, 102, 21.87%, 0, 0, 2, 21.23, 71429, 672, 0, 0
3226, 0, 34, 448, 438, 102, 21.87%, 0, 0, 2, 21.85, 71541, 672, 0, 0
3231, 0, 34, 448, 438, 102, 21.87%, 0, 0, 2, 21.95, 71656, 672, 0, 0
3236, 0, 34, 448, 438, 102, 21.87%, 0, 0, 2, 23.25, 71780, 672, 0, 0
3242, 0, 34, 448, 438, 102, 21.87%, 0, 0, 2, 24.51, 71908, 672, 0, 0
3247, 0, 34, 448, 438, 102, 21.87%, 0, 0, 2, 23.17, 72022, 672, 0, 0
3252, 0, 34, 448, 438, 102, 21.87%, 0, 0, 2, 23.63, 72139, 672, 0, 0
3257, 0, 34, 449, 439, 102, 21.87%, 0, 0, 2, 22.44, 72254, 672, 0, 0
3262, 0, 34, 449, 439, 102, 21.87%, 0, 0, 2, 21.52, 72365, 672, 0, 0
3267, 0, 34, 449, 439, 102, 21.87%, 0, 0, 2, 21.85, 72474, 672, 0, 0
3272, 0, 34, 449, 439, 102, 21.87%, 0, 0, 2, 24.03, 72602, 672, 0, 0
3277, 0, 34, 449, 439, 102, 21.87%, 0, 0, 2, 23.67, 72717, 672, 0, 0
3282, 0, 34, 449, 439, 102, 21.87%, 0, 0, 2, 22.55, 72835, 672, 0, 0
3287, 0, 34, 449, 439, 102, 21.87%, 0, 0, 2, 22.81, 72951, 672, 0, 0
3292, 0, 34, 449, 439, 102, 21.87%, 0, 0, 2, 24.04, 73072, 672, 0, 0
3298, 0, 34, 449, 439, 102, 21.87%, 0, 0, 2, 23.13, 73187, 672, 0, 0
3303, 0, 34, 449, 439, 102, 21.87%, 0, 0, 2, 23.17, 73309, 672, 0, 0
3308, 0, 34, 449, 439, 102, 21.87%, 0, 0, 2, 23.52, 73429, 672, 0, 0
3313, 0, 34, 449, 439, 102, 21.87%, 0, 0, 2, 22.18, 73541, 672, 0, 0
3318, 0, 34, 449, 439, 102, 21.87%, 0, 0, 2, 21.51, 73649, 672, 0, 0
3323, 0, 34, 449, 439, 102, 21.87%, 0, 0, 2, 23.24, 73766, 672, 0, 0
3328, 0, 34, 449, 439, 102, 21.87%, 0, 0, 2, 22.28, 73877, 672, 0, 0
3333, 0, 34, 449, 439, 102, 21.87%, 0, 0, 2, 22.13, 73988, 672, 0, 0
3338, 0, 34, 449, 439, 102, 21.87%, 0, 0, 2, 22.27, 74099, 672, 0, 0
3343, 0, 34, 449, 439, 102, 21.87%, 0, 0, 2, 21.90, 74207, 672, 0, 0
3348, 0, 34, 449, 439, 102, 21.87%, 0, 0, 2, 21.84, 74316, 672, 0, 0
3353, 0, 34, 449, 439, 102, 21.87%, 0, 0, 2, 22.82, 74430, 672, 0, 0
3359, 0, 34, 449, 439, 102, 21.87%, 0, 0, 2, 22.99, 74549, 672, 0, 0
3364, 0, 34, 449, 439, 102, 21.87%, 0, 0, 2, 22.16, 74657, 672, 0, 0
3369, 0, 34, 449, 439, 102, 21.87%, 0, 0, 2, 23.80, 74783, 672, 0, 0
3374, 0, 34, 449, 439, 102, 21.87%, 0, 0, 2, 24.75, 74903, 672, 0, 0
3379, 0, 34, 449, 439, 102, 21.87%, 0, 0, 2, 24.14, 75018, 672, 0, 0
3384, 0, 34, 449, 439, 102, 21.87%, 0, 0, 2, 23.84, 75134, 672, 0, 0
3389, 0, 34, 449, 439, 102, 21.87%, 0, 0, 2, 23.29, 75253, 672, 0, 0
3394, 0, 34, 449, 439, 102, 21.87%, 0, 0, 2, 21.67, 75360, 672, 0, 0
3399, 0, 34, 449, 439, 102, 21.87%, 0, 0, 2, 22.37, 75476, 672, 0, 0
3405, 0, 34, 449, 439, 102, 21.87%, 0, 0, 2, 21.47, 75583, 672, 0, 0
3410, 0, 34, 449, 439, 102, 21.87%, 0, 0, 2, 22.39, 75696, 672, 0, 0
3415, 0, 34, 449, 439, 102, 21.87%, 0, 0, 2, 22.14, 75809, 672, 0, 0
3420, 0, 34, 449, 439, 102, 21.87%, 0, 0, 2, 21.20, 75914, 672, 0, 0
3425, 0, 34, 449, 439, 102, 21.87%, 0, 0, 2, 21.94, 76029, 672, 0, 0
3430, 0, 34, 449, 439, 102, 21.87%, 0, 0, 2, 21.55, 76142, 672, 0, 0
3435, 0, 34, 449, 439, 102, 21.87%, 0, 0, 2, 23.17, 76262, 672, 0, 0
3440, 0, 34, 449, 439, 102, 21.87%, 0, 0, 2, 23.11, 76377, 672, 0, 0
3446, 0, 34, 449, 439, 102, 21.87%, 0, 0, 2, 23.57, 76497, 672, 0, 0
3451, 0, 34, 449, 439, 102, 21.87%, 0, 0, 2, 24.11, 76617, 672, 0, 0
3456, 0, 34, 449, 439, 102, 21.87%, 0, 0, 2, 23.28, 76738, 672, 0, 0
3461, 0, 34, 449, 439, 102, 21.87%, 0, 0, 2, 23.60, 76859, 672, 0, 0
3466, 0, 34, 449, 439, 102, 21.87%, 0, 0, 2, 23.12, 76975, 672, 0, 0
3471, 0, 34, 449, 439, 102, 21.87%, 0, 0, 2, 24.39, 77102, 672, 0, 0
3476, 0, 34, 449, 439, 102, 21.87%, 0, 0, 2, 24.59, 77226, 672, 0, 0
3482, 0, 35, 449, 439, 102, 21.87%, 0, 0, 2, 19.61, 77322, 672, 0, 0
3487, 0, 35, 449, 439, 102, 21.87%, 0, 0, 2, 19.14, 77422, 672, 0, 0
3492, 0, 35, 449, 439, 102, 21.87%, 0, 0, 2, 20.46, 77527, 672, 0, 0
3497, 0, 35, 449, 439, 102, 21.87%, 0, 0, 2, 20.43, 77630, 672, 0, 0
3502, 0, 35, 449, 439, 102, 21.87%, 0, 0, 2, 19.48, 77732, 672, 0, 0
3507, 0, 35, 449, 439, 102, 21.87%, 0, 0, 2, 21.23, 77844, 672, 0, 0
3512, 0, 35, 449, 439, 102, 21.87%, 0, 0, 2, 20.45, 77949, 672, 0, 0
3517, 0, 35, 449, 439, 102, 21.87%, 0, 0, 2, 21.02, 78056, 672, 0, 0
3523, 0, 35, 450, 440, 102, 21.87%, 0, 0, 2, 20.17, 78154, 672, 0, 0
3528, 0, 35, 450, 440, 102, 21.87%, 0, 0, 2, 19.94, 78259, 672, 0, 0
3533, 0, 35, 450, 440, 102, 21.87%, 0, 0, 2, 20.19, 78360, 672, 0, 0
3538, 0, 35, 450, 440, 102, 21.87%, 0, 0, 2, 21.12, 78470, 672, 0, 0
3543, 0, 35, 450, 440, 102, 21.87%, 0, 0, 2, 21.77, 78577, 672, 0, 0
3548, 0, 35, 450, 440, 102, 21.87%, 0, 0, 2, 20.88, 78684, 672, 0, 0
3553, 0, 35, 450, 440, 102, 21.87%, 0, 0, 2, 19.51, 78783, 672, 0, 0
3559, 0, 35, 450, 440, 102, 21.87%, 0, 0, 2, 17.59, 78872, 672, 0, 0
3564, 0, 35, 450, 440, 102, 21.87%, 0, 0, 2, 18.44, 78968, 672, 0, 0
3569, 0, 35, 450, 440, 102, 21.87%, 0, 0, 2, 19.97, 79073, 672, 0, 0
3574, 0, 35, 450, 440, 102, 21.87%, 0, 0, 2, 20.61, 79177, 672, 0, 0
3579, 0, 35, 450, 440, 102, 21.87%, 0, 0, 2, 19.67, 79271, 672, 0, 0
3584, 0, 35, 450, 440, 102, 21.87%, 0, 0, 2, 20.50, 79375, 672, 0, 0
3589, 0, 35, 450, 440, 102, 21.87%, 0, 0, 2, 20.97, 79482, 672, 0, 0
3595, 0, 35, 450, 440, 102, 21.87%, 0, 0, 2, 19.50, 79580, 672, 0, 0
3600, 0, 35, 450, 440, 102, 21.87%, 0, 0, 2, 20.27, 79681, 672, 0, 0
3605, 0, 35, 450, 440, 102, 21.87%, 0, 0, 2, 21.09, 79787, 672, 0, 0
3610, 0, 35, 450, 440, 102, 21.87%, 0, 0, 2, 21.00, 79893, 672, 0, 0
3615, 0, 35, 450, 440, 102, 21.87%, 0, 0, 2, 21.16, 79997, 672, 0, 0
3620, 0, 35, 450, 440, 102, 21.87%, 0, 0, 2, 19.64, 80098, 672, 0, 0
3625, 0, 35, 450, 440, 102, 21.87%, 0, 0, 2, 19.52, 80198, 672, 0, 0
3630, 0, 35, 450, 440, 102, 21.87%, 0, 0, 2, 19.89, 80296, 672, 0, 0
3636, 0, 35, 450, 440, 102, 21.87%, 0, 0, 2, 19.63, 80401, 672, 0, 0
3641, 0, 35, 450, 440, 102, 21.87%, 0, 0, 2, 20.27, 80503, 672, 0, 0
3646, 0, 35, 450, 440, 102, 21.87%, 0, 0, 2, 18.40, 80592, 672, 0, 0
3651, 0, 35, 450, 440, 102, 21.87%, 0, 0, 2, 20.37, 80700, 672, 0, 0
3656, 0, 35, 450, 440, 102, 21.87%, 0, 0, 2, 20.07, 80800, 672, 0, 0
3661, 0, 35, 450, 440, 102, 21.87%, 0, 0, 2, 20.43, 80903, 672, 0, 0
3666, 0, 35, 450, 440, 102, 21.87%, 0, 0, 2, 20.35, 81007, 672, 0, 0
3671, 0, 35, 450, 440, 102, 21.87%, 0, 0, 2, 19.90, 81106, 672, 0, 0
3676, 0, 35, 450, 440, 102, 21.87%, 0, 0, 2, 20.95, 81213, 672, 0, 0
3681, 0, 35, 450, 440, 102, 21.87%, 0, 0, 2, 20.32, 81312, 672, 0, 0
3686, 0, 35, 450, 440, 102, 21.87%, 0, 0, 2, 20.93, 81421, 672, 0, 0
3692, 0, 35, 450, 440, 102, 21.87%, 0, 0, 2, 17.61, 81506, 672, 0, 0
3697, 0, 35, 450, 440, 102, 21.87%, 0, 0, 2, 20.34, 81611, 672, 0, 0
3702, 0, 35, 450, 440, 102, 21.87%, 0, 0, 2, 20.75, 81715, 672, 0, 0
3707, 0, 35, 450, 440, 102, 21.87%, 0, 0, 2, 20.63, 81819, 672, 0, 0
3712, 0, 35, 450, 440, 102, 21.87%, 0, 0, 2, 21.30, 81923, 672, 0, 0
3717, 0, 35, 451, 441, 102, 21.87%, 0, 0, 2, 20.78, 82025, 672, 0, 0
3722, 0, 35, 451, 441, 102, 21.87%, 0, 0, 2, 20.38, 82130, 672, 0, 0
3727, 0, 35, 451, 441, 102, 21.87%, 0, 0, 2, 20.73, 82235, 672, 0, 0
3732, 0, 35, 451, 441, 102, 21.87%, 0, 0, 2, 20.12, 82335, 672, 0, 0
3737, 0, 35, 451, 441, 102, 21.87%, 0, 0, 2, 19.75, 82435, 672, 0, 0
3743, 0, 35, 451, 441, 102, 21.87%, 0, 0, 2, 21.05, 82544, 672, 0, 0
3748, 0, 35, 451, 441, 102, 21.87%, 0, 0, 2, 20.29, 82646, 672, 0, 0
3753, 0, 35, 451, 441, 102, 21.87%, 0, 0, 2, 19.08, 82744, 672, 0, 0
3758, 0, 35, 451, 441, 102, 21.87%, 0, 0, 2, 19.79, 82845, 672, 0, 0
3763, 0, 35, 451, 441, 102, 21.87%, 0, 0, 2, 20.37, 82946, 672, 0, 0
3768, 0, 35, 451, 441, 102, 21.87%, 0, 0, 2, 19.36, 83041, 672, 0, 0
3773, 0, 35, 451, 441, 102, 21.87%, 0, 0, 2, 20.56, 83146, 672, 0, 0
3778, 0, 35, 451, 441, 102, 21.87%, 0, 0, 2, 18.89, 83241, 672, 0, 0
3783, 0, 35, 451, 441, 102, 21.87%, 0, 0, 2, 19.29, 83339, 672, 0, 0
3789, 0, 35, 451, 441, 102, 21.87%, 0, 0, 2, 20.97, 83448, 672, 0, 0
3794, 0, 35, 451, 441, 102, 21.87%, 0, 0, 2, 18.84, 83548, 672, 0, 0
3799, 0, 35, 451, 441, 102, 21.87%, 0, 0, 2, 20.43, 83659, 672, 0, 0
3804, 0, 35, 451, 441, 102, 21.87%, 0, 0, 2, 20.74, 83760, 672, 0, 0
3809, 0, 45, 451, 441, 102, 21.87%, 0, 0, 2, 19.96, 83858, 672, 0, 0
3814, 0, 45, 451, 441, 102, 21.87%, 0, 0, 2, 21.38, 83970, 672, 0, 0
3819, 0, 45, 451, 441, 102, 21.87%, 0, 0, 2, 20.14, 84073, 672, 0, 0
3825, 0, 45, 451, 441, 102, 21.87%, 0, 0, 2, 19.60, 84177, 672, 0, 0
3830, 0, 45, 451, 441, 102, 21.87%, 0, 0, 2, 19.00, 84275, 672, 0, 0
3835, 0, 45, 451, 441, 102, 21.87%, 0, 0, 2, 19.06, 84375, 672, 0, 0
3840, 0, 45, 451, 441, 102, 21.87%, 0, 0, 2, 21.60, 84491, 672, 0, 0
3845, 0, 45, 451, 441, 102, 21.87%, 0, 0, 2, 19.75, 84590, 672, 0, 0
3850, 0, 45, 451, 441, 102, 21.87%, 0, 0, 2, 20.50, 84696, 672, 0, 0
3855, 0, 45, 451, 441, 102, 21.87%, 0, 0, 2, 22.54, 84813, 672, 0, 0
3860, 0, 45, 451, 441, 102, 21.87%, 0, 0, 2, 22.63, 84923, 672, 0, 0
3865, 0, 45, 451, 441, 102, 21.87%, 0, 0, 2, 21.99, 85030, 672, 0, 0
3871, 0, 45, 452, 442, 102, 21.87%, 0, 0, 2, 21.97, 85144, 672, 0, 0
3876, 0, 45, 452, 442, 102, 21.87%, 0, 0, 2, 21.25, 85250, 672, 0, 0
3881, 0, 45, 452, 442, 102, 21.87%, 0, 0, 2, 20.88, 85353, 672, 0, 0
3886, 0, 45, 452, 442, 102, 21.87%, 0, 0, 2, 21.71, 85463, 672, 0, 0
3891, 0, 45, 452, 442, 102, 21.87%, 0, 0, 2, 22.37, 85578, 672, 0, 0
3896, 0, 45, 452, 442, 102, 21.87%, 0, 0, 2, 21.92, 85688, 672, 0, 0
3901, 0, 45, 452, 442, 102, 21.87%, 0, 0, 2, 22.08, 85801, 672, 0, 0
3907, 0, 45, 452, 442, 102, 21.87%, 0, 0, 2, 22.85, 85916, 672, 0, 0
3912, 0, 45, 452, 442, 102, 21.87%, 0, 0, 2, 21.94, 86025, 672, 0, 0
3916, 0, 46, 452, 442, 102, 21.87%, 0, 0, 2, 0.00, 86126, 672, 0, 0
