# relative_time, cycles_done, cur_item, corpus_count, pending_total, pending_favs, map_size, saved_crashes, saved_hangs, max_depth, execs_per_sec, total_execs, edges_found, total_crashes, servers_count
62, 0, 7, 202, 201, 69, 9.40%, 0, 1, 4, 5.73, 2573, 2031, 0, 0
67, 0, 7, 206, 205, 69, 9.44%, 0, 1, 4, 68.99, 2759, 2040, 0, 0
73, 0, 7, 213, 212, 69, 9.96%, 0, 1, 4, 17.65, 2910, 2153, 0, 0
78, 0, 7, 216, 215, 69, 10.01%, 0, 2, 4, 20.76, 3120, 2164, 0, 0
83, 0, 7, 220, 219, 69, 10.07%, 0, 3, 4, 32.70, 3244, 2175, 0, 0
88, 0, 7, 225, 224, 69, 10.19%, 0, 3, 4, 44.02, 3474, 2203, 0, 0
93, 0, 7, 231, 230, 69, 10.22%, 0, 3, 4, 48.46, 3719, 2209, 0, 0
132, 0, 18, 602, 600, 274, 12.85%, 0, 1, 4, 35.84, 5629, 2777, 0, 0
137, 0, 78, 607, 602, 272, 12.86%, 0, 1, 4, 48.73, 5948, 2778, 0, 0
142, 0, 78, 610, 605, 272, 12.87%, 0, 1, 4, 20.62, 6085, 2780, 0, 0
148, 0, 78, 612, 607, 272, 12.87%, 0, 1, 4, 24.39, 6202, 2782, 0, 0
153, 0, 78, 613, 608, 272, 12.88%, 0, 1, 4, 28.43, 6351, 2783, 0, 0
158, 0, 78, 613, 608, 272, 12.88%, 0, 1, 4, 29.34, 6501, 2783, 0, 0
163, 0, 78, 613, 608, 272, 12.88%, 0, 1, 4, 29.46, 6651, 2783, 0, 0
168, 0, 78, 613, 608, 272, 12.88%, 0, 1, 4, 29.94, 6803, 2783, 0, 0
173, 0, 78, 614, 609, 272, 12.89%, 0, 1, 4, 30.98, 6964, 2785, 0, 0
178, 0, 78, 614, 609, 272, 12.89%, 0, 1, 4, 30.41, 7121, 2785, 0, 0
183, 0, 78, 614, 609, 272, 12.89%, 0, 1, 4, 12.86, 7503, 2785, 0, 0
188, 0, 23, 614, 608, 275, 12.89%, 0, 1, 4, 52.03, 7620, 2785, 0, 0
194, 0, 467, 618, 611, 274, 12.89%, 0, 1, 4, 65.83, 7987, 2785, 0, 0
199, 0, 467, 625, 618, 274, 12.89%, 0, 1, 4, 60.11, 8293, 2786, 0, 0
204, 0, 467, 632, 625, 274, 12.89%, 0, 1, 4, 65.99, 8640, 2786, 0, 0
209, 0, 467, 638, 631, 274, 12.90%, 0, 1, 4, 66.48, 8973, 2788, 0, 0
214, 0, 467, 640, 633, 274, 12.90%, 0, 1, 4, 72.46, 9210, 2788, 0, 0
219, 0, 467, 643, 636, 274, 12.90%, 0, 1, 4, 70.24, 9564, 2788, 0, 0
224, 0, 467, 643, 636, 274, 12.90%, 0, 1, 4, 70.76, 9849, 2788, 0, 0
229, 0, 467, 645, 638, 274, 12.90%, 0, 2, 4, 74.64, 10127, 2788, 0, 0
235, 0, 467, 646, 639, 274, 12.90%, 0, 2, 4, 67.96, 10467, 2788, 0, 0
240, 0, 467, 648, 641, 274, 12.90%, 0, 2, 4, 68.27, 10809, 2788, 0, 0
245, 0, 269, 650, 641, 274, 12.90%, 0, 2, 4, 63.06, 11124, 2788, 0, 0
250, 0, 269, 650, 641, 274, 12.90%, 0, 2, 4, 22.07, 11250, 2788, 0, 0
255, 0, 269, 651, 642, 274, 12.98%, 0, 2, 4, 24.16, 11381, 2804, 0, 0
260, 0, 269, 651, 642, 274, 12.98%, 0, 2, 4, 28.37, 11533, 2804, 0, 0
265, 0, 269, 651, 642, 274, 12.98%, 0, 2, 4, 28.73, 11683, 2804, 0, 0
270, 0, 269, 651, 642, 274, 12.98%, 0, 2, 4, 28.73, 11827, 2804, 0, 0
275, 0, 269, 651, 642, 274, 12.98%, 0, 2, 4, 28.88, 11975, 2804, 0, 0
281, 0, 25, 652, 642, 274, 12.98%, 0, 2, 4, 36.10, 12160, 2805, 0, 0
286, 0, 465, 658, 647, 273, 12.99%, 0, 2, 4, 50.91, 12443, 2807, 0, 0
291, 0, 465, 660, 649, 273, 12.99%, 0, 2, 4, 60.08, 12745, 2807, 0, 0
296, 0, 465, 664, 653, 273, 12.99%, 0, 2, 4, 60.63, 13024, 2808, 0, 0
301, 0, 465, 665, 654, 273, 13.00%, 0, 2, 4, 64.75, 13333, 2810, 0, 0
306, 0, 465, 668, 657, 273, 13.01%, 0, 2, 4, 60.27, 13570, 2811, 0, 0
312, 0, 465, 669, 658, 273, 13.01%, 0, 2, 4, 9.39, 13867, 2811, 0, 0
317, 0, 465, 671, 660, 273, 13.01%, 0, 2, 4, 73.38, 14219, 2812, 0, 0
322, 0, 465, 673, 662, 273, 13.01%, 0, 2, 4, 63.74, 14528, 2812, 0, 0
327, 0, 465, 675, 664, 273, 13.01%, 0, 2, 4, 71.45, 14850, 2812, 0, 0
333, 0, 241, 675, 662, 275, 13.01%, 0, 2, 4, 83.73, 15220, 2812, 0, 0
338, 0, 241, 676, 663, 275, 13.02%, 0, 2, 4, 42.39, 15369, 2814, 0, 0
343, 0, 241, 679, 666, 275, 13.12%, 0, 2, 4, 30.81, 15509, 2836, 0, 0
348, 0, 241, 679, 666, 275, 13.12%, 0, 2, 4, 29.53, 15657, 2836, 0, 0
353, 0, 241, 679, 666, 275, 13.12%, 0, 2, 4, 28.87, 15801, 2836, 0, 0
358, 0, 241, 679, 666, 275, 13.12%, 0, 2, 4, 28.61, 15945, 2836, 0, 0
363, 0, 241, 679, 666, 275, 13.12%, 0, 2, 4, 28.49, 16089, 2836, 0, 0
368, 0, 241, 680, 667, 275, 13.38%, 0, 2, 4, 25.00, 16214, 2891, 0, 0
374, 0, 241, 687, 674, 275, 13.81%, 0, 2, 4, 26.67, 16358, 2984, 0, 0
379, 0, 241, 694, 681, 275, 14.58%, 0, 2, 4, 28.08, 16503, 3151, 0, 0
384, 0, 241, 698, 685, 275, 14.69%, 0, 2, 4, 28.51, 16652, 3174, 0, 0
389, 0, 241, 704, 691, 275, 14.98%, 0, 2, 4, 28.75, 16797, 3236, 0, 0
394, 0, 241, 705, 692, 275, 14.98%, 0, 2, 4, 49.81, 17033, 3236, 0, 0
399, 0, 241, 710, 697, 275, 15.44%, 0, 2, 4, 41.14, 17248, 3336, 0, 0
404, 0, 241, 711, 698, 275, 15.51%, 0, 2, 4, 62.65, 17560, 3352, 0, 0
410, 0, 241, 712, 699, 275, 15.51%, 0, 2, 4, 23.47, 17711, 3352, 0, 0
415, 0, 241, 713, 700, 275, 15.51%, 0, 2, 4, 39.63, 17907, 3352, 0, 0
420, 0, 241, 713, 700, 275, 15.51%, 0, 2, 4, 44.23, 18122, 3352, 0, 0
425, 0, 241, 714, 701, 275, 15.51%, 0, 2, 4, 46.25, 18353, 3352, 0, 0
430, 0, 241, 714, 701, 275, 15.51%, 0, 2, 4, 10.96, 18502, 3352, 0, 0
435, 0, 241, 715, 702, 275, 15.51%, 0, 2, 4, 77.13, 18731, 3352, 0, 0
441, 0, 241, 718, 705, 275, 15.54%, 0, 2, 4, 8.03, 18941, 3358, 0, 0
446, 0, 241, 720, 707, 275, 15.54%, 0, 2, 4, 67.82, 19108, 3358, 0, 0
451, 0, 241, 720, 707, 275, 15.54%, 0, 2, 4, 50.21, 19289, 3358, 0, 0
456, 0, 241, 722, 709, 275, 15.54%, 0, 2, 4, 74.61, 19571, 3358, 0, 0
461, 0, 241, 723, 710, 275, 15.57%, 0, 2, 4, 52.16, 19757, 3364, 0, 0
466, 0, 241, 725, 712, 275, 15.57%, 0, 2, 4, 61.06, 20040, 3364, 0, 0
472, 0, 241, 727, 714, 275, 15.57%, 0, 2, 4, 48.63, 20256, 3364, 0, 0
477, 0, 241, 727, 714, 275, 15.57%, 0, 2, 4, 41.27, 20436, 3364, 0, 0
482, 0, 241, 729, 716, 275, 15.57%, 0, 2, 4, 40.44, 20633, 3364, 0, 0
487, 0, 241, 731, 718, 275, 15.57%, 0, 2, 4, 43.32, 20866, 3364, 0, 0
492, 0, 241, 732, 719, 275, 15.57%, 0, 2, 4, 43.69, 21084, 3364, 0, 0
497, 0, 241, 733, 720, 275, 15.57%, 0, 2, 4, 44.90, 21277, 3364, 0, 0
502, 0, 241, 735, 722, 275, 15.57%, 0, 2, 4, 46.44, 21423, 3364, 0, 0
507, 0, 241, 736, 723, 275, 15.57%, 0, 2, 4, 45.88, 21656, 3364, 0, 0
512, 0, 241, 736, 723, 275, 15.57%, 0, 2, 4, 40.80, 21841, 3364, 0, 0
518, 0, 241, 737, 724, 275, 15.57%, 0, 2, 4, 45.52, 22083, 3365, 0, 0
523, 0, 241, 737, 724, 275, 15.57%, 0, 2, 4, 37.08, 22274, 3365, 0, 0
528, 0, 241, 737, 724, 275, 15.57%, 0, 2, 4, 24.23, 22477, 3365, 0, 0
534, 0, 241, 738, 725, 275, 15.57%, 0, 2, 4, 3.47, 22713, 3365, 0, 0
539, 0, 241, 740, 727, 275, 15.57%, 0, 2, 4, 43.45, 22977, 3365, 0, 0
544, 0, 241, 742, 729, 275, 15.57%, 0, 2, 4, 48.00, 23219, 3365, 0, 0
549, 0, 241, 743, 730, 275, 15.57%, 0, 2, 4, 57.21, 23437, 3365, 0, 0
555, 0, 241, 745, 732, 275, 15.58%, 0, 2, 4, 53.20, 23693, 3367, 0, 0
560, 0, 241, 746, 733, 275, 15.58%, 0, 2, 4, 47.78, 23928, 3367, 0, 0
565, 0, 241, 749, 736, 275, 15.58%, 0, 2, 4, 39.25, 24126, 3367, 0, 0
570, 0, 241, 750, 737, 275, 15.58%, 0, 2, 4, 53.85, 24294, 3367, 0, 0
575, 0, 241, 754, 741, 275, 15.59%, 0, 2, 4, 46.98, 24470, 3369, 0, 0
580, 0, 241, 756, 743, 275, 15.59%, 0, 2, 4, 47.58, 24662, 3369, 0, 0
585, 0, 241, 757, 744, 275, 15.59%, 0, 2, 4, 50.39, 24893, 3369, 0, 0
590, 0, 241, 757, 744, 275, 15.59%, 0, 2, 4, 21.63, 25101, 3369, 0, 0
595, 0, 241, 758, 745, 275, 15.59%, 0, 2, 4, 38.17, 25326, 3369, 0, 0
601, 0, 241, 758, 745, 275, 15.59%, 0, 3, 4, 59.26, 25556, 3369, 0, 0
606, 0, 241, 758, 745, 275, 15.59%, 0, 3, 4, 53.72, 25809, 3369, 0, 0
611, 0, 241, 758, 745, 275, 15.59%, 0, 4, 4, 32.68, 25958, 3369, 0, 0
616, 0, 241, 758, 745, 275, 15.59%, 0, 4, 4, 40.36, 26168, 3369, 0, 0
621, 0, 241, 760, 747, 275, 15.59%, 0, 4, 4, 47.16, 26420, 3369, 0, 0
626, 0, 241, 761, 748, 275, 15.59%, 0, 4, 4, 46.40, 26620, 3369, 0, 0
631, 0, 241, 762, 749, 275, 15.59%, 0, 4, 4, 21.19, 26856, 3369, 0, 0
636, 0, 241, 763, 750, 275, 15.59%, 0, 4, 4, 36.82, 27033, 3369, 0, 0
641, 0, 241, 764, 751, 275, 15.59%, 0, 4, 4, 45.17, 27259, 3369, 0, 0
647, 0, 241, 765, 752, 275, 15.65%, 0, 4, 4, 45.25, 27462, 3381, 0, 0
652, 0, 241, 767, 754, 275, 15.65%, 0, 4, 4, 54.11, 27670, 3381, 0, 0
657, 0, 241, 767, 754, 275, 15.65%, 0, 4, 4, 44.60, 27886, 3381, 0, 0
662, 0, 241, 768, 755, 275, 15.65%, 0, 4, 4, 63.19, 28108, 3381, 0, 0
667, 0, 241, 769, 756, 275, 15.65%, 0, 4, 4, 46.56, 28332, 3381, 0, 0
672, 0, 463, 790, 775, 289, 15.94%, 0, 4, 4, 66.87, 28695, 3444, 0, 0
677, 0, 463, 808, 793, 289, 16.20%, 0, 4, 4, 75.37, 29093, 3500, 0, 0
682, 0, 463, 811, 796, 289, 16.20%, 0, 4, 4, 70.76, 29460, 3500, 0, 0
688, 0, 463, 813, 798, 289, 16.22%, 0, 4, 4, 68.45, 29816, 3505, 0, 0
693, 0, 463, 815, 800, 289, 16.22%, 0, 4, 4, 66.07, 30153, 3505, 0, 0
699, 0, 463, 816, 801, 289, 16.22%, 0, 4, 4, 65.81, 30506, 3505, 0, 0
704, 0, 463, 818, 803, 289, 16.22%, 0, 4, 4, 57.32, 30755, 3505, 0, 0
709, 0, 463, 819, 804, 289, 16.22%, 0, 4, 4, 54.04, 30998, 3505, 0, 0
714, 0, 463, 821, 806, 289, 16.22%, 0, 4, 4, 59.80, 31304, 3506, 0, 0
719, 0, 463, 824, 809, 289, 16.23%, 0, 4, 4, 58.69, 31563, 3507, 0, 0
724, 0, 463, 824, 809, 289, 16.23%, 0, 4, 4, 62.63, 31870, 3507, 0, 0
729, 0, 463, 826, 811, 289, 16.23%, 0, 5, 4, 77.08, 32132, 3508, 0, 0
734, 0, 463, 827, 812, 289, 16.25%, 0, 5, 4, 79.95, 32389, 3511, 0, 0
739, 0, 463, 828, 813, 289, 16.25%, 0, 5, 4, 68.60, 32705, 3511, 0, 0
745, 0, 463, 831, 816, 289, 16.28%, 0, 5, 4, 68.68, 33046, 3517, 0, 0
750, 0, 463, 831, 816, 289, 16.28%, 0, 5, 4, 73.78, 33353, 3517, 0, 0
755, 0, 463, 833, 818, 289, 16.28%, 0, 5, 4, 79.05, 33647, 3518, 0, 0
760, 0, 463, 834, 819, 289, 16.28%, 0, 5, 4, 71.95, 34007, 3518, 0, 0
765, 0, 463, 837, 822, 289, 16.28%, 0, 5, 4, 65.90, 34326, 3518, 0, 0
770, 0, 463, 838, 823, 289, 16.28%, 0, 5, 4, 65.21, 34654, 3518, 0, 0
776, 0, 463, 838, 823, 289, 16.28%, 0, 5, 4, 63.97, 34957, 3518, 0, 0
781, 0, 463, 840, 825, 289, 16.28%, 0, 5, 4, 69.71, 35319, 3518, 0, 0
786, 0, 463, 841, 826, 289, 16.28%, 0, 5, 4, 67.66, 35679, 3518, 0, 0
791, 0, 463, 842, 827, 289, 16.28%, 0, 5, 4, 68.02, 35991, 3518, 0, 0
796, 0, 463, 842, 827, 289, 16.28%, 0, 5, 4, 65.01, 36314, 3518, 0, 0
801, 0, 463, 843, 828, 289, 16.28%, 0, 5, 4, 68.31, 36653, 3518, 0, 0
806, 0, 463, 844, 829, 289, 16.28%, 0, 5, 4, 69.99, 37015, 3518, 0, 0
812, 0, 463, 845, 830, 289, 16.28%, 0, 5, 4, 66.99, 37333, 3518, 0, 0
817, 0, 722, 845, 828, 332, 16.28%, 0, 5, 4, 55.14, 37631, 3518, 0, 0
822, 0, 722, 846, 829, 332, 16.28%, 0, 5, 4, 34.83, 37775, 3518, 0, 0
827, 0, 722, 848, 831, 332, 16.31%, 0, 5, 4, 29.78, 37912, 3524, 0, 0
832, 0, 722, 848, 831, 332, 16.31%, 0, 5, 4, 29.77, 38063, 3524, 0, 0
838, 0, 722, 848, 831, 332, 16.31%, 0, 5, 4, 29.48, 38213, 3524, 0, 0
843, 0, 722, 848, 831, 332, 16.31%, 0, 5, 4, 29.46, 38363, 3524, 0, 0
848, 0, 33, 848, 830, 334, 16.31%, 0, 5, 4, 32.77, 38609, 3524, 0, 0
853, 0, 333, 852, 833, 333, 16.31%, 0, 5, 4, 57.01, 38926, 3524, 0, 0
858, 0, 333, 853, 834, 333, 16.31%, 0, 5, 4, 65.30, 39252, 3524, 0, 0
863, 0, 333, 853, 834, 333, 16.31%, 0, 5, 4, 71.47, 39634, 3524, 0, 0
868, 0, 333, 853, 834, 333, 16.31%, 0, 5, 4, 71.21, 39990, 3524, 0, 0
873, 0, 333, 854, 835, 333, 16.33%, 0, 5, 4, 74.94, 40367, 3529, 0, 0
879, 0, 773, 855, 834, 333, 16.33%, 0, 5, 4, 394.80, 41323, 3529, 0, 0
884, 0, 36, 858, 836, 333, 16.34%, 0, 5, 4, 31.54, 41638, 3531, 0, 0
889, 0, 540, 862, 839, 332, 16.34%, 0, 5, 4, 55.17, 41951, 3531, 0, 0
894, 0, 540, 864, 841, 332, 16.35%, 0, 5, 4, 59.36, 42245, 3532, 0, 0
899, 0, 540, 865, 842, 332, 16.35%, 0, 5, 4, 64.77, 42583, 3532, 0, 0
905, 0, 540, 868, 845, 332, 16.35%, 0, 5, 4, 64.04, 42925, 3534, 0, 0
910, 0, 540, 868, 845, 332, 16.35%, 0, 5, 4, 67.60, 43274, 3534, 0, 0
915, 0, 540, 870, 847, 332, 16.36%, 0, 5, 4, 68.38, 43613, 3535, 0, 0
920, 0, 310, 872, 847, 334, 16.36%, 0, 5, 4, 78.15, 44319, 3535, 0, 0
925, 0, 370, 873, 847, 333, 16.36%, 0, 5, 4, 76.92, 44589, 3535, 0, 0
930, 0, 460, 879, 852, 332, 16.40%, 0, 5, 4, 58.37, 44826, 3543, 0, 0
935, 0, 460, 885, 858, 332, 16.40%, 0, 5, 4, 62.19, 45146, 3544, 0, 0
940, 0, 460, 886, 859, 332, 16.41%, 0, 5, 4, 63.26, 45478, 3546, 0, 0
946, 0, 460, 888, 861, 332, 16.41%, 0, 5, 4, 57.70, 45752, 3546, 0, 0
951, 0, 460, 888, 861, 332, 16.41%, 0, 5, 4, 70.94, 46132, 3546, 0, 0
956, 0, 460, 890, 863, 332, 16.41%, 0, 5, 4, 60.15, 46411, 3546, 0, 0
961, 0, 460, 892, 865, 332, 16.41%, 0, 5, 4, 63.32, 46708, 3546, 0, 0
966, 0, 525, 892, 863, 334, 16.41%, 0, 5, 4, 42.46, 47495, 3546, 0, 0
971, 0, 525, 893, 864, 334, 16.41%, 0, 5, 4, 43.24, 47674, 3546, 0, 0
978, 0, 44, 893, 863, 333, 16.41%, 0, 5, 4, 388.51, 48531, 3546, 0, 0
983, 0, 476, 893, 862, 332, 16.41%, 0, 5, 4, 22.02, 48785, 3546, 0, 0
988, 0, 476, 893, 862, 332, 16.41%, 0, 5, 4, 24.70, 48916, 3546, 0, 0
993, 0, 476, 893, 862, 332, 16.41%, 0, 5, 4, 27.32, 49052, 3546, 0, 0
998, 0, 476, 893, 862, 332, 16.41%, 0, 5, 4, 28.97, 49202, 3546, 0, 0
1003, 0, 476, 893, 862, 332, 16.41%, 0, 5, 4, 29.36, 49352, 3546, 0, 0
1008, 0, 476, 894, 863, 332, 16.41%, 0, 5, 4, 28.83, 49488, 3546, 0, 0
1014, 0, 476, 894, 863, 332, 16.41%, 0, 5, 4, 25.65, 49611, 3546, 0, 0
1019, 0, 476, 898, 867, 332, 16.41%, 0, 5, 4, 16.29, 49684, 3546, 0, 0
1024, 0, 476, 898, 867, 332, 16.41%, 0, 5, 4, 10.54, 49728, 3546, 0, 0
1029, 0, 476, 898, 867, 332, 16.41%, 0, 5, 4, 8.69, 49768, 3546, 0, 0
1034, 0, 476, 898, 867, 332, 16.41%, 0, 5, 4, 8.19, 49808, 3546, 0, 0
1039, 0, 476, 898, 867, 332, 16.41%, 0, 5, 4, 8.05, 49848, 3546, 0, 0
1044, 0, 476, 898, 867, 332, 16.41%, 0, 5, 4, 8.00, 49888, 3546, 0, 0
1049, 0, 476, 898, 867, 332, 16.41%, 0, 5, 4, 8.17, 49930, 3546, 0, 0
1054, 0, 476, 898, 867, 332, 16.41%, 0, 5, 4, 8.13, 49971, 3546, 0, 0
1059, 0, 476, 898, 867, 332, 16.41%, 0, 5, 4, 75.92, 50066, 3546, 0, 0
1064, 0, 476, 898, 867, 332, 16.41%, 0, 5, 4, 8.46, 50172, 3546, 0, 0
1069, 0, 476, 898, 867, 332, 16.41%, 0, 5, 4, 8.73, 50216, 3546, 0, 0
1074, 0, 476, 898, 867, 332, 16.41%, 0, 5, 4, 8.28, 50257, 3546, 0, 0
1079, 0, 476, 898, 867, 332, 16.41%, 0, 5, 4, 8.14, 50298, 3546, 0, 0
1084, 0, 476, 901, 870, 332, 16.41%, 0, 5, 4, 77.33, 50615, 3546, 0, 0
1090, 0, 63, 901, 869, 331, 16.41%, 0, 5, 4, 75.84, 50961, 3546, 0, 0
1095, 0, 69, 902, 869, 330, 16.41%, 0, 5, 4, 43.65, 51158, 3546, 0, 0
1100, 0, 811, 908, 874, 329, 16.42%, 0, 5, 4, 5.52, 51447, 3548, 0, 0
1105, 0, 393, 911, 875, 329, 16.42%, 0, 5, 4, 73.46, 51734, 3549, 0, 0
1110, 0, 80, 913, 876, 329, 16.42%, 0, 5, 4, 12.39, 52022, 3549, 0, 0
1115, 0, 429, 917, 879, 328, 16.45%, 0, 5, 4, 65.83, 52286, 3554, 0, 0
1120, 0, 429, 921, 883, 328, 16.47%, 0, 5, 4, 56.57, 52602, 3558, 0, 0
1125, 0, 429, 921, 883, 328, 16.47%, 0, 5, 4, 59.90, 52931, 3558, 0, 0
1131, 0, 429, 922, 884, 328, 16.47%, 0, 5, 4, 11.22, 53241, 3558, 0, 0
1136, 0, 429, 924, 886, 328, 16.47%, 0, 5, 4, 77.41, 53541, 3558, 0, 0
1141, 0, 429, 925, 887, 328, 16.47%, 0, 5, 4, 65.47, 53818, 3558, 0, 0
1146, 0, 429, 926, 888, 328, 16.47%, 0, 5, 4, 41.28, 54049, 3558, 0, 0
1151, 0, 87, 926, 887, 328, 16.47%, 0, 5, 4, 44.63, 54336, 3558, 0, 0
1157, 0, 88, 927, 886, 327, 16.47%, 0, 5, 4, 50.41, 54634, 3559, 0, 0
1162, 0, 926, 929, 886, 325, 16.47%, 0, 5, 5, 47.79, 54937, 3559, 0, 0
1167, 0, 523, 932, 888, 324, 16.47%, 0, 5, 5, 41.26, 55153, 3559, 0, 0
1173, 0, 523, 933, 889, 324, 16.47%, 0, 5, 5, 35.24, 55303, 3559, 0, 0
1178, 0, 523, 933, 889, 324, 16.47%, 0, 5, 5, 34.22, 55478, 3559, 0, 0
1183, 0, 523, 933, 889, 324, 16.47%, 0, 5, 5, 34.21, 55654, 3559, 0, 0
1188, 0, 523, 937, 893, 324, 16.47%, 0, 5, 5, 39.83, 55856, 3559, 0, 0
1193, 0, 523, 944, 900, 324, 16.47%, 0, 5, 5, 40.58, 56051, 3559, 0, 0
1198, 0, 523, 946, 902, 324, 16.47%, 0, 5, 5, 45.05, 56249, 3559, 0, 0
1203, 0, 523, 949, 905, 324, 16.47%, 0, 5, 5, 44.71, 56463, 3559, 0, 0
1208, 0, 523, 951, 907, 324, 16.47%, 0, 5, 5, 39.77, 56660, 3559, 0, 0
1213, 0, 523, 955, 911, 324, 16.47%, 0, 5, 5, 46.03, 56891, 3559, 0, 0
1218, 0, 523, 957, 913, 324, 16.47%, 0, 5, 5, 43.93, 57107, 3559, 0, 0
1224, 0, 523, 959, 915, 324, 16.47%, 0, 5, 5, 41.13, 57310, 3559, 0, 0
1229, 0, 523, 961, 917, 324, 16.47%, 0, 5, 5, 46.45, 57548, 3559, 0, 0
1234, 0, 523, 963, 919, 324, 16.47%, 0, 5, 5, 42.72, 57763, 3559, 0, 0
1239, 0, 523, 963, 919, 324, 16.47%, 0, 5, 5, 38.42, 57929, 3559, 0, 0
1244, 0, 523, 964, 920, 324, 16.47%, 0, 6, 5, 28.67, 58082, 3559, 0, 0
1249, 0, 523, 965, 921, 324, 16.47%, 0, 6, 5, 39.55, 58298, 3559, 0, 0
1255, 0, 93, 965, 920, 324, 16.47%, 0, 6, 5, 55.78, 58586, 3559, 0, 0
1260, 0, 879, 967, 921, 323, 16.47%, 0, 6, 5, 54.87, 58861, 3559, 0, 0
1265, 0, 309, 968, 921, 322, 16.47%, 0, 6, 5, 56.87, 59164, 3559, 0, 0
1270, 0, 309, 970, 923, 322, 16.47%, 0, 6, 5, 59.78, 59471, 3559, 0, 0
1275, 0, 309, 974, 927, 322, 16.47%, 0, 6, 5, 59.01, 59754, 3559, 0, 0
1280, 0, 309, 976, 929, 322, 16.48%, 0, 6, 5, 56.74, 60039, 3562, 0, 0
1286, 0, 309, 979, 932, 322, 16.48%, 0, 7, 5, 50.01, 60289, 3562, 0, 0
1291, 0, 309, 979, 932, 322, 16.48%, 0, 7, 5, 64.74, 60640, 3562, 0, 0
1296, 0, 309, 980, 933, 322, 16.48%, 0, 7, 5, 59.80, 60936, 3562, 0, 0
1302, 0, 94, 983, 935, 319, 16.49%, 0, 7, 5, 54.62, 61187, 3563, 0, 0
1307, 0, 374, 984, 934, 318, 16.49%, 0, 7, 5, 10.44, 61472, 3563, 0, 0
1312, 0, 974, 986, 935, 317, 16.50%, 0, 7, 5, 68.37, 61845, 3566, 0, 0
1317, 0, 974, 990, 939, 317, 16.51%, 0, 7, 5, 60.00, 62119, 3567, 0, 0
1322, 0, 103, 990, 938, 318, 16.51%, 0, 7, 5, 47.96, 62369, 3567, 0, 0
1328, 0, 943, 991, 938, 317, 16.51%, 0, 7, 5, 40.02, 62558, 3567, 0, 0
1333, 0, 943, 991, 938, 317, 16.51%, 0, 7, 5, 34.63, 62720, 3567, 0, 0
1338, 0, 943, 991, 938, 317, 16.51%, 0, 7, 5, 34.04, 62895, 3567, 0, 0
1343, 0, 943, 991, 938, 317, 16.51%, 0, 7, 5, 33.95, 63070, 3567, 0, 0
1348, 0, 943, 1000, 946, 316, 16.53%, 0, 7, 5, 31.47, 63222, 3571, 0, 0
1353, 0, 943, 1014, 960, 316, 16.61%, 0, 7, 5, 28.67, 63342, 3589, 0, 0
1358, 0, 943, 1042, 988, 316, 16.95%, 0, 7, 5, 46.84, 63577, 3663, 0, 0
1363, 0, 943, 1062, 1008, 316, 16.99%, 0, 7, 5, 11.11, 63762, 3672, 0, 0
1369, 0, 943, 1086, 1032, 316, 17.11%, 0, 7, 5, 33.67, 63962, 3697, 0, 0
1374, 0, 943, 1109, 1055, 316, 17.25%, 0, 7, 5, 46.12, 64151, 3727, 0, 0
1379, 0, 943, 1146, 1092, 316, 17.51%, 0, 7, 5, 51.57, 64453, 3783, 0, 0
1384, 0, 943, 1164, 1110, 316, 17.53%, 0, 7, 5, 35.94, 64598, 3789, 0, 0
1389, 0, 943, 1177, 1123, 316, 17.55%, 0, 7, 5, 29.55, 64717, 3793, 0, 0
1395, 0, 943, 1188, 1134, 316, 17.56%, 0, 7, 5, 25.33, 64815, 3794, 0, 0
1400, 0, 943, 1200, 1146, 316, 17.60%, 0, 7, 5, 22.73, 64914, 3803, 0, 0
1405, 0, 943, 1235, 1181, 316, 17.84%, 0, 7, 5, 48.37, 65197, 3856, 0, 0
1410, 0, 943, 1260, 1206, 316, 17.93%, 0, 7, 5, 56.93, 65406, 3874, 0, 0
1416, 0, 943, 1284, 1230, 316, 17.96%, 0, 7, 5, 46.78, 65599, 3881, 0, 0
1422, 0, 943, 1301, 1247, 316, 17.99%, 0, 7, 5, 35.46, 65738, 3888, 0, 0
1427, 0, 943, 1315, 1261, 316, 18.01%, 0, 7, 5, 28.68, 65850, 3891, 0, 0
1432, 0, 108, 1321, 1267, 422, 18.02%, 0, 7, 5, 28.03, 66066, 3895, 0, 0
1437, 0, 1256, 1322, 1266, 420, 18.03%, 0, 7, 5, 42.91, 66298, 3896, 0, 0
1443, 0, 585, 1322, 1264, 419, 18.03%, 0, 7, 5, 45.56, 66687, 3896, 0, 0
1448, 0, 585, 1322, 1264, 419, 18.03%, 0, 7, 5, 36.90, 66861, 3896, 0, 0
1453, 0, 585, 1322, 1264, 419, 18.03%, 0, 7, 5, 30.46, 66995, 3896, 0, 0
1458, 0, 585, 1322, 1264, 419, 18.03%, 0, 7, 5, 29.71, 67145, 3896, 0, 0
1464, 0, 585, 1322, 1264, 419, 18.03%, 0, 7, 5, 29.80, 67299, 3896, 0, 0
1469, 0, 585, 1322, 1264, 419, 18.03%, 0, 7, 5, 29.49, 67449, 3896, 0, 0
1474, 0, 585, 1322, 1264, 419, 18.03%, 0, 7, 5, 25.29, 67577, 3896, 0, 0
1479, 0, 341, 1323, 1264, 418, 18.03%, 0, 7, 5, 35.87, 67758, 3896, 0, 0
1484, 0, 383, 1327, 1267, 417, 18.03%, 0, 7, 5, 63.18, 68114, 3897, 0, 0
1489, 0, 1229, 1330, 1268, 415, 18.04%, 0, 7, 5, 48.24, 68883, 3898, 0, 0
1495, 0, 329, 1331, 1267, 414, 18.04%, 0, 7, 5, 58.67, 69636, 3898, 0, 0
1500, 0, 329, 1335, 1271, 414, 18.04%, 0, 7, 5, 59.81, 69947, 3898, 0, 0
1505, 0, 329, 1336, 1272, 414, 18.04%, 0, 7, 5, 60.73, 70273, 3898, 0, 0
1510, 0, 329, 1336, 1272, 414, 18.04%, 0, 7, 5, 70.98, 70642, 3898, 0, 0
1515, 0, 329, 1336, 1272, 414, 18.04%, 0, 7, 5, 67.95, 70998, 3898, 0, 0
1520, 0, 329, 1337, 1273, 414, 18.04%, 0, 7, 5, 68.39, 71329, 3898, 0, 0
1525, 0, 796, 1337, 1271, 412, 18.04%, 0, 7, 5, 76.05, 71625, 3898, 0, 0
1532, 0, 829, 1341, 1273, 410, 18.04%, 0, 7, 5, 37.07, 71935, 3898, 0, 0
1537, 0, 468, 1344, 1274, 409, 18.04%, 0, 7, 5, 52.95, 72197, 3899, 0, 0
1542, 0, 468, 1346, 1276, 409, 18.04%, 0, 7, 5, 64.39, 72524, 3899, 0, 0
1547, 0, 313, 1349, 1277, 407, 18.04%, 0, 7, 5, 75.44, 72806, 3899, 0, 0
1552, 0, 313, 1353, 1281, 407, 18.08%, 0, 7, 5, 67.39, 73109, 3907, 0, 0
1557, 0, 313, 1354, 1282, 407, 18.08%, 0, 7, 5, 69.01, 73459, 3907, 0, 0
1562, 0, 313, 1354, 1282, 407, 18.08%, 0, 7, 5, 65.91, 73792, 3907, 0, 0
1568, 0, 313, 1355, 1283, 407, 18.08%, 0, 7, 5, 61.16, 74103, 3907, 0, 0
1573, 0, 313, 1355, 1283, 407, 18.08%, 0, 7, 5, 75.07, 74493, 3907, 0, 0
1578, 0, 142, 1355, 1282, 408, 18.08%, 0, 7, 5, 68.26, 74835, 3907, 0, 0
1583, 0, 1284, 1358, 1283, 406, 18.08%, 0, 7, 5, 11.41, 75091, 3907, 0, 0
1588, 0, 148, 1359, 1283, 405, 18.08%, 0, 7, 5, 26.67, 75329, 3907, 0, 0
1593, 0, 428, 1362, 1285, 404, 18.08%, 0, 7, 5, 55.24, 75650, 3907, 0, 0
1598, 0, 793, 1364, 1284, 401, 18.08%, 0, 7, 5, 70.73, 75968, 3907, 0, 0
1603, 0, 431, 1368, 1287, 400, 18.08%, 0, 7, 5, 64.68, 76277, 3907, 0, 0
1609, 0, 1201, 1368, 1286, 399, 18.08%, 0, 7, 5, 72.86, 76614, 3907, 0, 0
1614, 0, 379, 1370, 1286, 397, 18.08%, 0, 7, 5, 65.39, 76937, 3907, 0, 0
1620, 0, 150, 1371, 1286, 397, 18.10%, 0, 7, 5, 58.61, 77327, 3912, 0, 0
1625, 0, 389, 1372, 1285, 395, 18.10%, 0, 7, 5, 10.16, 77600, 3912, 0, 0
1632, 0, 259, 1374, 1284, 393, 18.11%, 0, 7, 5, 66.38, 78058, 3913, 0, 0
1637, 0, 259, 1374, 1284, 393, 18.11%, 0, 7, 5, 40.60, 78227, 3913, 0, 0
1643, 0, 259, 1374, 1284, 393, 18.11%, 0, 7, 5, 29.63, 78356, 3913, 0, 0
1648, 0, 259, 1374, 1284, 393, 18.11%, 0, 7, 5, 29.17, 78506, 3913, 0, 0
1653, 0, 259, 1374, 1284, 393, 18.11%, 0, 7, 5, 29.18, 78656, 3913, 0, 0
1658, 0, 259, 1374, 1284, 393, 18.11%, 0, 7, 5, 28.62, 78805, 3913, 0, 0
1665, 0, 154, 1378, 1286, 393, 18.12%, 0, 7, 5, 50.11, 79196, 3916, 0, 0
1670, 0, 621, 1379, 1286, 392, 18.12%, 0, 7, 5, 54.54, 79503, 3916, 0, 0
1675, 0, 402, 1382, 1288, 391, 18.12%, 0, 7, 5, 66.54, 79800, 3916, 0, 0
1680, 0, 316, 1384, 1289, 390, 18.12%, 0, 7, 5, 77.08, 80133, 3916, 0, 0
1686, 0, 316, 1385, 1290, 390, 18.12%, 0, 7, 5, 64.94, 80392, 3916, 0, 0
1691, 0, 156, 1388, 1290, 388, 18.13%, 0, 7, 5, 62.80, 80693, 3917, 0, 0
1696, 0, 355, 1388, 1288, 386, 18.13%, 0, 7, 5, 57.50, 80997, 3917, 0, 0
1701, 0, 317, 1389, 1288, 385, 18.13%, 0, 7, 5, 81.47, 81310, 3917, 0, 0
1706, 0, 159, 1393, 1290, 385, 18.16%, 0, 7, 5, 13.38, 81642, 3924, 0, 0
1713, 0, 197, 1395, 1290, 383, 18.16%, 0, 8, 5, 73.90, 82033, 3924, 0, 0
1719, 0, 553, 1398, 1292, 382, 18.16%, 0, 8, 5, 39.82, 82242, 3924, 0, 0
1724, 0, 330, 1400, 1293, 381, 18.16%, 0, 8, 5, 91.35, 82527, 3924, 0, 0
1729, 0, 330, 1402, 1295, 381, 18.16%, 0, 8, 5, 39.64, 82789, 3924, 0, 0
1734, 0, 1285, 1403, 1295, 380, 18.17%, 0, 8, 5, 57.69, 83099, 3926, 0, 0
1740, 0, 1244, 1404, 1294, 379, 18.17%, 0, 8, 5, 53.12, 83444, 3926, 0, 0
1746, 0, 168, 1405, 1294, 378, 18.17%, 0, 8, 5, 51.73, 83762, 3926, 0, 0
1751, 0, 203, 1406, 1294, 377, 18.17%, 0, 8, 5, 8.88, 84001, 3926, 0, 0
1756, 0, 1204, 1407, 1293, 375, 18.17%, 0, 8, 5, 77.27, 84244, 3926, 0, 0
1762, 0, 853, 1409, 1293, 374, 18.17%, 0, 8, 5, 62.83, 84603, 3927, 0, 0
1768, 0, 853, 1409, 1293, 374, 18.17%, 0, 8, 5, 55.22, 84847, 3927, 0, 0
1773, 0, 174, 1410, 1293, 373, 18.17%, 0, 8, 5, 53.95, 85170, 3927, 0, 0
1778, 0, 177, 1413, 1295, 373, 18.17%, 0, 8, 5, 51.35, 85442, 3927, 0, 0
1783, 0, 441, 1416, 1297, 372, 18.18%, 0, 8, 5, 61.32, 85766, 3929, 0, 0
1788, 0, 181, 1416, 1296, 373, 18.18%, 0, 8, 5, 11.56, 86045, 3929, 0, 0
1794, 0, 181, 1421, 1301, 373, 18.19%, 0, 8, 5, 23.35, 86187, 3930, 0, 0
1799, 0, 181, 1435, 1315, 373, 18.25%, 0, 8, 5, 29.96, 86357, 3943, 0, 0
1804, 0, 181, 1435, 1315, 373, 18.25%, 0, 8, 5, 31.92, 86524, 3943, 0, 0
1809, 0, 181, 1443, 1323, 373, 18.27%, 0, 8, 5, 32.55, 86692, 3948, 0, 0
1814, 0, 181, 1445, 1325, 373, 18.27%, 0, 8, 5, 32.69, 86862, 3948, 0, 0
1819, 0, 181, 1445, 1325, 373, 18.27%, 0, 8, 5, 46.51, 87086, 3948, 0, 0
1825, 0, 181, 1451, 1331, 373, 18.33%, 0, 8, 5, 45.95, 87354, 3961, 0, 0
1830, 0, 181, 1454, 1334, 373, 18.36%, 0, 8, 5, 40.58, 87543, 3967, 0, 0
1835, 0, 181, 1454, 1334, 373, 18.36%, 0, 8, 5, 34.33, 87711, 3967, 0, 0
1840, 0, 181, 1454, 1334, 373, 18.36%, 0, 8, 5, 66.71, 88083, 3967, 0, 0
1845, 0, 181, 1455, 1335, 373, 18.36%, 0, 8, 5, 56.85, 88353, 3967, 0, 0
1850, 0, 195, 1455, 1334, 394, 18.36%, 0, 8, 5, 58.68, 88615, 3967, 0, 0
1856, 0, 343, 1456, 1332, 391, 18.36%, 0, 8, 5, 14.56, 88885, 3967, 0, 0
1861, 0, 1110, 1458, 1332, 389, 18.37%, 0, 8, 5, 67.85, 89261, 3969, 0, 0
1868, 0, 506, 1462, 1333, 387, 18.37%, 0, 8, 5, 63.71, 89652, 3969, 0, 0
1874, 0, 1282, 1463, 1333, 386, 18.37%, 0, 8, 5, 58.97, 89954, 3969, 0, 0
1879, 0, 198, 1464, 1333, 385, 18.37%, 0, 8, 5, 26.82, 90231, 3969, 0, 0
1885, 0, 365, 1466, 1334, 384, 18.37%, 0, 8, 5, 43.98, 90491, 3969, 0, 0
1890, 0, 1117, 1471, 1337, 382, 18.38%, 0, 8, 5, 56.32, 90800, 3972, 0, 0
1895, 0, 324, 1474, 1338, 383, 18.38%, 0, 8, 5, 56.16, 91099, 3972, 0, 0
1900, 0, 448, 1478, 1340, 381, 18.39%, 0, 8, 5, 63.15, 91423, 3974, 0, 0
1905, 0, 805, 1480, 1340, 381, 18.39%, 0, 8, 5, 48.76, 91709, 3974, 0, 0
1911, 0, 221, 1483, 1341, 380, 18.40%, 0, 8, 5, 71.39, 92083, 3976, 0, 0
1916, 0, 375, 1486, 1342, 378, 18.40%, 0, 8, 5, 61.62, 92351, 3976, 0, 0
1921, 0, 1477, 1488, 1342, 376, 18.40%, 0, 8, 5, 71.27, 92661, 3976, 0, 0
1926, 0, 386, 1489, 1342, 375, 18.40%, 0, 8, 5, 63.56, 92976, 3976, 0, 0
1931, 0, 234, 1492, 1343, 375, 18.41%, 0, 8, 5, 70.80, 93349, 3979, 0, 0
1936, 0, 234, 1492, 1343, 375, 18.41%, 0, 8, 5, 40.40, 93506, 3979, 0, 0
1941, 0, 234, 1492, 1343, 375, 18.41%, 0, 8, 5, 29.81, 93636, 3979, 0, 0
1946, 0, 234, 1492, 1343, 375, 18.41%, 0, 8, 5, 28.65, 93777, 3979, 0, 0
1951, 0, 234, 1492, 1343, 375, 18.41%, 0, 8, 5, 28.60, 93921, 3979, 0, 0
1956, 0, 234, 1492, 1343, 375, 18.41%, 0, 8, 5, 28.62, 94065, 3979, 0, 0
1962, 0, 234, 1492, 1343, 375, 18.41%, 0, 8, 5, 29.89, 94213, 3979, 0, 0
1967, 0, 669, 1494, 1344, 374, 18.41%, 0, 8, 5, 44.91, 94495, 3979, 0, 0
1972, 0, 1049, 1496, 1345, 373, 18.41%, 0, 8, 5, 57.81, 94801, 3979, 0, 0
1977, 0, 240, 1498, 1346, 373, 18.42%, 0, 8, 5, 51.31, 95075, 3981, 0, 0
1982, 0, 240, 1498, 1346, 373, 18.42%, 0, 8, 5, 34.70, 95215, 3981, 0, 0
1987, 0, 240, 1498, 1346, 373, 18.42%, 0, 8, 5, 29.07, 95341, 3981, 0, 0
1992, 0, 240, 1498, 1346, 373, 18.42%, 0, 8, 5, 28.74, 95485, 3981, 0, 0
1997, 0, 240, 1498, 1346, 373, 18.42%, 0, 8, 5, 28.63, 95629, 3981, 0, 0
2002, 0, 240, 1498, 1346, 373, 18.42%, 0, 8, 5, 28.55, 95773, 3981, 0, 0
2007, 0, 855, 1499, 1346, 372, 18.42%, 0, 8, 5, 46.74, 96009, 3981, 0, 0
2012, 0, 385, 1503, 1349, 371, 18.43%, 0, 8, 5, 62.92, 96250, 3982, 0, 0
2018, 0, 385, 1507, 1353, 371, 18.43%, 0, 8, 5, 63.64, 96547, 3982, 0, 0
2023, 0, 385, 1510, 1356, 371, 18.43%, 0, 8, 5, 68.83, 96884, 3983, 0, 0
2028, 0, 385, 1511, 1357, 371, 18.43%, 0, 8, 5, 70.28, 97249, 3983, 0, 0
2033, 0, 385, 1512, 1358, 371, 18.43%, 0, 8, 5, 66.92, 97595, 3983, 0, 0
2038, 0, 385, 1512, 1358, 371, 18.43%, 0, 8, 5, 76.45, 97937, 3983, 0, 0
2044, 0, 249, 1512, 1357, 373, 18.43%, 0, 8, 5, 66.84, 98289, 3983, 0, 0
2049, 0, 249, 1512, 1357, 373, 18.43%, 0, 8, 5, 38.51, 98442, 3983, 0, 0
2054, 0, 249, 1512, 1357, 373, 18.43%, 0, 8, 5, 28.82, 98571, 3983, 0, 0
2059, 0, 249, 1512, 1357, 373, 18.43%, 0, 8, 5, 29.99, 98725, 3983, 0, 0
2064, 0, 1137, 1513, 1357, 372, 18.43%, 0, 8, 5, 42.76, 98962, 3983, 0, 0
2069, 0, 1218, 1515, 1358, 371, 18.44%, 0, 8, 5, 48.46, 99217, 3985, 0, 0
2075, 0, 281, 1515, 1357, 371, 18.44%, 0, 8, 5, 39.09, 99460, 3985, 0, 0
2080, 0, 281, 1515, 1357, 371, 18.44%, 0, 8, 5, 30.23, 99603, 3985, 0, 0
2085, 0, 281, 1515, 1357, 371, 18.44%, 0, 8, 5, 28.37, 99740, 3985, 0, 0
2090, 0, 281, 1516, 1358, 371, 18.44%, 0, 8, 5, 37.33, 99921, 3985, 0, 0
2095, 0, 1276, 1519, 1360, 370, 18.45%, 0, 8, 5, 33.81, 100112, 3986, 0, 0
2100, 0, 283, 1519, 1359, 370, 18.45%, 0, 8, 5, 38.44, 100375, 3986, 0, 0
2105, 0, 283, 1519, 1359, 370, 18.45%, 0, 8, 5, 29.56, 100510, 3986, 0, 0
2111, 0, 283, 1520, 1360, 370, 18.45%, 0, 8, 5, 28.06, 100647, 3986, 0, 0
2116, 0, 283, 1520, 1360, 370, 18.45%, 0, 8, 5, 28.59, 100791, 3986, 0, 0
2121, 0, 283, 1524, 1364, 370, 18.45%, 0, 8, 5, 39.24, 100993, 3987, 0, 0
2126, 0, 283, 1524, 1364, 370, 18.45%, 0, 8, 5, 54.71, 101292, 3987, 0, 0
2131, 0, 283, 1525, 1365, 370, 18.45%, 0, 8, 5, 55.80, 101581, 3987, 0, 0
2136, 0, 283, 1525, 1365, 370, 18.45%, 0, 8, 5, 60.17, 101883, 3987, 0, 0
2142, 0, 284, 1525, 1364, 370, 18.45%, 0, 8, 5, 65.85, 102288, 3987, 0, 0
2147, 0, 284, 1525, 1364, 370, 18.45%, 0, 8, 5, 38.17, 102431, 3987, 0, 0
2152, 0, 284, 1525, 1364, 370, 18.45%, 0, 8, 5, 28.89, 102561, 3987, 0, 0
2157, 0, 284, 1525, 1364, 370, 18.45%, 0, 8, 5, 29.53, 102710, 3987, 0, 0
2163, 0, 1341, 1526, 1364, 369, 18.45%, 0, 8, 5, 39.27, 102940, 3987, 0, 0
2168, 0, 527, 1531, 1368, 368, 18.45%, 0, 8, 5, 48.82, 103186, 3987, 0, 0
2173, 0, 527, 1537, 1374, 368, 18.45%, 0, 8, 5, 42.52, 103362, 3987, 0, 0
2178, 0, 287, 1537, 1373, 368, 18.45%, 0, 8, 5, 45.48, 103648, 3987, 0, 0
2183, 0, 287, 1537, 1373, 368, 18.45%, 0, 8, 5, 33.06, 103789, 3987, 0, 0
2188, 0, 287, 1537, 1373, 368, 18.45%, 0, 8, 5, 29.07, 103923, 3987, 0, 0
2193, 0, 287, 1537, 1373, 368, 18.45%, 0, 8, 5, 28.36, 104073, 3987, 0, 0
2200, 0, 1255, 1538, 1372, 366, 18.45%, 0, 8, 5, 42.08, 104358, 3987, 0, 0
2205, 0, 1255, 1540, 1374, 366, 18.45%, 0, 8, 5, 46.45, 104565, 3987, 0, 0
2210, 0, 1452, 1540, 1371, 363, 18.45%, 0, 8, 5, 61.64, 104899, 3987, 0, 0
2215, 0, 1452, 1542, 1373, 363, 18.45%, 0, 8, 6, 46.13, 105156, 3987, 0, 0
2220, 0, 1452, 1544, 1375, 363, 18.46%, 0, 8, 6, 33.31, 105301, 3990, 0, 0
2225, 0, 1452, 1547, 1378, 363, 18.47%, 0, 8, 6, 32.84, 105472, 3992, 0, 0
2230, 0, 1452, 1552, 1383, 363, 18.54%, 0, 8, 6, 32.77, 105640, 4007, 0, 0
2236, 0, 1452, 1554, 1385, 363, 18.47%, 0, 8, 6, 32.66, 105808, 3991, 0, 0
2241, 0, 288, 1557, 1387, 368, 18.55%, 0, 8, 6, 40.32, 106076, 4008, 0, 0
2246, 0, 288, 1557, 1387, 368, 18.55%, 0, 8, 6, 31.20, 106222, 4008, 0, 0
2251, 0, 288, 1557, 1387, 368, 18.55%, 0, 8, 6, 27.15, 106355, 4008, 0, 0
2256, 0, 288, 1557, 1387, 368, 18.55%, 0, 8, 6, 27.38, 106497, 4008, 0, 0
2262, 0, 799, 1557, 1386, 367, 18.55%, 0, 8, 6, 36.36, 106688, 4008, 0, 0
2267, 0, 292, 1560, 1387, 366, 18.56%, 0, 8, 6, 56.10, 106984, 4010, 0, 0
2272, 0, 1352, 1561, 1385, 363, 18.56%, 0, 8, 6, 58.46, 107289, 4010, 0, 0
2277, 0, 410, 1564, 1387, 362, 18.56%, 0, 8, 6, 73.50, 107593, 4010, 0, 0
2283, 0, 568, 1564, 1386, 361, 18.56%, 0, 8, 6, 72.72, 108041, 4010, 0, 0
2288, 0, 568, 1564, 1386, 361, 18.56%, 0, 8, 6, 36.47, 108169, 4010, 0, 0
2293, 0, 568, 1565, 1387, 361, 18.56%, 0, 8, 6, 24.16, 108271, 4010, 0, 0
2298, 0, 568, 1567, 1389, 361, 18.56%, 0, 8, 6, 21.15, 108367, 4010, 0, 0
2303, 0, 293, 1568, 1389, 361, 18.56%, 0, 8, 6, 33.84, 108526, 4010, 0, 0
2309, 0, 903, 1570, 1389, 359, 18.56%, 0, 8, 6, 53.46, 108858, 4010, 0, 0
2314, 0, 439, 1572, 1390, 358, 18.56%, 0, 8, 6, 40.66, 109164, 4010, 0, 0
2319, 0, 439, 1574, 1392, 358, 18.56%, 0, 8, 6, 62.46, 109507, 4010, 0, 0
2324, 0, 439, 1576, 1394, 358, 18.56%, 0, 8, 6, 65.40, 109829, 4010, 0, 0
2329, 0, 439, 1576, 1394, 358, 18.56%, 0, 8, 6, 67.29, 110170, 4010, 0, 0
2334, 0, 439, 1576, 1394, 358, 18.56%, 0, 8, 6, 71.21, 110525, 4010, 0, 0
2339, 0, 439, 1576, 1394, 358, 18.56%, 0, 8, 6, 66.77, 110854, 4010, 0, 0
2345, 0, 963, 1577, 1394, 357, 18.56%, 0, 8, 6, 64.03, 111205, 4010, 0, 0
2350, 0, 963, 1581, 1398, 357, 18.56%, 0, 8, 6, 17.64, 111343, 4010, 0, 0
2356, 0, 296, 1584, 1400, 357, 18.56%, 0, 8, 6, 37.29, 111548, 4010, 0, 0
2361, 0, 1259, 1587, 1401, 355, 18.56%, 0, 8, 6, 55.19, 111835, 4010, 0, 0
2366, 0, 297, 1591, 1404, 355, 18.57%, 0, 8, 6, 64.96, 112140, 4012, 0, 0
2371, 0, 326, 1591, 1403, 354, 18.57%, 0, 8, 6, 74.20, 112529, 4012, 0, 0
2376, 0, 326, 1591, 1403, 354, 18.57%, 0, 8, 6, 72.98, 112904, 4012, 0, 0
2381, 0, 326, 1593, 1405, 354, 18.57%, 0, 8, 6, 69.08, 113219, 4012, 0, 0
2386, 0, 326, 1594, 1406, 354, 18.57%, 0, 8, 6, 66.32, 113553, 4012, 0, 0
2391, 0, 326, 1594, 1406, 354, 18.57%, 0, 8, 6, 56.73, 113834, 4012, 0, 0
2396, 0, 882, 1596, 1407, 353, 18.57%, 0, 8, 6, 47.93, 114052, 4012, 0, 0
2403, 0, 1514, 1600, 1409, 352, 18.57%, 0, 8, 6, 55.63, 114445, 4012, 0, 0
2408, 0, 408, 1604, 1411, 350, 18.57%, 0, 8, 6, 60.42, 114751, 4012, 0, 0
2413, 0, 1004, 1604, 1410, 349, 18.57%, 0, 8, 6, 59.58, 115087, 4012, 0, 0
2418, 0, 1004, 1604, 1410, 349, 18.57%, 0, 8, 6, 35.29, 115227, 4012, 0, 0
2423, 0, 1004, 1605, 1411, 349, 18.58%, 0, 8, 6, 28.19, 115354, 4014, 0, 0
2428, 0, 300, 1606, 1411, 349, 18.58%, 0, 8, 6, 43.09, 115559, 4014, 0, 0
2434, 0, 455, 1607, 1411, 348, 18.58%, 0, 8, 6, 45.04, 115835, 4014, 0, 0
2439, 0, 415, 1609, 1412, 347, 18.58%, 0, 8, 6, 71.50, 116118, 4014, 0, 0
2444, 0, 415, 1612, 1415, 347, 18.58%, 0, 8, 6, 69.93, 116417, 4015, 0, 0
2449, 0, 415, 1614, 1417, 347, 18.58%, 0, 8, 6, 68.22, 116772, 4015, 0, 0
2454, 0, 415, 1614, 1417, 347, 18.58%, 0, 8, 6, 68.32, 117111, 4015, 0, 0
2459, 0, 415, 1614, 1417, 347, 18.58%, 0, 8, 6, 64.98, 117445, 4015, 0, 0
2464, 0, 415, 1615, 1418, 347, 18.58%, 0, 8, 6, 62.03, 117757, 4015, 0, 0
2469, 0, 302, 1616, 1418, 346, 18.58%, 0, 8, 6, 75.00, 118049, 4015, 0, 0
2475, 0, 303, 1617, 1418, 346, 18.58%, 0, 8, 6, 67.07, 118369, 4015, 0, 0
2482, 0, 901, 1619, 1418, 344, 18.58%, 0, 8, 6, 61.67, 118804, 4015, 0, 0
2487, 0, 901, 1619, 1418, 344, 18.58%, 0, 8, 6, 37.58, 118968, 4015, 0, 0
2492, 0, 901, 1619, 1418, 344, 18.58%, 0, 8, 6, 27.36, 119094, 4015, 0, 0
2497, 0, 901, 1619, 1418, 344, 18.58%, 0, 8, 6, 26.92, 119229, 4015, 0, 0
2502, 0, 1354, 1622, 1420, 343, 18.58%, 0, 8, 6, 30.50, 119420, 4015, 0, 0
2507, 0, 1354, 1623, 1421, 343, 18.58%, 0, 8, 6, 33.20, 119572, 4015, 0, 0
2512, 0, 305, 1626, 1423, 343, 18.58%, 0, 8, 6, 60.09, 119881, 4016, 0, 0
2517, 0, 979, 1627, 1422, 341, 18.58%, 0, 8, 6, 61.11, 120173, 4016, 0, 0
2523, 0, 318, 1631, 1424, 342, 18.61%, 0, 8, 6, 43.84, 120442, 4021, 0, 0
2529, 0, 1019, 1631, 1422, 340, 18.61%, 0, 8, 6, 54.82, 120778, 4021, 0, 0
2534, 0, 320, 1634, 1424, 339, 18.61%, 0, 8, 6, 45.84, 120980, 4021, 0, 0
2539, 0, 446, 1635, 1423, 337, 18.61%, 0, 8, 6, 61.61, 121321, 4021, 0, 0
2544, 0, 369, 1635, 1422, 336, 18.61%, 0, 8, 6, 60.88, 121626, 4021, 0, 0
2550, 0, 827, 1637, 1422, 334, 18.61%, 0, 8, 6, 55.82, 121968, 4021, 0, 0
2556, 0, 1121, 1639, 1422, 333, 18.61%, 0, 8, 6, 61.30, 122250, 4021, 0, 0
2561, 0, 378, 1642, 1423, 331, 18.61%, 0, 8, 6, 57.23, 122539, 4021, 0, 0
2566, 0, 819, 1645, 1425, 330, 18.61%, 0, 8, 6, 59.17, 122828, 4021, 0, 0
2571, 0, 322, 1648, 1426, 329, 18.63%, 0, 8, 6, 71.58, 123134, 4026, 0, 0
2576, 0, 1213, 1648, 1425, 328, 18.63%, 0, 8, 6, 36.10, 123402, 4026, 0, 0
2581, 0, 1257, 1650, 1426, 327, 18.63%, 0, 8, 6, 34.51, 123601, 4026, 0, 0
2586, 0, 327, 1652, 1427, 327, 18.63%, 0, 8, 6, 50.53, 123868, 4026, 0, 0
2591, 0, 400, 1654, 1428, 326, 18.63%, 0, 8, 6, 56.13, 124145, 4026, 0, 0
2596, 0, 400, 1658, 1432, 326, 18.64%, 0, 8, 6, 62.84, 124468, 4028, 0, 0
2601, 0, 400, 1658, 1432, 326, 18.64%, 0, 8, 6, 62.08, 124773, 4028, 0, 0
2606, 0, 400, 1659, 1433, 326, 18.64%, 0, 8, 6, 62.82, 125082, 4028, 0, 0
2611, 0, 400, 1659, 1433, 326, 18.64%, 0, 8, 6, 57.32, 125373, 4028, 0, 0
2616, 0, 400, 1659, 1433, 326, 18.64%, 0, 8, 6, 66.90, 125726, 4028, 0, 0
2622, 0, 328, 1659, 1432, 326, 18.64%, 0, 8, 6, 72.27, 126090, 4028, 0, 0
2627, 0, 334, 1663, 1434, 327, 18.69%, 0, 8, 6, 19.18, 126345, 4039, 0, 0
2632, 0, 1247, 1665, 1435, 326, 18.69%, 0, 8, 6, 72.60, 126605, 4039, 0, 0
2638, 0, 785, 1668, 1436, 324, 18.69%, 0, 8, 6, 82.72, 126874, 4039, 0, 0
2643, 0, 785, 1672, 1440, 324, 18.70%, 0, 8, 6, 75.56, 127196, 4041, 0, 0
2648, 0, 558, 1673, 1439, 323, 18.71%, 0, 8, 6, 81.69, 127487, 4043, 0, 0
2653, 0, 709, 1674, 1438, 322, 18.71%, 0, 8, 6, 74.39, 127830, 4043, 0, 0
2658, 0, 709, 1675, 1439, 322, 18.71%, 0, 8, 6, 40.90, 127969, 4043, 0, 0
2663, 0, 709, 1676, 1440, 322, 18.71%, 0, 8, 6, 29.00, 128098, 4043, 0, 0
2668, 0, 709, 1676, 1440, 322, 18.71%, 0, 8, 6, 29.23, 128246, 4043, 0, 0
2673, 0, 344, 1680, 1442, 320, 18.71%, 0, 8, 6, 44.22, 128475, 4043, 0, 0
2679, 0, 344, 1697, 1459, 320, 18.80%, 0, 8, 6, 34.35, 128619, 4062, 0, 0
2684, 0, 344, 1716, 1478, 320, 18.91%, 0, 8, 6, 30.08, 128771, 4087, 0, 0
2689, 0, 344, 1729, 1491, 320, 18.97%, 0, 8, 6, 25.47, 128878, 4099, 0, 0
2694, 0, 344, 1742, 1504, 320, 18.97%, 0, 8, 6, 25.50, 128992, 4099, 0, 0
2699, 0, 344, 1752, 1514, 320, 18.97%, 0, 8, 6, 21.85, 129072, 4099, 0, 0
2705, 0, 344, 1768, 1530, 320, 18.97%, 0, 8, 6, 27.55, 129212, 4099, 0, 0
2710, 0, 344, 1779, 1541, 320, 18.97%, 0, 8, 6, 24.51, 129301, 4099, 0, 0
2715, 0, 344, 1793, 1555, 320, 18.97%, 0, 8, 6, 27.96, 129414, 4099, 0, 0
2721, 0, 344, 1805, 1567, 320, 18.97%, 0, 8, 6, 25.87, 129516, 4099, 0, 0
2726, 0, 344, 1815, 1577, 320, 18.97%, 0, 8, 6, 21.50, 129597, 4099, 0, 0
2732, 0, 344, 1827, 1589, 320, 18.97%, 0, 8, 6, 22.55, 129695, 4099, 0, 0
2737, 0, 344, 1838, 1600, 320, 18.97%, 0, 8, 6, 20.34, 129783, 4099, 0, 0
2743, 0, 344, 1848, 1610, 320, 18.97%, 0, 8, 6, 18.83, 129864, 4099, 0, 0
2748, 0, 344, 1861, 1623, 320, 18.97%, 0, 8, 6, 23.42, 129976, 4100, 0, 0
2753, 0, 344, 1874, 1636, 320, 18.99%, 0, 8, 6, 23.22, 130082, 4103, 0, 0
2758, 0, 344, 1891, 1653, 320, 19.04%, 0, 8, 6, 31.97, 130219, 4114, 0, 0
2763, 0, 344, 1912, 1674, 320, 19.20%, 0, 8, 6, 31.95, 130388, 4148, 0, 0
2769, 0, 344, 1928, 1690, 320, 19.28%, 0, 8, 6, 27.41, 130516, 4166, 0, 0
2774, 0, 344, 1944, 1706, 320, 19.39%, 0, 8, 6, 29.23, 130644, 4190, 0, 0
2780, 0, 344, 1950, 1712, 320, 19.39%, 0, 8, 6, 23.98, 130698, 4190, 0, 0
2785, 0, 344, 1958, 1720, 320, 19.39%, 0, 8, 6, 21.17, 130768, 4190, 0, 0
2791, 0, 344, 1968, 1730, 320, 19.39%, 0, 8, 6, 21.91, 130861, 4190, 0, 0
2796, 0, 344, 1976, 1738, 320, 19.39%, 0, 8, 6, 20.07, 130933, 4190, 0, 0
2801, 0, 347, 1982, 1744, 368, 19.39%, 0, 8, 6, 36.39, 131079, 4190, 0, 0
2807, 0, 693, 1983, 1744, 367, 19.39%, 0, 8, 6, 39.69, 131335, 4190, 0, 0
2812, 0, 693, 1983, 1744, 367, 19.39%, 0, 8, 6, 30.58, 131468, 4190, 0, 0
2817, 0, 693, 1984, 1745, 367, 19.40%, 0, 8, 6, 28.54, 131603, 4192, 0, 0
2822, 0, 349, 1985, 1745, 367, 19.40%, 0, 8, 6, 41.74, 131797, 4192, 0, 0
2827, 0, 466, 1987, 1746, 366, 19.41%, 0, 8, 6, 54.91, 132084, 4194, 0, 0
2832, 0, 430, 1987, 1744, 365, 19.41%, 0, 8, 6, 11.41, 132417, 4194, 0, 0
2837, 0, 1759, 1987, 1743, 364, 19.41%, 0, 8, 6, 64.28, 132738, 4194, 0, 0
2842, 0, 1759, 1987, 1743, 364, 19.41%, 0, 8, 6, 35.70, 132872, 4194, 0, 0
2847, 0, 1759, 1988, 1744, 364, 19.41%, 0, 8, 6, 33.13, 133032, 4194, 0, 0
2852, 0, 1759, 1988, 1744, 364, 19.41%, 0, 8, 6, 34.04, 133204, 4194, 0, 0
2858, 0, 390, 1989, 1743, 362, 19.41%, 0, 8, 6, 52.76, 133484, 4194, 0, 0
2863, 0, 447, 1990, 1743, 361, 19.41%, 0, 8, 6, 30.60, 133757, 4194, 0, 0
2868, 0, 447, 1992, 1745, 361, 19.41%, 0, 8, 6, 65.34, 134031, 4194, 0, 0
2872, 0, 447, 1992, 1745, 361, 19.41%, 0, 9, 6, 54.60, 134226, 4194, 0, 0
2934, 0, 787, 2100, 1853, 361, 19.96%, 0, 9, 6, 63.22, 136600, 4313, 0, 0
2939, 0, 787, 2100, 1853, 361, 19.96%, 0, 9, 6, 68.63, 136941, 4313, 0, 0
2945, 0, 787, 2101, 1854, 361, 19.97%, 0, 9, 6, 71.52, 137293, 4315, 0, 0
2950, 0, 787, 2102, 1855, 361, 19.98%, 0, 9, 6, 68.40, 137626, 4318, 0, 0
2955, 0, 787, 2105, 1858, 361, 19.98%, 0, 9, 6, 58.96, 137895, 4318, 0, 0
2960, 0, 787, 2105, 1858, 361, 19.98%, 0, 9, 6, 57.74, 138199, 4318, 0, 0
2965, 0, 787, 2105, 1858, 361, 19.98%, 0, 9, 6, 66.11, 138516, 4318, 0, 0
2970, 0, 787, 2105, 1858, 361, 19.98%, 0, 9, 6, 56.80, 138781, 4318, 0, 0
2975, 0, 787, 2105, 1858, 361, 19.98%, 0, 9, 6, 59.45, 139102, 4318, 0, 0
2980, 0, 787, 2105, 1858, 361, 19.98%, 0, 9, 6, 65.99, 139444, 4318, 0, 0
2985, 0, 787, 2106, 1859, 361, 19.99%, 0, 9, 6, 73.35, 139699, 4319, 0, 0
2990, 0, 787, 2106, 1859, 361, 19.99%, 0, 9, 6, 63.39, 139983, 4319, 0, 0
2996, 0, 787, 2109, 1862, 361, 19.99%, 0, 9, 6, 87.85, 140239, 4319, 0, 0
3001, 0, 787, 2109, 1862, 361, 19.99%, 0, 9, 6, 66.46, 140535, 4319, 0, 0
3006, 0, 787, 2109, 1862, 361, 19.99%, 0, 9, 6, 59.61, 140817, 4319, 0, 0
3011, 0, 787, 2110, 1863, 361, 19.99%, 0, 9, 6, 49.24, 141094, 4319, 0, 0
3016, 0, 787, 2110, 1863, 361, 19.99%, 0, 9, 6, 61.58, 141400, 4319, 0, 0
3021, 0, 787, 2111, 1864, 361, 19.99%, 0, 9, 6, 61.90, 141704, 4319, 0, 0
3026, 0, 787, 2112, 1865, 361, 20.00%, 0, 9, 6, 59.85, 142008, 4321, 0, 0
3031, 0, 787, 2114, 1867, 361, 20.01%, 0, 9, 6, 52.68, 142232, 4323, 0, 0
3037, 0, 787, 2115, 1868, 361, 20.01%, 0, 9, 6, 62.67, 142558, 4324, 0, 0
3042, 0, 787, 2115, 1868, 361, 20.01%, 0, 9, 6, 63.64, 142887, 4324, 0, 0
3047, 0, 787, 2115, 1868, 361, 20.01%, 0, 9, 6, 65.47, 143204, 4324, 0, 0
3052, 0, 787, 2115, 1868, 361, 20.01%, 0, 9, 6, 62.91, 143503, 4324, 0, 0
3057, 0, 787, 2115, 1868, 361, 20.01%, 0, 9, 6, 58.59, 143804, 4324, 0, 0
3062, 0, 787, 2115, 1868, 361, 20.01%, 0, 9, 6, 50.67, 144035, 4324, 0, 0
3067, 0, 787, 2115, 1868, 361, 20.01%, 0, 9, 6, 64.99, 144370, 4324, 0, 0
3073, 0, 787, 2115, 1868, 361, 20.01%, 0, 9, 6, 57.79, 144657, 4324, 0, 0
3078, 0, 787, 2115, 1868, 361, 20.01%, 0, 9, 6, 62.67, 144971, 4324, 0, 0
3083, 0, 787, 2115, 1868, 361, 20.01%, 0, 9, 6, 60.60, 145255, 4324, 0, 0
3088, 0, 787, 2116, 1869, 361, 20.02%, 0, 9, 6, 58.08, 145552, 4326, 0, 0
3093, 0, 787, 2116, 1869, 361, 20.02%, 0, 9, 6, 60.64, 145859, 4326, 0, 0
3098, 0, 787, 2116, 1869, 361, 20.02%, 0, 9, 6, 66.72, 146217, 4326, 0, 0
3103, 0, 787, 2116, 1869, 361, 20.02%, 0, 9, 6, 73.07, 146451, 4326, 0, 0
3108, 0, 787, 2118, 1871, 361, 20.03%, 0, 9, 6, 66.27, 146772, 4328, 0, 0
3113, 0, 787, 2118, 1871, 361, 20.03%, 0, 9, 6, 53.77, 147012, 4328, 0, 0
3119, 0, 787, 2118, 1871, 361, 20.03%, 0, 9, 6, 61.45, 147321, 4328, 0, 0
3124, 0, 787, 2120, 1873, 361, 20.03%, 0, 9, 6, 58.81, 147586, 4328, 0, 0
3129, 0, 787, 2120, 1873, 361, 20.03%, 0, 9, 6, 53.12, 147843, 4328, 0, 0
3134, 0, 1992, 2121, 1873, 99, 20.03%, 0, 9, 6, 61.60, 148164, 4328, 0, 0
3139, 0, 1992, 2122, 1874, 99, 20.03%, 0, 9, 6, 46.33, 148349, 4328, 0, 0
3144, 0, 1992, 2122, 1874, 99, 20.03%, 0, 9, 6, 29.64, 148473, 4328, 0, 0
3149, 0, 1992, 2123, 1875, 99, 20.03%, 0, 9, 6, 25.75, 148579, 4328, 0, 0
3154, 0, 1992, 2123, 1875, 99, 20.03%, 0, 9, 6, 26.61, 148717, 4328, 0, 0
3160, 0, 1992, 2123, 1875, 99, 20.03%, 0, 9, 6, 23.92, 148840, 4328, 0, 0
3165, 0, 1992, 2125, 1877, 99, 20.03%, 0, 9, 6, 23.19, 148954, 4328, 0, 0
3170, 0, 1992, 2125, 1877, 99, 20.03%, 0, 9, 6, 50.91, 149269, 4328, 0, 0
3175, 0, 2037, 2127, 1878, 98, 20.03%, 0, 9, 6, 18.33, 149479, 4328, 0, 0
3180, 0, 2037, 2128, 1879, 98, 20.03%, 0, 9, 6, 40.87, 149708, 4328, 0, 0
3185, 0, 2037, 2130, 1881, 98, 20.03%, 0, 9, 6, 50.27, 149982, 4328, 0, 0
3190, 0, 2037, 2132, 1883, 98, 20.03%, 0, 9, 6, 49.54, 150233, 4328, 0, 0
3196, 0, 2037, 2132, 1883, 98, 20.03%, 0, 9, 6, 57.29, 150541, 4328, 0, 0
3201, 0, 2037, 2132, 1883, 98, 20.03%, 0, 9, 6, 51.45, 150793, 4328, 0, 0
3206, 0, 2037, 2132, 1883, 98, 20.03%, 0, 9, 6, 51.24, 151015, 4328, 0, 0
3211, 0, 2037, 2132, 1883, 98, 20.03%, 0, 9, 6, 47.47, 151249, 4328, 0, 0
3216, 0, 2037, 2132, 1883, 98, 20.03%, 0, 9, 6, 51.94, 151543, 4328, 0, 0
3221, 0, 2037, 2132, 1883, 98, 20.03%, 0, 9, 6, 57.58, 151837, 4328, 0, 0
3226, 0, 2037, 2132, 1883, 98, 20.03%, 0, 9, 6, 48.17, 152074, 4328, 0, 0
3231, 0, 2037, 2133, 1884, 98, 20.03%, 0, 9, 6, 45.19, 152294, 4328, 0, 0
3236, 0, 2037, 2134, 1885, 98, 20.03%, 0, 9, 6, 44.51, 152533, 4328, 0, 0
3241, 0, 2037, 2134, 1885, 98, 20.03%, 0, 9, 6, 40.21, 152758, 4328, 0, 0
3246, 0, 2037, 2134, 1885, 98, 20.03%, 0, 9, 6, 51.06, 153039, 4328, 0, 0
3251, 0, 2037, 2134, 1885, 98, 20.03%, 0, 9, 6, 48.89, 153280, 4328, 0, 0
3256, 0, 2037, 2135, 1886, 98, 20.03%, 0, 9, 6, 44.78, 153475, 4328, 0, 0
3261, 0, 2037, 2135, 1886, 98, 20.03%, 0, 9, 6, 72.22, 153697, 4328, 0, 0
3267, 0, 2037, 2136, 1887, 98, 20.03%, 0, 9, 6, 51.19, 153931, 4328, 0, 0
3272, 0, 2037, 2137, 1888, 98, 20.03%, 0, 9, 6, 43.02, 154144, 4328, 0, 0
3277, 0, 2037, 2137, 1888, 98, 20.03%, 0, 9, 6, 48.60, 154403, 4328, 0, 0
3282, 0, 2037, 2137, 1888, 98, 20.03%, 0, 9, 6, 53.49, 154685, 4328, 0, 0
3287, 0, 2037, 2137, 1888, 98, 20.03%, 0, 9, 6, 45.81, 154924, 4328, 0, 0
3292, 0, 2037, 2137, 1888, 98, 20.03%, 0, 9, 6, 63.91, 155182, 4328, 0, 0
3297, 0, 2037, 2137, 1888, 98, 20.03%, 0, 9, 6, 53.20, 155435, 4328, 0, 0
3302, 0, 2037, 2137, 1888, 98, 20.03%, 0, 9, 6, 52.08, 155696, 4328, 0, 0
3307, 0, 2037, 2137, 1888, 98, 20.03%, 0, 9, 6, 40.78, 155900, 4328, 0, 0
3312, 0, 2037, 2137, 1888, 98, 20.03%, 0, 9, 6, 50.24, 156177, 4328, 0, 0
3317, 0, 2037, 2137, 1888, 98, 20.03%, 0, 9, 6, 53.41, 156447, 4328, 0, 0
3322, 0, 2037, 2138, 1889, 98, 20.03%, 0, 9, 6, 44.77, 156664, 4328, 0, 0
3328, 0, 2037, 2138, 1889, 98, 20.03%, 0, 9, 6, 51.37, 156943, 4328, 0, 0
3333, 0, 2037, 2138, 1889, 98, 20.03%, 0, 9, 6, 65.26, 157174, 4328, 0, 0
3338, 0, 2037, 2138, 1889, 98, 20.03%, 0, 9, 6, 48.26, 157387, 4328, 0, 0
3343, 0, 2037, 2138, 1889, 98, 20.03%, 0, 9, 6, 6.69, 157614, 4328, 0, 0
3348, 0, 2037, 2138, 1889, 98, 20.03%, 0, 9, 6, 64.78, 157889, 4328, 0, 0
3353, 0, 2037, 2138, 1889, 98, 20.03%, 0, 9, 6, 54.74, 158157, 4328, 0, 0
3359, 0, 2037, 2139, 1890, 98, 20.03%, 0, 9, 6, 57.98, 158445, 4328, 0, 0
3364, 0, 2037, 2140, 1891, 98, 20.03%, 0, 9, 6, 56.73, 158708, 4328, 0, 0
3369, 0, 2037, 2141, 1892, 98, 20.03%, 0, 9, 6, 45.74, 158899, 4328, 0, 0
3374, 0, 2037, 2141, 1892, 98, 20.03%, 0, 9, 6, 50.92, 159176, 4328, 0, 0
3379, 0, 1994, 2141, 1891, 105, 20.03%, 0, 9, 6, 43.63, 159446, 4328, 0, 0
3384, 0, 1994, 2142, 1892, 105, 20.03%, 0, 9, 6, 44.20, 159668, 4328, 0, 0
3389, 0, 1994, 2142, 1892, 105, 20.03%, 0, 9, 6, 57.97, 159976, 4328, 0, 0
3394, 0, 1994, 2144, 1894, 105, 20.03%, 0, 9, 6, 62.22, 160280, 4328, 0, 0
3399, 0, 1994, 2145, 1895, 105, 20.03%, 0, 9, 6, 78.75, 160554, 4328, 0, 0
3405, 0, 1994, 2145, 1895, 105, 20.03%, 0, 9, 6, 58.72, 160807, 4328, 0, 0
3410, 0, 1994, 2146, 1896, 105, 20.03%, 0, 9, 6, 64.36, 161118, 4328, 0, 0
3415, 0, 1994, 2147, 1897, 105, 20.03%, 0, 9, 6, 49.80, 161343, 4328, 0, 0
3420, 0, 1994, 2148, 1898, 105, 20.03%, 0, 9, 6, 44.74, 161561, 4328, 0, 0
3425, 0, 1994, 2148, 1898, 105, 20.03%, 0, 9, 6, 63.45, 161894, 4328, 0, 0
3430, 0, 1994, 2149, 1899, 105, 20.03%, 0, 9, 6, 62.63, 162145, 4328, 0, 0
3435, 0, 1994, 2150, 1900, 105, 20.03%, 0, 9, 6, 64.78, 162462, 4328, 0, 0
3440, 0, 1994, 2150, 1900, 105, 20.03%, 0, 9, 6, 62.97, 162739, 4328, 0, 0
3446, 0, 1994, 2150, 1900, 105, 20.03%, 0, 9, 6, 46.97, 162996, 4328, 0, 0
3451, 0, 1994, 2150, 1900, 105, 20.03%, 0, 9, 6, 57.57, 163291, 4328, 0, 0
3456, 0, 1994, 2150, 1900, 105, 20.03%, 0, 9, 6, 82.52, 163546, 4328, 0, 0
3461, 0, 1994, 2150, 1900, 105, 20.03%, 0, 9, 6, 64.47, 163832, 4328, 0, 0
3466, 0, 1994, 2150, 1900, 105, 20.03%, 0, 9, 6, 60.50, 164111, 4328, 0, 0
3471, 0, 1994, 2151, 1901, 105, 20.03%, 0, 9, 6, 55.76, 164331, 4328, 0, 0
3477, 0, 1994, 2151, 1901, 105, 20.03%, 0, 9, 6, 53.11, 164599, 4328, 0, 0
3482, 0, 1994, 2151, 1901, 105, 20.03%, 0, 9, 6, 52.69, 164863, 4328, 0, 0
3487, 0, 1994, 2151, 1901, 105, 20.03%, 0, 9, 6, 62.56, 165190, 4328, 0, 0
3492, 0, 1994, 2151, 1901, 105, 20.03%, 0, 9, 6, 51.91, 165444, 4328, 0, 0
3497, 0, 1994, 2151, 1901, 105, 20.03%, 0, 9, 6, 54.77, 165708, 4328, 0, 0
3502, 0, 1994, 2151, 1901, 105, 20.03%, 0, 9, 6, 53.15, 165981, 4328, 0, 0
3507, 0, 1994, 2151, 1901, 105, 20.03%, 0, 9, 6, 51.56, 166217, 4328, 0, 0
3512, 0, 1994, 2152, 1902, 105, 20.03%, 0, 9, 6, 50.36, 166490, 4328, 0, 0
3517, 0, 1994, 2152, 1902, 105, 20.03%, 0, 9, 6, 50.81, 166743, 4328, 0, 0
3522, 0, 1994, 2153, 1903, 105, 20.03%, 0, 9, 6, 52.05, 166985, 4328, 0, 0
3528, 0, 1994, 2153, 1903, 105, 20.03%, 0, 9, 6, 52.62, 167258, 4328, 0, 0
3533, 0, 1994, 2153, 1903, 105, 20.03%, 0, 9, 6, 53.22, 167514, 4328, 0, 0
3538, 0, 1994, 2153, 1903, 105, 20.03%, 0, 9, 6, 59.48, 167842, 4328, 0, 0
3543, 0, 1994, 2153, 1903, 105, 20.03%, 0, 9, 6, 59.94, 168150, 4328, 0, 0
3548, 0, 1994, 2154, 1904, 105, 20.04%, 0, 9, 6, 25.60, 168457, 4331, 0, 0
3553, 0, 1994, 2155, 1905, 105, 20.04%, 0, 9, 6, 48.67, 168734, 4331, 0, 0
3558, 0, 1994, 2155, 1905, 105, 20.04%, 0, 9, 6, 55.36, 169023, 4331, 0, 0
3563, 0, 1994, 2155, 1905, 105, 20.04%, 0, 9, 6, 55.80, 169288, 4331, 0, 0
3569, 0, 1994, 2155, 1905, 105, 20.04%, 0, 9, 6, 61.54, 169593, 4331, 0, 0
3574, 0, 1994, 2155, 1905, 105, 20.04%, 0, 9, 6, 47.82, 169824, 4331, 0, 0
3579, 0, 1997, 2156, 1905, 107, 20.04%, 0, 9, 6, 42.60, 170059, 4331, 0, 0
3584, 0, 1997, 2156, 1905, 107, 20.04%, 0, 9, 6, 36.10, 170219, 4331, 0, 0
3589, 0, 1997, 2156, 1905, 107, 20.04%, 0, 9, 6, 37.55, 170411, 4331, 0, 0
3594, 0, 1997, 2156, 1905, 107, 20.04%, 0, 9, 6, 40.74, 170626, 4331, 0, 0
3601, 0, 2071, 2156, 1904, 106, 20.04%, 0, 9, 6, 51.38, 171053, 4331, 0, 0
3606, 0, 2071, 2156, 1904, 106, 20.04%, 0, 9, 6, 41.59, 171180, 4331, 0, 0
3612, 0, 2071, 2156, 1904, 106, 20.04%, 0, 9, 6, 36.83, 171309, 4331, 0, 0
3617, 0, 2071, 2156, 1904, 106, 20.04%, 0, 9, 6, 33.68, 171477, 4331, 0, 0
3622, 0, 2071, 2156, 1904, 106, 20.04%, 0, 9, 6, 33.02, 171645, 4331, 0, 0
3627, 0, 2071, 2156, 1904, 106, 20.04%, 0, 9, 6, 32.79, 171813, 4331, 0, 0
3632, 0, 2071, 2156, 1904, 106, 20.04%, 0, 9, 6, 32.97, 171972, 4331, 0, 0
3637, 0, 2071, 2157, 1905, 106, 20.04%, 0, 9, 6, 35.22, 172151, 4331, 0, 0
3642, 0, 2071, 2159, 1907, 106, 20.04%, 0, 9, 6, 33.79, 172297, 4331, 0, 0
3647, 0, 2071, 2161, 1909, 106, 20.04%, 0, 9, 6, 32.36, 172448, 4331, 0, 0
3653, 0, 2071, 2161, 1909, 106, 20.04%, 0, 9, 6, 28.66, 172596, 4331, 0, 0
3658, 0, 2071, 2161, 1909, 106, 20.04%, 0, 9, 6, 31.13, 172754, 4331, 0, 0
3663, 0, 2071, 2161, 1909, 106, 20.04%, 0, 9, 6, 43.79, 172978, 4331, 0, 0
3668, 0, 2071, 2161, 1909, 106, 20.04%, 0, 10, 6, 6.73, 173093, 4331, 0, 0
3673, 0, 2071, 2161, 1909, 106, 20.04%, 0, 10, 6, 24.18, 173243, 4331, 0, 0
3678, 0, 2071, 2162, 1910, 106, 20.04%, 0, 10, 6, 38.94, 173446, 4331, 0, 0
3683, 0, 2071, 2162, 1910, 106, 20.04%, 0, 10, 6, 35.06, 173620, 4331, 0, 0
3689, 0, 2071, 2162, 1910, 106, 20.04%, 0, 10, 6, 33.33, 173785, 4331, 0, 0
3694, 0, 2071, 2162, 1910, 106, 20.04%, 0, 10, 6, 29.10, 173931, 4331, 0, 0
3699, 0, 2071, 2163, 1911, 106, 20.04%, 0, 10, 6, 31.37, 174083, 4331, 0, 0
3704, 0, 2071, 2163, 1911, 106, 20.04%, 0, 10, 6, 31.45, 174253, 4331, 0, 0
3709, 0, 2071, 2163, 1911, 106, 20.04%, 0, 10, 6, 30.48, 174406, 4331, 0, 0
3714, 0, 2071, 2163, 1911, 106, 20.04%, 0, 10, 6, 32.06, 174555, 4331, 0, 0
3719, 0, 2071, 2163, 1911, 106, 20.04%, 0, 10, 6, 33.98, 174733, 4331, 0, 0
3724, 0, 2071, 2163, 1911, 106, 20.04%, 0, 10, 6, 37.78, 174937, 4331, 0, 0
3730, 0, 2071, 2164, 1912, 106, 20.04%, 0, 10, 6, 32.57, 175080, 4331, 0, 0
3735, 0, 2071, 2164, 1912, 106, 20.04%, 0, 10, 6, 31.94, 175245, 4331, 0, 0
3740, 0, 2071, 2164, 1912, 106, 20.04%, 0, 10, 6, 40.66, 175442, 4331, 0, 0
3745, 0, 2071, 2164, 1912, 106, 20.04%, 0, 10, 6, 35.71, 175622, 4331, 0, 0
3750, 0, 2071, 2164, 1912, 106, 20.04%, 0, 10, 6, 39.54, 175813, 4331, 0, 0
3755, 0, 2071, 2164, 1912, 106, 20.04%, 0, 10, 6, 23.25, 175970, 4331, 0, 0
3760, 0, 2071, 2164, 1912, 106, 20.04%, 0, 10, 6, 26.65, 176109, 4331, 0, 0
3765, 0, 2071, 2164, 1912, 106, 20.04%, 0, 10, 6, 33.00, 176283, 4331, 0, 0
3770, 0, 2071, 2164, 1912, 106, 20.04%, 0, 10, 6, 42.52, 176506, 4331, 0, 0
3776, 0, 2071, 2164, 1912, 106, 20.04%, 0, 10, 6, 39.93, 176699, 4331, 0, 0
3781, 0, 2071, 2164, 1912, 106, 20.04%, 0, 10, 6, 31.69, 176846, 4331, 0, 0
3786, 0, 2071, 2164, 1912, 106, 20.04%, 0, 10, 6, 41.89, 177015, 4331, 0, 0
3791, 0, 2071, 2164, 1912, 106, 20.04%, 0, 10, 6, 36.20, 177190, 4331, 0, 0
3796, 0, 2071, 2164, 1912, 106, 20.04%, 0, 10, 6, 29.72, 177317, 4331, 0, 0
3801, 0, 2071, 2165, 1913, 106, 20.04%, 0, 10, 6, 33.65, 177486, 4331, 0, 0
3806, 0, 2071, 2165, 1913, 106, 20.04%, 0, 10, 6, 32.69, 177643, 4331, 0, 0
3812, 0, 2071, 2165, 1913, 106, 20.04%, 0, 10, 6, 38.99, 177844, 4331, 0, 0
3817, 0, 2071, 2165, 1913, 106, 20.04%, 0, 10, 6, 32.22, 178003, 4331, 0, 0
3822, 0, 2071, 2165, 1913, 106, 20.04%, 0, 10, 6, 33.83, 178184, 4331, 0, 0
3827, 0, 2071, 2165, 1913, 106, 20.04%, 0, 10, 6, 31.21, 178337, 4331, 0, 0
3832, 0, 2071, 2165, 1913, 106, 20.04%, 0, 10, 6, 30.56, 178483, 4331, 0, 0
3837, 0, 2071, 2165, 1913, 106, 20.04%, 0, 10, 6, 36.84, 178675, 4331, 0, 0
3842, 0, 2071, 2165, 1913, 106, 20.04%, 0, 10, 6, 32.84, 178824, 4331, 0, 0
3847, 0, 2071, 2165, 1913, 106, 20.04%, 0, 10, 6, 35.21, 179011, 4331, 0, 0
3853, 0, 2071, 2165, 1913, 106, 20.04%, 0, 10, 6, 35.21, 179194, 4331, 0, 0
3858, 0, 2071, 2165, 1913, 106, 20.04%, 0, 10, 6, 32.37, 179350, 4331, 0, 0
3863, 0, 2071, 2165, 1913, 106, 20.04%, 0, 10, 6, 33.14, 179513, 4331, 0, 0
3868, 0, 2071, 2165, 1913, 106, 20.04%, 0, 10, 6, 33.42, 179679, 4331, 0, 0
3873, 0, 2071, 2166, 1914, 106, 20.04%, 0, 10, 6, 16.96, 179832, 4331, 0, 0
3878, 0, 2071, 2166, 1914, 106, 20.04%, 0, 10, 6, 28.73, 179990, 4331, 0, 0
3883, 0, 2071, 2166, 1914, 106, 20.04%, 0, 10, 6, 32.59, 180165, 4331, 0, 0
3889, 0, 2071, 2166, 1914, 106, 20.04%, 0, 10, 6, 34.21, 180349, 4331, 0, 0
3894, 0, 2071, 2166, 1914, 106, 20.04%, 0, 10, 6, 33.14, 180507, 4331, 0, 0
3899, 0, 2071, 2166, 1914, 106, 20.04%, 0, 10, 6, 32.23, 180662, 4331, 0, 0
3904, 0, 2071, 2166, 1914, 106, 20.04%, 0, 10, 6, 32.93, 180813, 4331, 0, 0
3909, 0, 2071, 2166, 1914, 106, 20.04%, 0, 10, 6, 35.49, 181010, 4331, 0, 0
3914, 0, 2071, 2166, 1914, 106, 20.04%, 0, 10, 6, 33.37, 181182, 4331, 0, 0
3919, 0, 2071, 2166, 1914, 106, 20.04%, 0, 10, 6, 19.14, 181341, 4331, 0, 0
3924, 0, 2071, 2166, 1914, 106, 20.04%, 0, 10, 6, 26.94, 181497, 4331, 0, 0
3929, 0, 2071, 2166, 1914, 106, 20.04%, 0, 10, 6, 32.02, 181668, 4331, 0, 0
3935, 0, 2071, 2166, 1914, 106, 20.04%, 0, 10, 6, 46.15, 181846, 4331, 0, 0
3940, 0, 2071, 2167, 1915, 106, 20.04%, 0, 10, 6, 41.96, 182033, 4331, 0, 0
3945, 0, 2071, 2167, 1915, 106, 20.04%, 0, 10, 6, 35.40, 182204, 4331, 0, 0
3950, 0, 2071, 2167, 1915, 106, 20.04%, 0, 10, 6, 17.26, 182384, 4331, 0, 0
3955, 0, 2071, 2167, 1915, 106, 20.04%, 0, 10, 6, 29.57, 182549, 4331, 0, 0
3960, 0, 2071, 2167, 1915, 106, 20.04%, 0, 10, 6, 40.92, 182732, 4331, 0, 0
3965, 0, 2071, 2167, 1915, 106, 20.04%, 0, 10, 6, 36.76, 182901, 4331, 0, 0
3970, 0, 2071, 2167, 1915, 106, 20.04%, 0, 10, 6, 34.81, 183083, 4331, 0, 0
3975, 0, 2071, 2167, 1915, 106, 20.04%, 0, 10, 6, 37.01, 183274, 4331, 0, 0
3980, 0, 2071, 2168, 1916, 106, 20.04%, 0, 10, 6, 30.85, 183420, 4331, 0, 0
3985, 0, 2071, 2168, 1916, 106, 20.04%, 0, 10, 6, 33.54, 183598, 4331, 0, 0
3991, 0, 2071, 2168, 1916, 106, 20.04%, 0, 10, 6, 37.82, 183789, 4331, 0, 0
3996, 0, 2071, 2168, 1916, 106, 20.04%, 0, 10, 6, 42.86, 184009, 4331, 0, 0
4001, 0, 2071, 2168, 1916, 106, 20.04%, 0, 10, 6, 33.03, 184165, 4331, 0, 0
4006, 0, 2071, 2169, 1917, 106, 20.05%, 0, 10, 6, 34.95, 184340, 4332, 0, 0
4011, 0, 2071, 2169, 1917, 106, 20.05%, 0, 10, 6, 37.07, 184536, 4332, 0, 0
4016, 0, 2071, 2169, 1917, 106, 20.05%, 0, 10, 6, 26.15, 184700, 4332, 0, 0
4022, 0, 1998, 2169, 1916, 109, 20.05%, 0, 10, 6, 32.43, 184904, 4332, 0, 0
4027, 0, 1998, 2172, 1919, 109, 20.05%, 0, 10, 6, 23.64, 184968, 4332, 0, 0
4032, 0, 1998, 2175, 1922, 109, 20.05%, 0, 10, 6, 16.15, 185022, 4332, 0, 0
4037, 0, 1998, 2176, 1923, 109, 20.05%, 0, 10, 6, 12.78, 185075, 4332, 0, 0
4042, 0, 1998, 2180, 1927, 109, 20.05%, 0, 10, 6, 11.38, 185122, 4332, 0, 0
4048, 0, 1998, 2182, 1929, 109, 20.05%, 0, 10, 6, 8.33, 185164, 4332, 0, 0
4053, 0, 1998, 2182, 1929, 109, 20.05%, 0, 10, 6, 8.23, 185206, 4332, 0, 0
4058, 0, 1998, 2182, 1929, 109, 20.05%, 0, 10, 6, 8.22, 185248, 4332, 0, 0
4063, 0, 1998, 2182, 1929, 109, 20.05%, 0, 10, 6, 8.31, 185290, 4332, 0, 0
4068, 0, 1998, 2182, 1929, 109, 20.05%, 0, 10, 6, 8.33, 185332, 4332, 0, 0
4073, 0, 1998, 2182, 1929, 109, 20.05%, 0, 10, 6, 8.33, 185374, 4332, 0, 0
4078, 0, 1998, 2182, 1929, 109, 20.05%, 0, 10, 6, 8.32, 185416, 4332, 0, 0
4083, 0, 1998, 2182, 1929, 109, 20.05%, 0, 10, 6, 8.32, 185458, 4332, 0, 0
4088, 0, 1998, 2182, 1929, 109, 20.05%, 0, 10, 6, 8.32, 185500, 4332, 0, 0
4093, 0, 1998, 2184, 1931, 109, 20.05%, 0, 10, 6, 8.97, 185546, 4332, 0, 0
4099, 0, 1998, 2186, 1933, 109, 20.05%, 0, 10, 6, 11.13, 185612, 4332, 0, 0
4104, 0, 1998, 2187, 1934, 109, 20.05%, 0, 10, 6, 15.63, 185696, 4332, 0, 0
4109, 0, 1998, 2188, 1935, 109, 20.05%, 0, 10, 6, 14.98, 185772, 4332, 0, 0
4114, 0, 1998, 2190, 1937, 109, 20.05%, 0, 10, 6, 13.63, 185830, 4332, 0, 0
4119, 0, 1998, 2191, 1938, 109, 20.05%, 0, 10, 6, 14.12, 185901, 4332, 0, 0
4125, 0, 1998, 2194, 1941, 109, 20.05%, 0, 10, 6, 12.96, 185969, 4332, 0, 0
4131, 0, 1998, 2197, 1944, 109, 20.05%, 0, 10, 6, 15.82, 186051, 4332, 0, 0
4136, 0, 1998, 2197, 1944, 109, 20.05%, 0, 10, 6, 14.92, 186129, 4332, 0, 0
4141, 0, 1998, 2200, 1947, 109, 20.05%, 0, 10, 6, 13.74, 186184, 4332, 0, 0
4147, 0, 1998, 2203, 1950, 109, 20.05%, 0, 10, 6, 14.31, 186261, 4332, 0, 0
4152, 0, 1998, 2203, 1950, 109, 20.05%, 0, 10, 6, 16.64, 186341, 4332, 0, 0
4157, 0, 1998, 2205, 1952, 109, 20.05%, 0, 10, 6, 15.62, 186409, 4332, 0, 0
4162, 0, 1998, 2208, 1955, 109, 20.05%, 0, 10, 6, 13.65, 186460, 4332, 0, 0
4167, 0, 1998, 2209, 1956, 109, 20.05%, 0, 10, 6, 15.50, 186550, 4332, 0, 0
4173, 0, 1998, 2209, 1956, 109, 20.05%, 0, 10, 6, 16.15, 186635, 4332, 0, 0
4178, 0, 1998, 2210, 1957, 109, 20.05%, 0, 10, 6, 14.99, 186705, 4332, 0, 0
4183, 0, 1998, 2211, 1958, 109, 20.05%, 0, 10, 6, 14.32, 186777, 4332, 0, 0
4188, 0, 1998, 2211, 1958, 109, 20.05%, 0, 10, 6, 13.49, 186846, 4332, 0, 0
4193, 0, 1998, 2212, 1959, 109, 20.05%, 0, 10, 6, 12.17, 186907, 4332, 0, 0
4199, 0, 1998, 2213, 1960, 109, 20.05%, 0, 10, 6, 16.53, 186996, 4332, 0, 0
4204, 0, 1998, 2214, 1961, 109, 20.05%, 0, 10, 6, 15.73, 187066, 4333, 0, 0
4209, 0, 1998, 2216, 1963, 109, 20.06%, 0, 10, 6, 14.96, 187133, 4335, 0, 0
4214, 0, 1998, 2217, 1964, 109, 20.06%, 0, 10, 6, 13.90, 187205, 4335, 0, 0
4219, 0, 1998, 2217, 1964, 109, 20.06%, 0, 10, 6, 17.94, 187307, 4335, 0, 0
4224, 0, 1998, 2217, 1964, 109, 20.06%, 0, 10, 6, 17.78, 187401, 4335, 0, 0
4229, 0, 1998, 2217, 1964, 109, 20.06%, 0, 10, 6, 16.71, 187486, 4335, 0, 0
4234, 0, 1998, 2218, 1965, 109, 20.06%, 0, 10, 6, 16.60, 187567, 4335, 0, 0
4239, 0, 1998, 2218, 1965, 109, 20.06%, 0, 10, 6, 15.20, 187640, 4335, 0, 0
4244, 0, 1998, 2220, 1967, 109, 20.06%, 0, 10, 6, 15.92, 187713, 4335, 0, 0
4250, 0, 1998, 2221, 1968, 109, 20.06%, 0, 10, 6, 16.50, 187798, 4335, 0, 0
4255, 0, 1998, 2222, 1969, 109, 20.06%, 0, 10, 6, 16.20, 187879, 4335, 0, 0
4261, 0, 1998, 2222, 1969, 109, 20.06%, 0, 10, 6, 16.54, 187960, 4335, 0, 0
4266, 0, 1998, 2223, 1970, 109, 20.06%, 0, 10, 6, 16.14, 188042, 4335, 0, 0
4271, 0, 1998, 2225, 1972, 109, 20.06%, 0, 10, 6, 15.22, 188117, 4335, 0, 0
4277, 0, 1998, 2227, 1974, 109, 20.06%, 0, 10, 6, 15.35, 188191, 4335, 0, 0
4282, 0, 1998, 2228, 1975, 109, 20.06%, 0, 10, 6, 16.79, 188284, 4335, 0, 0
4287, 0, 1998, 2229, 1976, 109, 20.06%, 0, 10, 6, 18.57, 188376, 4335, 0, 0
4293, 0, 1998, 2230, 1977, 109, 20.06%, 0, 10, 6, 14.92, 188449, 4335, 0, 0
4298, 0, 1998, 2231, 1978, 109, 20.06%, 0, 10, 6, 17.22, 188539, 4335, 0, 0
4304, 0, 1998, 2233, 1980, 109, 20.06%, 0, 10, 6, 15.72, 188619, 4335, 0, 0
4309, 0, 1998, 2233, 1980, 109, 20.06%, 0, 10, 6, 19.91, 188719, 4335, 0, 0
4314, 0, 1998, 2233, 1980, 109, 20.06%, 0, 10, 6, 17.94, 188816, 4335, 0, 0
4319, 0, 1998, 2233, 1980, 109, 20.06%, 0, 10, 6, 18.09, 188909, 4335, 0, 0
4325, 0, 1998, 2235, 1982, 109, 20.06%, 0, 10, 6, 15.00, 188984, 4335, 0, 0
4330, 0, 1998, 2236, 1983, 109, 20.06%, 0, 10, 6, 18.46, 189075, 4335, 0, 0
4335, 0, 1998, 2236, 1983, 109, 20.06%, 0, 10, 6, 17.62, 189169, 4335, 0, 0
4340, 0, 1998, 2236, 1983, 109, 20.06%, 0, 10, 6, 15.36, 189243, 4335, 0, 0
4345, 0, 1998, 2237, 1984, 109, 20.06%, 0, 10, 6, 16.36, 189328, 4335, 0, 0
4351, 0, 1998, 2237, 1984, 109, 20.06%, 0, 10, 6, 17.35, 189424, 4335, 0, 0
4356, 0, 1998, 2237, 1984, 109, 20.06%, 0, 10, 6, 16.65, 189502, 4335, 0, 0
4361, 0, 1998, 2237, 1984, 109, 20.06%, 0, 10, 6, 17.98, 189596, 4335, 0, 0
4366, 0, 1998, 2238, 1985, 109, 20.06%, 0, 10, 6, 18.19, 189680, 4335, 0, 0
4371, 0, 1998, 2238, 1985, 109, 20.06%, 0, 10, 6, 16.70, 189763, 4335, 0, 0
4376, 0, 1998, 2239, 1986, 109, 20.06%, 0, 10, 6, 16.32, 189841, 4335, 0, 0
4381, 0, 1998, 2239, 1986, 109, 20.06%, 0, 10, 6, 16.02, 189925, 4335, 0, 0
4386, 0, 1998, 2239, 1986, 109, 20.06%, 0, 10, 6, 16.25, 190009, 4335, 0, 0
4391, 0, 1998, 2239, 1986, 109, 20.06%, 0, 10, 6, 16.15, 190094, 4335, 0, 0
4397, 0, 1998, 2240, 1987, 109, 20.07%, 0, 10, 6, 17.74, 190182, 4337, 0, 0
4402, 0, 1998, 2241, 1988, 109, 20.07%, 0, 10, 6, 15.02, 190252, 4337, 0, 0
4407, 0, 1998, 2242, 1989, 109, 20.07%, 0, 10, 6, 14.34, 190325, 4337, 0, 0
4412, 0, 1998, 2242, 1989, 109, 20.07%, 0, 10, 6, 14.62, 190400, 4337, 0, 0
4417, 0, 1998, 2243, 1990, 109, 20.07%, 0, 10, 6, 16.15, 190480, 4337, 0, 0
4422, 0, 1998, 2244, 1991, 109, 20.10%, 0, 10, 6, 15.49, 190552, 4344, 0, 0
4427, 0, 1998, 2244, 1991, 109, 20.10%, 0, 10, 6, 15.01, 190625, 4344, 0, 0
4433, 0, 1998, 2244, 1991, 109, 20.10%, 0, 10, 6, 16.02, 190705, 4344, 0, 0
4438, 0, 1998, 2244, 1991, 109, 20.10%, 0, 10, 6, 16.19, 190790, 4344, 0, 0
4443, 0, 1998, 2244, 1991, 109, 20.10%, 0, 10, 6, 15.96, 190872, 4344, 0, 0
4448, 0, 1998, 2246, 1993, 109, 20.10%, 0, 10, 6, 12.71, 190926, 4344, 0, 0
4453, 0, 1998, 2246, 1993, 109, 20.10%, 0, 10, 6, 16.03, 191016, 4344, 0, 0
4458, 0, 1998, 2247, 1994, 109, 20.10%, 0, 10, 6, 19.42, 191114, 4344, 0, 0
4463, 0, 1998, 2248, 1995, 109, 20.10%, 0, 10, 6, 17.79, 191196, 4344, 0, 0
4469, 0, 1998, 2248, 1995, 109, 20.10%, 0, 10, 6, 17.05, 191280, 4344, 0, 0
4474, 0, 1998, 2249, 1996, 109, 20.10%, 0, 10, 6, 14.69, 191347, 4344, 0, 0
4479, 0, 1998, 2249, 1996, 109, 20.10%, 0, 10, 6, 14.92, 191423, 4344, 0, 0
4484, 0, 1998, 2249, 1996, 109, 20.10%, 0, 10, 6, 18.21, 191525, 4344, 0, 0
4489, 0, 1998, 2249, 1996, 109, 20.10%, 0, 10, 6, 17.36, 191606, 4344, 0, 0
4495, 0, 1998, 2249, 1996, 109, 20.10%, 0, 10, 6, 14.54, 191677, 4344, 0, 0
4500, 0, 1998, 2250, 1997, 109, 20.10%, 0, 10, 6, 13.83, 191743, 4344, 0, 0
4505, 0, 1998, 2250, 1997, 109, 20.10%, 0, 10, 6, 14.85, 191825, 4344, 0, 0
4510, 0, 1998, 2253, 2000, 109, 20.10%, 0, 10, 6, 13.53, 191884, 4344, 0, 0
4515, 0, 1998, 2253, 2000, 109, 20.10%, 0, 10, 6, 16.89, 191972, 4344, 0, 0
4520, 0, 1998, 2253, 2000, 109, 20.10%, 0, 10, 6, 15.57, 192048, 4344, 0, 0
4525, 0, 1998, 2253, 2000, 109, 20.10%, 0, 10, 6, 16.92, 192143, 4344, 0, 0
4531, 0, 1998, 2253, 2000, 109, 20.10%, 0, 10, 6, 14.79, 192212, 4344, 0, 0
4536, 0, 1998, 2253, 2000, 109, 20.10%, 0, 10, 6, 15.65, 192296, 4344, 0, 0
4541, 0, 1998, 2254, 2001, 109, 20.10%, 0, 10, 6, 15.79, 192371, 4344, 0, 0
4546, 0, 1998, 2255, 2002, 109, 20.10%, 0, 10, 6, 13.83, 192428, 4344, 0, 0
4551, 0, 1998, 2255, 2002, 109, 20.10%, 0, 10, 6, 13.66, 192496, 4344, 0, 0
4556, 0, 1998, 2255, 2002, 109, 20.10%, 0, 10, 6, 16.46, 192591, 4344, 0, 0
4561, 0, 1998, 2255, 2002, 109, 20.10%, 0, 10, 6, 16.98, 192678, 4344, 0, 0
4567, 0, 1998, 2255, 2002, 109, 20.10%, 0, 10, 6, 18.47, 192777, 4344, 0, 0
4572, 0, 1998, 2256, 2003, 109, 20.10%, 0, 10, 6, 15.81, 192852, 4344, 0, 0
4577, 0, 1998, 2256, 2003, 109, 20.10%, 0, 10, 6, 16.28, 192937, 4344, 0, 0
4582, 0, 1998, 2256, 2003, 109, 20.10%, 0, 10, 6, 15.71, 193017, 4344, 0, 0
4587, 0, 1998, 2256, 2003, 109, 20.10%, 0, 10, 6, 15.95, 193100, 4344, 0, 0
4592, 0, 1998, 2256, 2003, 109, 20.10%, 0, 10, 6, 17.78, 193193, 4344, 0, 0
4597, 0, 1998, 2256, 2003, 109, 20.10%, 0, 10, 6, 17.46, 193282, 4344, 0, 0
4602, 0, 1998, 2257, 2004, 109, 20.10%, 0, 10, 6, 17.81, 193368, 4344, 0, 0
4608, 0, 1998, 2258, 2005, 109, 20.10%, 0, 10, 6, 15.92, 193439, 4344, 0, 0
4613, 0, 1998, 2258, 2005, 109, 20.10%, 0, 10, 6, 15.37, 193518, 4344, 0, 0
4618, 0, 1998, 2259, 2006, 109, 20.10%, 0, 10, 6, 15.83, 193599, 4344, 0, 0
4623, 0, 1998, 2259, 2006, 109, 20.10%, 0, 10, 6, 16.12, 193687, 4344, 0, 0
4628, 0, 1998, 2260, 2007, 109, 20.10%, 0, 10, 6, 17.38, 193774, 4344, 0, 0
4633, 0, 1998, 2260, 2007, 109, 20.10%, 0, 10, 6, 16.01, 193854, 4344, 0, 0
4639, 0, 1998, 2260, 2007, 109, 20.10%, 0, 10, 6, 17.35, 193946, 4344, 0, 0
4644, 0, 1998, 2260, 2007, 109, 20.10%, 0, 10, 6, 18.46, 194042, 4344, 0, 0
4649, 0, 1998, 2260, 2007, 109, 20.10%, 0, 10, 6, 16.00, 194117, 4344, 0, 0
4654, 0, 1998, 2260, 2007, 109, 20.10%, 0, 10, 6, 14.21, 194187, 4344, 0, 0
4659, 0, 1998, 2260, 2007, 109, 20.10%, 0, 10, 6, 17.46, 194281, 4344, 0, 0
4664, 0, 1998, 2260, 2007, 109, 20.10%, 0, 10, 6, 18.52, 194377, 4344, 0, 0
4669, 0, 1998, 2260, 2007, 109, 20.10%, 0, 10, 6, 17.83, 194467, 4344, 0, 0
4674, 0, 1998, 2260, 2007, 109, 20.10%, 0, 10, 6, 17.92, 194558, 4344, 0, 0
4680, 0, 1998, 2261, 2008, 109, 20.10%, 0, 10, 6, 18.08, 194660, 4344, 0, 0
4685, 0, 1998, 2261, 2008, 109, 20.10%, 0, 10, 6, 18.85, 194761, 4344, 0, 0
4690, 0, 1998, 2261, 2008, 109, 20.10%, 0, 10, 6, 16.50, 194842, 4344, 0, 0
4695, 0, 1998, 2261, 2008, 109, 20.10%, 0, 10, 6, 14.20, 194916, 4344, 0, 0
4701, 0, 1998, 2262, 2009, 109, 20.10%, 0, 10, 6, 15.80, 194992, 4344, 0, 0
4706, 0, 1998, 2262, 2009, 109, 20.10%, 0, 10, 6, 16.38, 195074, 4344, 0, 0
4711, 0, 1998, 2262, 2009, 109, 20.10%, 0, 10, 6, 14.89, 195149, 4344, 0, 0
4716, 0, 1998, 2262, 2009, 109, 20.10%, 0, 10, 6, 15.14, 195225, 4344, 0, 0
4718, 0, 1998, 2262, 2009, 109, 20.10%, 0, 10, 6, 17.12, 195270, 4344, 0, 0
