# relative_time, cycles_done, cur_item, corpus_count, pending_total, pending_favs, map_size, saved_crashes, saved_hangs, max_depth, execs_per_sec, total_execs, edges_found, total_crashes, servers_count
61, 0, 5, 435, 434, 68, 12.70%, 0, 0, 4, 63.33, 3148, 2744, 0, 0
66, 0, 5, 441, 440, 68, 12.74%, 0, 1, 4, 32.84, 3268, 2752, 0, 0
72, 0, 5, 444, 443, 68, 12.74%, 0, 1, 4, 28.87, 3413, 2754, 0, 0
77, 0, 5, 449, 448, 68, 12.75%, 0, 1, 4, 27.27, 3548, 2756, 0, 0
82, 0, 5, 449, 448, 68, 12.75%, 0, 1, 4, 29.00, 3698, 2756, 0, 0
87, 0, 5, 449, 448, 68, 12.75%, 0, 1, 4, 29.30, 3848, 2756, 0, 0
92, 0, 5, 449, 448, 68, 12.75%, 0, 1, 4, 29.37, 3998, 2756, 0, 0
97, 0, 13, 453, 450, 249, 12.79%, 0, 1, 4, 46.68, 4251, 2763, 0, 0
102, 0, 13, 482, 479, 249, 13.16%, 0, 1, 4, 70.86, 4651, 2843, 0, 0
107, 0, 13, 485, 482, 249, 13.16%, 0, 1, 4, 71.99, 4937, 2843, 0, 0
113, 0, 13, 488, 485, 249, 13.16%, 0, 1, 4, 78.58, 5242, 2843, 0, 0
118, 0, 13, 489, 486, 249, 13.16%, 0, 1, 4, 68.46, 5520, 2843, 0, 0
123, 0, 13, 489, 486, 249, 13.16%, 0, 1, 4, 51.08, 5794, 2843, 0, 0
128, 0, 13, 492, 489, 249, 13.21%, 0, 1, 4, 63.48, 6125, 2854, 0, 0
133, 0, 13, 493, 490, 249, 13.21%, 0, 1, 4, 60.50, 6399, 2854, 0, 0
138, 0, 13, 496, 493, 249, 13.21%, 0, 1, 4, 69.26, 6733, 2854, 0, 0
143, 0, 13, 499, 496, 249, 13.22%, 0, 2, 4, 10.49, 7008, 2856, 0, 0
148, 0, 13, 503, 500, 249, 13.22%, 0, 2, 4, 64.94, 7277, 2856, 0, 0
153, 0, 13, 510, 507, 249, 13.22%, 0, 2, 4, 65.44, 7579, 2857, 0, 0
159, 0, 13, 511, 508, 249, 13.22%, 0, 2, 4, 71.67, 7881, 2857, 0, 0
164, 0, 13, 512, 509, 249, 13.22%, 0, 2, 4, 67.71, 8209, 2857, 0, 0
169, 0, 13, 514, 511, 249, 13.24%, 0, 2, 4, 64.13, 8529, 2860, 0, 0
174, 0, 13, 515, 512, 249, 13.24%, 0, 2, 4, 50.62, 8765, 2860, 0, 0
179, 0, 13, 518, 515, 249, 13.24%, 0, 2, 4, 75.65, 9060, 2862, 0, 0
184, 0, 13, 520, 517, 249, 13.24%, 0, 2, 4, 68.09, 9355, 2862, 0, 0
189, 0, 13, 521, 518, 249, 13.24%, 0, 2, 4, 61.92, 9659, 2862, 0, 0
195, 0, 13, 523, 520, 249, 13.24%, 0, 2, 4, 61.65, 9987, 2862, 0, 0
200, 0, 13, 524, 521, 249, 13.24%, 0, 2, 4, 68.39, 10290, 2862, 0, 0
205, 0, 13, 524, 521, 249, 13.24%, 0, 2, 4, 62.13, 10577, 2862, 0, 0
210, 0, 13, 524, 521, 249, 13.24%, 0, 2, 4, 67.62, 10886, 2862, 0, 0
215, 0, 13, 528, 525, 249, 13.24%, 0, 2, 4, 63.42, 11217, 2862, 0, 0
220, 0, 13, 529, 526, 249, 13.24%, 0, 2, 4, 62.73, 11539, 2862, 0, 0
225, 0, 13, 531, 528, 249, 13.25%, 0, 2, 4, 67.15, 11855, 2864, 0, 0
231, 0, 13, 532, 529, 249, 13.25%, 0, 2, 4, 74.20, 12255, 2864, 0, 0
236, 0, 13, 537, 534, 249, 13.25%, 0, 2, 4, 65.17, 12569, 2864, 0, 0
241, 0, 13, 539, 536, 249, 13.25%, 0, 2, 4, 64.65, 12873, 2864, 0, 0
246, 0, 13, 541, 538, 249, 13.25%, 0, 2, 4, 71.00, 13222, 2864, 0, 0
251, 0, 13, 542, 539, 249, 13.25%, 0, 2, 4, 67.29, 13552, 2864, 0, 0
256, 0, 13, 545, 542, 249, 13.25%, 0, 2, 4, 70.44, 13898, 2864, 0, 0
261, 0, 13, 547, 544, 249, 13.25%, 0, 2, 4, 68.40, 14233, 2864, 0, 0
266, 0, 13, 551, 548, 249, 13.26%, 0, 2, 4, 66.05, 14543, 2865, 0, 0
271, 0, 13, 552, 549, 249, 13.26%, 0, 2, 4, 71.59, 14846, 2865, 0, 0
276, 0, 13, 555, 552, 249, 13.26%, 0, 2, 4, 65.10, 15151, 2865, 0, 0
281, 0, 13, 555, 552, 249, 13.26%, 0, 2, 4, 57.46, 15426, 2865, 0, 0
287, 0, 20, 558, 553, 282, 13.28%, 0, 2, 4, 60.99, 15738, 2870, 0, 0
292, 0, 23, 564, 557, 283, 13.33%, 0, 2, 4, 30.46, 15964, 2881, 0, 0
297, 0, 30, 570, 560, 282, 13.40%, 0, 2, 4, 50.30, 16239, 2896, 0, 0
302, 0, 33, 573, 560, 284, 13.53%, 0, 2, 4, 60.84, 16586, 2923, 0, 0
308, 0, 36, 574, 559, 282, 13.53%, 0, 2, 5, 62.10, 17543, 2923, 0, 0
313, 0, 39, 574, 557, 280, 13.53%, 0, 2, 5, 99.44, 18294, 2923, 0, 0
318, 0, 39, 574, 557, 280, 13.53%, 0, 2, 5, 33.80, 18461, 2923, 0, 0
323, 0, 39, 575, 558, 280, 13.53%, 0, 2, 5, 30.41, 18603, 2924, 0, 0
328, 0, 39, 576, 559, 280, 13.55%, 0, 2, 5, 29.95, 18753, 2927, 0, 0
333, 0, 39, 580, 563, 280, 13.55%, 0, 2, 5, 41.43, 18917, 2928, 0, 0
338, 0, 39, 582, 565, 280, 13.55%, 0, 2, 5, 9.43, 19178, 2928, 0, 0
344, 0, 39, 587, 570, 280, 13.56%, 0, 2, 5, 58.78, 19429, 2930, 0, 0
349, 0, 39, 591, 574, 280, 13.57%, 0, 2, 5, 61.05, 19693, 2932, 0, 0
354, 0, 39, 591, 574, 280, 13.57%, 0, 3, 5, 70.37, 19960, 2932, 0, 0
359, 0, 39, 594, 577, 280, 13.57%, 0, 3, 5, 59.39, 20201, 2932, 0, 0
364, 0, 39, 598, 581, 280, 13.63%, 0, 3, 5, 61.11, 20485, 2945, 0, 0
369, 0, 39, 599, 582, 280, 13.65%, 0, 3, 5, 61.86, 20796, 2950, 0, 0
376, 0, 46, 600, 581, 284, 13.65%, 0, 3, 5, 68.69, 21773, 2950, 0, 0
381, 0, 46, 601, 582, 284, 13.65%, 0, 3, 5, 39.46, 21931, 2950, 0, 0
386, 0, 46, 602, 583, 284, 13.65%, 0, 3, 5, 30.79, 22072, 2950, 0, 0
391, 0, 46, 602, 583, 284, 13.65%, 0, 3, 5, 29.79, 22220, 2950, 0, 0
396, 0, 46, 602, 583, 284, 13.65%, 0, 3, 5, 29.51, 22371, 2950, 0, 0
401, 0, 46, 602, 583, 284, 13.65%, 0, 3, 5, 29.47, 22521, 2950, 0, 0
407, 0, 48, 603, 583, 283, 13.65%, 0, 3, 5, 342.03, 23331, 2950, 0, 0
412, 0, 57, 603, 582, 282, 13.65%, 0, 3, 5, 46.84, 23565, 2950, 0, 0
417, 0, 57, 604, 583, 282, 13.65%, 0, 3, 5, 32.64, 23706, 2950, 0, 0
422, 0, 57, 605, 584, 282, 13.65%, 0, 3, 5, 29.79, 23847, 2950, 0, 0
427, 0, 57, 605, 584, 282, 13.65%, 0, 3, 5, 29.42, 23997, 2950, 0, 0
432, 0, 57, 605, 584, 282, 13.65%, 0, 3, 5, 29.65, 24149, 2950, 0, 0
437, 0, 57, 605, 584, 282, 13.65%, 0, 3, 5, 29.30, 24295, 2950, 0, 0
442, 0, 57, 606, 585, 282, 13.65%, 0, 3, 5, 26.98, 24428, 2950, 0, 0
447, 0, 57, 609, 588, 282, 13.75%, 0, 3, 5, 28.29, 24571, 2971, 0, 0
452, 0, 57, 610, 589, 282, 13.75%, 0, 3, 5, 29.21, 24724, 2971, 0, 0
457, 0, 57, 610, 589, 282, 13.75%, 0, 3, 5, 43.06, 24956, 2971, 0, 0
462, 0, 57, 610, 589, 282, 13.75%, 0, 3, 5, 54.81, 25202, 2971, 0, 0
468, 0, 57, 611, 590, 282, 13.75%, 0, 4, 5, 39.62, 25356, 2971, 0, 0
473, 0, 58, 611, 589, 284, 13.75%, 0, 4, 5, 35.44, 25575, 2971, 0, 0
478, 0, 58, 612, 590, 284, 13.75%, 0, 4, 5, 31.48, 25725, 2971, 0, 0
484, 0, 58, 612, 590, 284, 13.75%, 0, 4, 5, 29.20, 25861, 2971, 0, 0
489, 0, 58, 612, 590, 284, 13.75%, 0, 4, 5, 29.40, 26011, 2971, 0, 0
494, 0, 58, 612, 590, 284, 13.75%, 0, 4, 5, 29.48, 26162, 2971, 0, 0
500, 0, 63, 613, 590, 284, 13.79%, 0, 4, 5, 30.72, 26418, 2979, 0, 0
505, 0, 63, 613, 590, 284, 13.79%, 0, 4, 5, 29.47, 26568, 2979, 0, 0
511, 0, 63, 613, 590, 284, 13.79%, 0, 4, 5, 28.02, 26709, 2979, 0, 0
516, 0, 63, 613, 590, 284, 13.79%, 0, 4, 5, 29.34, 26859, 2979, 0, 0
521, 0, 63, 613, 590, 284, 13.79%, 0, 4, 5, 29.46, 27009, 2979, 0, 0
526, 0, 63, 613, 590, 284, 13.79%, 0, 4, 5, 29.50, 27160, 2979, 0, 0
532, 0, 69, 617, 593, 284, 13.80%, 0, 4, 5, 31.96, 27398, 2983, 0, 0
537, 0, 69, 617, 593, 284, 13.80%, 0, 4, 5, 31.09, 27566, 2983, 0, 0
543, 0, 69, 618, 594, 284, 13.80%, 0, 4, 5, 27.85, 27700, 2983, 0, 0
548, 0, 69, 618, 594, 284, 13.80%, 0, 4, 5, 29.19, 27853, 2983, 0, 0
553, 0, 69, 618, 594, 284, 13.80%, 0, 4, 5, 29.44, 28003, 2983, 0, 0
558, 0, 69, 618, 594, 284, 13.80%, 0, 4, 5, 27.17, 28146, 2983, 0, 0
565, 0, 70, 620, 595, 285, 13.82%, 0, 4, 5, 31.41, 28399, 2986, 0, 0
570, 0, 70, 620, 595, 285, 13.82%, 0, 4, 5, 30.87, 28559, 2986, 0, 0
575, 0, 70, 620, 595, 285, 13.82%, 0, 4, 5, 28.75, 28700, 2986, 0, 0
580, 0, 70, 620, 595, 285, 13.82%, 0, 4, 5, 29.31, 28850, 2986, 0, 0
585, 0, 70, 620, 595, 285, 13.82%, 0, 4, 5, 29.49, 29000, 2986, 0, 0
591, 0, 70, 620, 595, 285, 13.82%, 0, 4, 5, 27.13, 29139, 2986, 0, 0
596, 0, 71, 620, 594, 284, 13.82%, 0, 4, 5, 30.12, 29364, 2986, 0, 0
601, 0, 71, 621, 595, 284, 13.82%, 0, 4, 5, 29.97, 29513, 2986, 0, 0
606, 0, 71, 621, 595, 284, 13.82%, 0, 4, 5, 28.92, 29648, 2986, 0, 0
611, 0, 71, 621, 595, 284, 13.82%, 0, 4, 5, 29.32, 29798, 2986, 0, 0
616, 0, 71, 621, 595, 284, 13.82%, 0, 4, 5, 29.44, 29948, 2986, 0, 0
622, 0, 78, 623, 596, 283, 13.82%, 0, 4, 5, 38.28, 30228, 2987, 0, 0
627, 0, 78, 623, 596, 283, 13.82%, 0, 4, 5, 31.71, 30380, 2987, 0, 0
632, 0, 78, 623, 596, 283, 13.82%, 0, 4, 5, 28.93, 30521, 2987, 0, 0
638, 0, 78, 623, 596, 283, 13.82%, 0, 4, 5, 29.59, 30673, 2987, 0, 0
643, 0, 78, 623, 596, 283, 13.82%, 0, 4, 5, 30.01, 30828, 2987, 0, 0
648, 0, 78, 624, 597, 283, 13.82%, 0, 4, 5, 29.78, 30985, 2987, 0, 0
653, 0, 79, 625, 597, 283, 13.82%, 0, 4, 5, 33.82, 31231, 2987, 0, 0
658, 0, 79, 627, 599, 283, 13.83%, 0, 4, 5, 30.70, 31376, 2989, 0, 0
663, 0, 79, 628, 600, 283, 13.83%, 0, 4, 5, 28.77, 31514, 2989, 0, 0
668, 0, 79, 628, 600, 283, 13.83%, 0, 4, 5, 29.57, 31664, 2989, 0, 0
673, 0, 79, 628, 600, 283, 13.83%, 0, 4, 5, 29.62, 31814, 2989, 0, 0
678, 0, 80, 630, 601, 282, 13.83%, 0, 4, 5, 32.00, 31958, 2989, 0, 0
684, 0, 80, 644, 615, 282, 13.95%, 0, 4, 5, 31.36, 32113, 3014, 0, 0
689, 0, 80, 655, 626, 282, 14.03%, 0, 4, 5, 27.30, 32229, 3032, 0, 0
694, 0, 80, 675, 646, 282, 14.10%, 0, 4, 5, 36.64, 32407, 3047, 0, 0
699, 0, 80, 703, 674, 282, 14.13%, 0, 4, 5, 45.35, 32657, 3054, 0, 0
704, 0, 80, 716, 687, 282, 14.23%, 0, 4, 5, 35.29, 32799, 3075, 0, 0
709, 0, 80, 727, 698, 282, 14.26%, 0, 4, 5, 34.76, 32940, 3082, 0, 0
714, 0, 80, 749, 720, 282, 14.31%, 0, 4, 5, 40.78, 33152, 3093, 0, 0
720, 0, 80, 778, 749, 282, 14.73%, 0, 4, 5, 53.50, 33452, 3184, 0, 0
725, 0, 80, 802, 773, 282, 14.78%, 0, 4, 5, 52.20, 33701, 3193, 0, 0
730, 0, 80, 822, 793, 282, 14.80%, 0, 4, 5, 47.07, 33884, 3198, 0, 0
735, 0, 80, 844, 815, 282, 14.93%, 0, 4, 5, 45.86, 34080, 3227, 0, 0
740, 0, 80, 857, 828, 282, 14.94%, 0, 4, 5, 35.38, 34198, 3229, 0, 0
745, 0, 80, 901, 872, 282, 15.34%, 0, 4, 5, 67.22, 34583, 3315, 0, 0
751, 0, 80, 922, 893, 282, 15.69%, 0, 4, 5, 43.34, 34766, 3390, 0, 0
756, 0, 80, 937, 908, 282, 15.84%, 0, 4, 5, 32.83, 34902, 3423, 0, 0
762, 0, 81, 947, 918, 396, 15.87%, 0, 4, 5, 32.23, 35138, 3430, 0, 0
768, 0, 81, 947, 918, 396, 15.87%, 0, 4, 5, 30.45, 35292, 3430, 0, 0
773, 0, 81, 947, 918, 396, 15.87%, 0, 4, 5, 27.90, 35428, 3430, 0, 0
778, 0, 81, 947, 918, 396, 15.87%, 0, 4, 5, 29.21, 35577, 3430, 0, 0
783, 0, 81, 947, 918, 396, 15.87%, 0, 4, 5, 29.74, 35731, 3430, 0, 0
788, 0, 81, 947, 918, 396, 15.87%, 0, 4, 5, 30.33, 35885, 3430, 0, 0
793, 0, 87, 947, 917, 395, 15.87%, 0, 4, 5, 33.34, 36131, 3430, 0, 0
798, 0, 87, 947, 917, 395, 15.87%, 0, 4, 5, 29.16, 36274, 3430, 0, 0
803, 0, 87, 947, 917, 395, 15.87%, 0, 4, 5, 29.18, 36418, 3430, 0, 0
808, 0, 87, 947, 917, 395, 15.87%, 0, 4, 5, 29.42, 36568, 3430, 0, 0
813, 0, 87, 947, 917, 395, 15.87%, 0, 4, 5, 29.51, 36718, 3430, 0, 0
818, 0, 87, 948, 918, 395, 15.87%, 0, 4, 5, 31.84, 36877, 3430, 0, 0
823, 0, 88, 949, 918, 394, 15.87%, 0, 4, 5, 51.91, 37076, 3430, 0, 0
829, 0, 88, 950, 919, 394, 15.87%, 0, 4, 5, 34.26, 37225, 3430, 0, 0
834, 0, 88, 952, 921, 394, 15.88%, 0, 4, 5, 29.95, 37368, 3432, 0, 0
839, 0, 88, 952, 921, 394, 15.88%, 0, 4, 5, 29.54, 37519, 3432, 0, 0
844, 0, 88, 952, 921, 394, 15.88%, 0, 4, 5, 29.47, 37669, 3432, 0, 0
849, 0, 88, 952, 921, 394, 15.88%, 0, 4, 5, 29.98, 37823, 3432, 0, 0
854, 0, 90, 953, 921, 394, 15.88%, 0, 4, 5, 35.80, 38068, 3432, 0, 0
859, 0, 90, 953, 921, 394, 15.88%, 0, 4, 5, 30.58, 38212, 3432, 0, 0
864, 0, 90, 953, 921, 394, 15.88%, 0, 4, 5, 29.01, 38351, 3432, 0, 0
870, 0, 90, 953, 921, 394, 15.88%, 0, 4, 5, 29.49, 38502, 3432, 0, 0
875, 0, 90, 953, 921, 394, 15.88%, 0, 4, 5, 29.72, 38652, 3432, 0, 0
880, 0, 90, 954, 922, 394, 15.88%, 0, 4, 5, 29.10, 38797, 3432, 0, 0
885, 0, 93, 954, 921, 393, 15.88%, 0, 4, 5, 33.33, 39036, 3432, 0, 0
890, 0, 93, 954, 921, 393, 15.88%, 0, 4, 5, 30.60, 39182, 3432, 0, 0
895, 0, 93, 954, 921, 393, 15.88%, 0, 4, 5, 28.91, 39318, 3432, 0, 0
900, 0, 93, 954, 921, 393, 15.88%, 0, 4, 5, 29.51, 39469, 3432, 0, 0
905, 0, 93, 954, 921, 393, 15.88%, 0, 4, 5, 29.48, 39619, 3432, 0, 0
910, 0, 93, 955, 922, 393, 15.89%, 0, 4, 5, 28.78, 39765, 3434, 0, 0
915, 0, 105, 956, 922, 393, 15.89%, 0, 4, 5, 36.14, 40031, 3434, 0, 0
920, 0, 105, 958, 924, 393, 15.89%, 0, 4, 5, 31.15, 40182, 3434, 0, 0
926, 0, 105, 958, 924, 393, 15.89%, 0, 4, 5, 29.00, 40322, 3434, 0, 0
931, 0, 105, 959, 925, 393, 15.92%, 0, 4, 5, 29.43, 40470, 3440, 0, 0
936, 0, 105, 959, 925, 393, 15.92%, 0, 4, 5, 29.45, 40621, 3440, 0, 0
941, 0, 105, 959, 925, 393, 15.92%, 0, 4, 5, 29.68, 40774, 3440, 0, 0
947, 0, 109, 959, 924, 393, 15.92%, 0, 4, 5, 74.25, 41027, 3440, 0, 0
952, 0, 109, 959, 924, 393, 15.92%, 0, 4, 5, 40.19, 41193, 3440, 0, 0
957, 0, 109, 959, 924, 393, 15.92%, 0, 4, 5, 30.43, 41330, 3440, 0, 0
962, 0, 109, 959, 924, 393, 15.92%, 0, 4, 5, 29.64, 41475, 3440, 0, 0
967, 0, 109, 959, 924, 393, 15.92%, 0, 4, 5, 29.82, 41630, 3440, 0, 0
972, 0, 109, 959, 924, 393, 15.92%, 0, 4, 5, 29.56, 41780, 3440, 0, 0
977, 0, 109, 959, 924, 393, 15.92%, 0, 4, 5, 30.82, 41935, 3440, 0, 0
982, 0, 111, 959, 923, 392, 15.92%, 0, 4, 5, 36.79, 42220, 3440, 0, 0
987, 0, 111, 959, 923, 392, 15.92%, 0, 4, 5, 32.67, 42376, 3440, 0, 0
993, 0, 111, 959, 923, 392, 15.92%, 0, 4, 5, 29.99, 42525, 3440, 0, 0
998, 0, 111, 960, 924, 392, 15.92%, 0, 4, 5, 30.04, 42681, 3441, 0, 0
1003, 0, 111, 960, 924, 392, 15.92%, 0, 4, 5, 26.65, 42817, 3441, 0, 0
1008, 0, 111, 960, 924, 392, 15.92%, 0, 4, 5, 28.71, 42967, 3441, 0, 0
1013, 0, 111, 960, 924, 392, 15.92%, 0, 4, 5, 29.82, 43122, 3441, 0, 0
1018, 0, 111, 960, 924, 392, 15.92%, 0, 4, 5, 29.45, 43272, 3441, 0, 0
1023, 0, 111, 960, 924, 392, 15.92%, 0, 4, 5, 27.98, 43413, 3441, 0, 0
1028, 0, 111, 960, 924, 392, 15.92%, 0, 4, 5, 26.53, 43539, 3441, 0, 0
1034, 0, 117, 960, 923, 391, 15.92%, 0, 4, 5, 31.22, 43800, 3441, 0, 0
1039, 0, 117, 960, 923, 391, 15.92%, 0, 4, 5, 29.23, 43946, 3441, 0, 0
1044, 0, 117, 960, 923, 391, 15.92%, 0, 4, 5, 29.01, 44089, 3441, 0, 0
1049, 0, 117, 960, 923, 391, 15.92%, 0, 4, 5, 29.40, 44239, 3441, 0, 0
1054, 0, 117, 960, 923, 391, 15.92%, 0, 4, 5, 29.63, 44392, 3441, 0, 0
1059, 0, 117, 961, 924, 391, 15.92%, 0, 4, 5, 32.29, 44550, 3441, 0, 0
1064, 0, 124, 962, 924, 390, 15.92%, 0, 4, 5, 37.09, 44826, 3441, 0, 0
1069, 0, 124, 962, 924, 390, 15.92%, 0, 4, 5, 31.09, 44975, 3441, 0, 0
1074, 0, 124, 962, 924, 390, 15.92%, 0, 4, 5, 29.52, 45117, 3441, 0, 0
1080, 0, 124, 962, 924, 390, 15.92%, 0, 4, 5, 29.45, 45267, 3441, 0, 0
1085, 0, 124, 962, 924, 390, 15.92%, 0, 4, 5, 29.35, 45417, 3441, 0, 0
1090, 0, 124, 962, 924, 390, 15.92%, 0, 4, 5, 29.39, 45567, 3441, 0, 0
1095, 0, 130, 962, 923, 389, 15.92%, 0, 4, 5, 37.39, 45834, 3441, 0, 0
1100, 0, 130, 964, 925, 389, 15.92%, 0, 4, 5, 30.04, 45977, 3441, 0, 0
1105, 0, 130, 964, 925, 389, 15.92%, 0, 4, 5, 28.99, 46122, 3441, 0, 0
1110, 0, 130, 964, 925, 389, 15.92%, 0, 4, 5, 29.63, 46276, 3441, 0, 0
1115, 0, 130, 964, 925, 389, 15.92%, 0, 4, 5, 29.53, 46426, 3441, 0, 0
1120, 0, 130, 964, 925, 389, 15.92%, 0, 4, 5, 29.62, 46574, 3441, 0, 0
1126, 0, 130, 964, 925, 389, 15.92%, 0, 4, 5, 28.31, 46721, 3441, 0, 0
1131, 0, 130, 966, 927, 389, 15.92%, 0, 4, 5, 28.77, 46860, 3441, 0, 0
1136, 0, 135, 966, 926, 388, 15.92%, 0, 4, 5, 43.88, 47145, 3441, 0, 0
1141, 0, 135, 966, 926, 388, 15.92%, 0, 4, 5, 32.41, 47291, 3441, 0, 0
1146, 0, 135, 966, 926, 388, 15.92%, 0, 4, 5, 29.25, 47429, 3441, 0, 0
1151, 0, 135, 966, 926, 388, 15.92%, 0, 4, 5, 29.55, 47582, 3441, 0, 0
1156, 0, 135, 966, 926, 388, 15.92%, 0, 4, 5, 29.60, 47732, 3441, 0, 0
1161, 0, 135, 966, 926, 388, 15.92%, 0, 4, 5, 29.57, 47882, 3441, 0, 0
1167, 0, 137, 967, 926, 387, 15.92%, 0, 4, 5, 32.97, 48125, 3441, 0, 0
1172, 0, 137, 967, 926, 387, 15.92%, 0, 4, 5, 31.92, 48282, 3441, 0, 0
1178, 0, 137, 967, 926, 387, 15.92%, 0, 4, 5, 28.76, 48420, 3441, 0, 0
1183, 0, 137, 967, 926, 387, 15.92%, 0, 4, 5, 29.66, 48572, 3441, 0, 0
1188, 0, 137, 967, 926, 387, 15.92%, 0, 4, 5, 29.58, 48723, 3441, 0, 0
1193, 0, 137, 967, 926, 387, 15.92%, 0, 4, 5, 29.52, 48873, 3441, 0, 0
1198, 0, 139, 967, 925, 386, 15.92%, 0, 4, 5, 42.40, 49152, 3441, 0, 0
1203, 0, 139, 968, 926, 386, 15.93%, 0, 4, 5, 32.43, 49308, 3443, 0, 0
1208, 0, 139, 969, 927, 386, 16.02%, 0, 4, 5, 27.58, 49445, 3461, 0, 0
1213, 0, 139, 969, 927, 386, 16.02%, 0, 4, 5, 29.35, 49601, 3461, 0, 0
1219, 0, 139, 969, 927, 386, 16.02%, 0, 4, 5, 29.51, 49752, 3461, 0, 0
1224, 0, 139, 969, 927, 386, 16.02%, 0, 4, 5, 29.64, 49902, 3461, 0, 0
1231, 0, 142, 969, 926, 387, 16.02%, 0, 4, 5, 37.40, 50226, 3461, 0, 0
1236, 0, 142, 969, 926, 387, 16.02%, 0, 4, 5, 32.33, 50387, 3461, 0, 0
1241, 0, 142, 969, 926, 387, 16.02%, 0, 4, 5, 28.56, 50522, 3461, 0, 0
1246, 0, 142, 969, 926, 387, 16.02%, 0, 4, 5, 29.39, 50675, 3461, 0, 0
1251, 0, 142, 969, 926, 387, 16.02%, 0, 4, 5, 29.49, 50825, 3461, 0, 0
1256, 0, 142, 969, 926, 387, 16.02%, 0, 4, 5, 29.72, 50975, 3461, 0, 0
1261, 0, 142, 971, 928, 387, 16.02%, 0, 4, 5, 34.06, 51131, 3461, 0, 0
1266, 0, 142, 973, 930, 387, 16.02%, 0, 4, 5, 39.91, 51322, 3461, 0, 0
1272, 0, 142, 974, 931, 387, 16.02%, 0, 4, 5, 41.77, 51545, 3461, 0, 0
1277, 0, 142, 975, 932, 387, 16.08%, 0, 4, 5, 36.85, 51709, 3475, 0, 0
1282, 0, 142, 975, 932, 387, 16.08%, 0, 4, 5, 38.82, 51907, 3475, 0, 0
1287, 0, 142, 976, 933, 387, 16.09%, 0, 4, 5, 34.64, 52065, 3476, 0, 0
1292, 0, 142, 977, 934, 387, 16.09%, 0, 4, 5, 35.49, 52236, 3476, 0, 0
1298, 0, 142, 978, 935, 387, 16.09%, 0, 5, 5, 38.86, 52399, 3476, 0, 0
1303, 0, 142, 980, 937, 387, 16.09%, 0, 5, 5, 38.58, 52594, 3476, 0, 0
1308, 0, 142, 983, 940, 387, 16.12%, 0, 5, 5, 44.16, 52794, 3484, 0, 0
1313, 0, 142, 984, 941, 387, 16.12%, 0, 5, 5, 38.32, 52967, 3484, 0, 0
1318, 0, 144, 984, 940, 387, 16.12%, 0, 5, 5, 44.53, 53260, 3484, 0, 0
1323, 0, 144, 984, 940, 387, 16.12%, 0, 5, 5, 33.03, 53407, 3484, 0, 0
1328, 0, 144, 984, 940, 387, 16.12%, 0, 5, 5, 29.23, 53545, 3484, 0, 0
1334, 0, 144, 984, 940, 387, 16.12%, 0, 5, 5, 29.44, 53695, 3484, 0, 0
1339, 0, 144, 984, 940, 387, 16.12%, 0, 5, 5, 29.71, 53844, 3484, 0, 0
1344, 0, 144, 984, 940, 387, 16.12%, 0, 5, 5, 30.01, 53996, 3484, 0, 0
1349, 0, 146, 985, 940, 386, 16.12%, 0, 5, 5, 38.47, 54262, 3484, 0, 0
1354, 0, 146, 986, 941, 386, 16.12%, 0, 5, 5, 32.75, 54427, 3484, 0, 0
1359, 0, 146, 986, 941, 386, 16.12%, 0, 5, 5, 29.07, 54567, 3484, 0, 0
1364, 0, 146, 986, 941, 386, 16.12%, 0, 5, 5, 29.65, 54722, 3484, 0, 0
1369, 0, 146, 986, 941, 386, 16.12%, 0, 5, 5, 27.04, 54856, 3484, 0, 0
1374, 0, 146, 986, 941, 386, 16.12%, 0, 5, 5, 29.12, 55007, 3484, 0, 0
1380, 0, 146, 986, 941, 386, 16.12%, 0, 5, 5, 29.49, 55157, 3484, 0, 0
1386, 0, 151, 986, 940, 386, 16.12%, 0, 5, 5, 37.35, 55445, 3484, 0, 0
1391, 0, 151, 986, 940, 386, 16.12%, 0, 5, 5, 32.30, 55606, 3484, 0, 0
1396, 0, 151, 986, 940, 386, 16.12%, 0, 5, 5, 28.57, 55741, 3484, 0, 0
1401, 0, 151, 986, 940, 386, 16.12%, 0, 5, 5, 29.44, 55895, 3484, 0, 0
1406, 0, 151, 986, 940, 386, 16.12%, 0, 5, 5, 29.49, 56046, 3484, 0, 0
1411, 0, 151, 986, 940, 386, 16.12%, 0, 5, 5, 29.51, 56196, 3484, 0, 0
1417, 0, 151, 987, 941, 386, 16.12%, 0, 5, 5, 34.02, 56362, 3484, 0, 0
1422, 0, 152, 1003, 956, 385, 16.14%, 0, 5, 5, 36.50, 56539, 3487, 0, 0
1427, 0, 152, 1021, 974, 385, 17.49%, 0, 5, 5, 32.18, 56694, 3779, 0, 0
1432, 0, 152, 1034, 987, 385, 17.94%, 0, 5, 5, 27.58, 56808, 3877, 0, 0
1438, 0, 152, 1047, 1000, 385, 17.97%, 0, 5, 5, 24.99, 56925, 3883, 0, 0
1443, 0, 152, 1059, 1012, 385, 17.97%, 0, 5, 5, 23.01, 57030, 3883, 0, 0
1448, 0, 152, 1092, 1045, 385, 18.33%, 0, 5, 5, 53.37, 57295, 3962, 0, 0
1453, 0, 152, 1115, 1068, 385, 18.50%, 0, 5, 5, 60.51, 57488, 3998, 0, 0
1458, 0, 152, 1141, 1094, 385, 18.56%, 0, 5, 5, 48.85, 57705, 4011, 0, 0
1464, 0, 152, 1164, 1117, 385, 18.58%, 0, 5, 5, 41.33, 57903, 4014, 0, 0
1469, 0, 152, 1191, 1144, 385, 18.89%, 0, 5, 5, 54.20, 58129, 4082, 0, 0
1474, 0, 152, 1216, 1169, 385, 19.02%, 0, 5, 5, 51.22, 58381, 4110, 0, 0
1479, 0, 152, 1240, 1193, 385, 19.05%, 0, 5, 5, 51.21, 58604, 4117, 0, 0
1485, 0, 152, 1261, 1214, 385, 19.08%, 0, 5, 5, 42.68, 58778, 4123, 0, 0
1490, 0, 152, 1277, 1230, 385, 19.11%, 0, 5, 5, 35.62, 58924, 4130, 0, 0
1495, 0, 152, 1283, 1236, 470, 19.12%, 0, 5, 5, 37.07, 59168, 4131, 0, 0
1500, 0, 152, 1283, 1236, 470, 19.12%, 0, 5, 5, 31.92, 59314, 4131, 0, 0
1506, 0, 152, 1283, 1236, 470, 19.12%, 0, 5, 5, 29.19, 59451, 4131, 0, 0
1511, 0, 152, 1283, 1236, 470, 19.12%, 0, 5, 5, 29.20, 59600, 4131, 0, 0
1516, 0, 152, 1283, 1236, 470, 19.12%, 0, 5, 5, 29.54, 59754, 4131, 0, 0
1521, 0, 152, 1283, 1236, 470, 19.12%, 0, 5, 5, 29.62, 59904, 4131, 0, 0
1528, 0, 156, 1284, 1236, 469, 19.12%, 0, 5, 5, 43.71, 60215, 4131, 0, 0
1533, 0, 156, 1284, 1236, 469, 19.12%, 0, 5, 5, 33.34, 60372, 4131, 0, 0
1538, 0, 156, 1284, 1236, 469, 19.12%, 0, 5, 5, 28.93, 60513, 4131, 0, 0
1543, 0, 156, 1284, 1236, 469, 19.12%, 0, 5, 5, 29.43, 60665, 4131, 0, 0
1548, 0, 156, 1284, 1236, 469, 19.12%, 0, 5, 5, 29.56, 60815, 4131, 0, 0
1553, 0, 156, 1284, 1236, 469, 19.12%, 0, 5, 5, 29.49, 60965, 4131, 0, 0
1558, 0, 156, 1284, 1236, 469, 19.12%, 0, 5, 5, 31.13, 61128, 4131, 0, 0
1564, 0, 161, 1284, 1235, 468, 19.12%, 0, 5, 5, 35.09, 61401, 4131, 0, 0
1569, 0, 161, 1284, 1235, 468, 19.12%, 0, 5, 5, 28.48, 61537, 4131, 0, 0
1574, 0, 161, 1284, 1235, 468, 19.12%, 0, 5, 5, 29.33, 61690, 4131, 0, 0
1579, 0, 161, 1284, 1235, 468, 19.12%, 0, 5, 5, 29.50, 61840, 4131, 0, 0
1584, 0, 161, 1284, 1235, 468, 19.12%, 0, 5, 5, 29.36, 61990, 4131, 0, 0
1591, 0, 166, 1284, 1234, 467, 19.12%, 0, 5, 5, 39.46, 62304, 4131, 0, 0
1596, 0, 166, 1284, 1234, 467, 19.12%, 0, 5, 5, 34.10, 62474, 4131, 0, 0
1601, 0, 166, 1284, 1234, 467, 19.12%, 0, 5, 5, 28.85, 62609, 4131, 0, 0
1606, 0, 166, 1284, 1234, 467, 19.12%, 0, 5, 5, 29.72, 62763, 4131, 0, 0
1611, 0, 166, 1284, 1234, 467, 19.12%, 0, 5, 5, 29.97, 62915, 4131, 0, 0
1616, 0, 166, 1285, 1235, 467, 19.12%, 0, 5, 5, 30.21, 63066, 4131, 0, 0
1621, 0, 171, 1285, 1234, 467, 19.12%, 0, 5, 5, 39.89, 63344, 4131, 0, 0
1626, 0, 171, 1285, 1234, 467, 19.12%, 0, 5, 5, 32.43, 63491, 4131, 0, 0
1631, 0, 171, 1285, 1234, 467, 19.12%, 0, 5, 5, 29.11, 63625, 4131, 0, 0
1636, 0, 171, 1285, 1234, 467, 19.12%, 0, 5, 5, 27.87, 63766, 4131, 0, 0
1641, 0, 171, 1285, 1234, 467, 19.12%, 0, 5, 5, 29.25, 63916, 4131, 0, 0
1647, 0, 171, 1285, 1234, 467, 19.12%, 0, 5, 5, 29.41, 64066, 4131, 0, 0
1652, 0, 171, 1286, 1235, 467, 19.12%, 0, 5, 5, 31.39, 64226, 4131, 0, 0
1657, 0, 171, 1289, 1238, 467, 19.12%, 0, 5, 5, 38.91, 64423, 4131, 0, 0
1663, 0, 171, 1290, 1239, 467, 19.12%, 0, 5, 5, 39.94, 64651, 4131, 0, 0
1668, 0, 171, 1291, 1240, 467, 19.12%, 0, 5, 5, 36.04, 64839, 4131, 0, 0
1673, 0, 171, 1293, 1242, 467, 19.13%, 0, 5, 5, 40.78, 65048, 4133, 0, 0
1678, 0, 171, 1295, 1244, 467, 19.14%, 0, 5, 5, 42.80, 65263, 4137, 0, 0
1683, 0, 171, 1295, 1244, 467, 19.14%, 0, 5, 5, 52.38, 65448, 4137, 0, 0
1689, 0, 171, 1296, 1245, 467, 19.14%, 0, 5, 5, 46.24, 65649, 4137, 0, 0
1694, 0, 171, 1296, 1245, 467, 19.14%, 0, 5, 5, 43.05, 65837, 4137, 0, 0
1699, 0, 171, 1297, 1246, 467, 19.14%, 0, 5, 5, 41.59, 66048, 4137, 0, 0
1704, 0, 171, 1298, 1247, 467, 19.14%, 0, 5, 5, 2.44, 66246, 4137, 0, 0
1709, 0, 171, 1298, 1247, 467, 19.14%, 0, 5, 5, 49.84, 66431, 4137, 0, 0
1714, 0, 171, 1298, 1247, 467, 19.14%, 0, 5, 5, 25.81, 66604, 4137, 0, 0
1721, 0, 174, 1298, 1246, 469, 19.14%, 0, 5, 5, 41.60, 66981, 4137, 0, 0
1726, 0, 174, 1298, 1246, 469, 19.14%, 0, 5, 5, 32.54, 67134, 4137, 0, 0
1732, 0, 174, 1298, 1246, 469, 19.14%, 0, 5, 5, 28.82, 67274, 4137, 0, 0
1737, 0, 174, 1298, 1246, 469, 19.14%, 0, 5, 5, 29.41, 67426, 4137, 0, 0
1742, 0, 174, 1298, 1246, 469, 19.14%, 0, 5, 5, 29.56, 67579, 4137, 0, 0
1747, 0, 174, 1298, 1246, 469, 19.14%, 0, 5, 5, 29.70, 67729, 4137, 0, 0
1753, 0, 175, 1298, 1245, 468, 19.14%, 0, 5, 5, 39.35, 68051, 4137, 0, 0
1758, 0, 175, 1298, 1245, 468, 19.14%, 0, 5, 5, 32.31, 68209, 4137, 0, 0
1763, 0, 175, 1298, 1245, 468, 19.14%, 0, 5, 5, 29.04, 68346, 4137, 0, 0
1769, 0, 175, 1298, 1245, 468, 19.14%, 0, 5, 5, 29.39, 68496, 4137, 0, 0
1774, 0, 175, 1298, 1245, 468, 19.14%, 0, 5, 5, 29.51, 68646, 4137, 0, 0
1779, 0, 175, 1298, 1245, 468, 19.14%, 0, 5, 5, 29.66, 68799, 4137, 0, 0
1785, 0, 182, 1299, 1245, 467, 19.14%, 0, 5, 5, 39.84, 69120, 4137, 0, 0
1790, 0, 182, 1299, 1245, 467, 19.14%, 0, 5, 5, 31.88, 69270, 4137, 0, 0
1796, 0, 182, 1299, 1245, 467, 19.14%, 0, 5, 5, 28.50, 69413, 4137, 0, 0
1801, 0, 182, 1299, 1245, 467, 19.14%, 0, 5, 5, 29.81, 69567, 4137, 0, 0
1806, 0, 182, 1299, 1245, 467, 19.14%, 0, 5, 5, 30.00, 69724, 4137, 0, 0
1811, 0, 182, 1299, 1245, 467, 19.14%, 0, 5, 5, 29.97, 69877, 4137, 0, 0
1818, 0, 187, 1299, 1244, 466, 19.14%, 0, 5, 5, 39.48, 70222, 4137, 0, 0
1823, 0, 187, 1301, 1246, 466, 19.14%, 0, 5, 5, 39.68, 70388, 4137, 0, 0
1829, 0, 194, 1301, 1244, 465, 19.14%, 0, 5, 5, 43.80, 71333, 4137, 0, 0
1834, 0, 194, 1301, 1244, 465, 19.14%, 0, 5, 5, 32.29, 71480, 4137, 0, 0
1839, 0, 194, 1301, 1244, 465, 19.14%, 0, 5, 5, 28.61, 71620, 4137, 0, 0
1844, 0, 194, 1301, 1244, 465, 19.14%, 0, 5, 5, 29.13, 71765, 4137, 0, 0
1849, 0, 194, 1301, 1244, 465, 19.14%, 0, 5, 5, 29.43, 71915, 4137, 0, 0
1854, 0, 194, 1301, 1244, 465, 19.14%, 0, 5, 5, 29.49, 72065, 4137, 0, 0
1860, 0, 204, 1303, 1245, 464, 19.14%, 0, 5, 5, 41.89, 72376, 4137, 0, 0
1865, 0, 204, 1303, 1245, 464, 19.14%, 0, 5, 5, 33.47, 72537, 4137, 0, 0
1870, 0, 204, 1303, 1245, 464, 19.14%, 0, 5, 5, 28.84, 72674, 4137, 0, 0
1875, 0, 204, 1303, 1245, 464, 19.14%, 0, 5, 5, 29.34, 72827, 4137, 0, 0
1880, 0, 204, 1303, 1245, 464, 19.14%, 0, 5, 5, 29.57, 72978, 4137, 0, 0
1885, 0, 204, 1303, 1245, 464, 19.14%, 0, 5, 5, 29.53, 73128, 4137, 0, 0
1891, 0, 206, 1303, 1244, 463, 19.14%, 0, 5, 5, 42.97, 73432, 4137, 0, 0
1896, 0, 206, 1303, 1244, 463, 19.14%, 0, 5, 5, 33.08, 73584, 4137, 0, 0
1901, 0, 206, 1305, 1246, 463, 19.16%, 0, 5, 5, 28.79, 73721, 4140, 0, 0
1906, 0, 206, 1305, 1246, 463, 19.16%, 0, 5, 5, 29.52, 73874, 4140, 0, 0
1911, 0, 206, 1305, 1246, 463, 19.16%, 0, 5, 5, 29.56, 74025, 4140, 0, 0
1917, 0, 206, 1305, 1246, 463, 19.16%, 0, 5, 5, 29.58, 74175, 4140, 0, 0
1922, 0, 206, 1305, 1246, 463, 19.16%, 0, 5, 5, 34.64, 74345, 4140, 0, 0
1928, 0, 214, 1305, 1244, 463, 19.16%, 0, 5, 5, 46.58, 74768, 4140, 0, 0
1933, 0, 214, 1305, 1244, 463, 19.16%, 0, 5, 5, 34.00, 74925, 4140, 0, 0
1938, 0, 214, 1305, 1244, 463, 19.16%, 0, 5, 5, 29.09, 75066, 4140, 0, 0
1944, 0, 214, 1305, 1244, 463, 19.16%, 0, 5, 5, 29.48, 75218, 4140, 0, 0
1949, 0, 214, 1305, 1244, 463, 19.16%, 0, 5, 5, 29.89, 75373, 4140, 0, 0
1954, 0, 214, 1305, 1244, 463, 19.16%, 0, 5, 5, 29.80, 75527, 4140, 0, 0
1960, 0, 215, 1305, 1243, 462, 19.16%, 0, 5, 5, 40.37, 75821, 4140, 0, 0
1965, 0, 215, 1305, 1243, 462, 19.16%, 0, 5, 5, 32.48, 75975, 4140, 0, 0
1970, 0, 215, 1305, 1243, 462, 19.16%, 0, 5, 5, 28.72, 76114, 4140, 0, 0
1975, 0, 215, 1305, 1243, 462, 19.16%, 0, 5, 5, 29.38, 76266, 4140, 0, 0
1980, 0, 215, 1305, 1243, 462, 19.16%, 0, 5, 5, 28.74, 76409, 4140, 0, 0
1985, 0, 215, 1305, 1243, 462, 19.16%, 0, 5, 5, 29.47, 76563, 4140, 0, 0
1990, 0, 215, 1307, 1245, 462, 19.16%, 0, 5, 5, 27.66, 76702, 4140, 0, 0
1996, 0, 221, 1308, 1245, 461, 19.16%, 0, 5, 5, 39.37, 77011, 4140, 0, 0
2001, 0, 221, 1308, 1245, 461, 19.16%, 0, 5, 5, 31.45, 77171, 4140, 0, 0
2007, 0, 221, 1309, 1246, 461, 19.16%, 0, 5, 5, 32.00, 77332, 4140, 0, 0
2012, 0, 221, 1309, 1246, 461, 19.16%, 0, 5, 5, 32.61, 77500, 4140, 0, 0
2017, 0, 221, 1309, 1246, 461, 19.16%, 0, 5, 5, 33.68, 77675, 4140, 0, 0
2022, 0, 225, 1312, 1247, 460, 19.16%, 0, 5, 5, 53.78, 77970, 4140, 0, 0
2028, 0, 227, 1312, 1246, 459, 19.16%, 0, 5, 5, 59.27, 78242, 4140, 0, 0
2033, 0, 229, 1314, 1246, 457, 19.16%, 0, 5, 5, 68.70, 78608, 4140, 0, 0
2038, 0, 233, 1316, 1246, 455, 19.16%, 0, 5, 5, 64.39, 78899, 4140, 0, 0
2043, 0, 235, 1316, 1244, 453, 19.16%, 0, 5, 5, 66.39, 79199, 4140, 0, 0
2048, 0, 237, 1318, 1245, 452, 19.16%, 0, 5, 5, 71.75, 79525, 4140, 0, 0
2048, 0, 237, 1318, 1245, 452, 19.16%, 0, 5, 5, 0.00, 79525, 4140, 0, 0
2048, 0, 237, 1318, 1245, 452, 19.16%, 0, 5, 5, 0.00, 79525, 4140, 0, 0
2048, 0, 237, 1318, 1245, 452, 19.16%, 0, 5, 5, 0.00, 79525, 4140, 0, 0
2122, 0, 299, 1556, 1482, 143, 19.60%, 0, 5, 5, 78.51, 81559, 4235, 0, 0
2127, 0, 319, 1556, 1480, 143, 19.60%, 0, 5, 5, 74.42, 81873, 4235, 0, 0
2134, 0, 589, 1557, 1478, 143, 19.60%, 0, 5, 6, 16.54, 82214, 4235, 0, 0
2139, 0, 596, 1557, 1477, 143, 19.60%, 0, 5, 6, 29.24, 82477, 4235, 0, 0
2144, 0, 596, 1557, 1477, 143, 19.60%, 0, 5, 6, 25.22, 82602, 4235, 0, 0
2149, 0, 596, 1557, 1477, 143, 19.60%, 0, 5, 6, 29.02, 82753, 4235, 0, 0
2154, 0, 596, 1559, 1479, 143, 19.60%, 0, 5, 6, 28.81, 82901, 4235, 0, 0
2159, 0, 658, 1559, 1477, 143, 19.60%, 0, 5, 6, 31.41, 83192, 4235, 0, 0
2165, 0, 846, 1560, 1476, 142, 19.60%, 0, 5, 6, 30.43, 83470, 4235, 0, 0
2170, 0, 976, 1561, 1476, 143, 19.60%, 0, 5, 6, 12.44, 83637, 4235, 0, 0
2175, 0, 1141, 1562, 1475, 143, 19.60%, 0, 5, 6, 15.88, 83845, 4235, 0, 0
2180, 0, 1322, 1567, 1479, 143, 19.60%, 0, 5, 6, 31.16, 84059, 4235, 0, 0
2185, 0, 1324, 1571, 1482, 145, 19.60%, 0, 5, 6, 36.14, 84298, 4235, 0, 0
2191, 0, 1324, 1573, 1484, 145, 19.60%, 0, 5, 6, 25.61, 84418, 4235, 0, 0
2196, 0, 1324, 1574, 1485, 145, 19.60%, 0, 5, 6, 22.77, 84522, 4235, 0, 0
2201, 0, 1324, 1575, 1486, 145, 19.60%, 0, 5, 6, 22.89, 84634, 4235, 0, 0
2206, 0, 1324, 1575, 1486, 145, 19.60%, 0, 5, 6, 22.87, 84749, 4235, 0, 0
2211, 0, 1324, 1575, 1486, 145, 19.60%, 0, 5, 6, 22.82, 84864, 4235, 0, 0
2216, 0, 1324, 1575, 1486, 145, 19.60%, 0, 5, 6, 22.82, 84979, 4235, 0, 0
2221, 0, 1324, 1575, 1486, 145, 19.60%, 0, 5, 6, 22.88, 85094, 4235, 0, 0
2226, 0, 1324, 1575, 1486, 145, 19.60%, 0, 5, 6, 22.93, 85209, 4235, 0, 0
2231, 0, 1327, 1577, 1486, 145, 19.60%, 0, 5, 6, 37.26, 85453, 4235, 0, 0
2237, 0, 1327, 1584, 1493, 145, 19.60%, 0, 5, 6, 24.10, 85598, 4235, 0, 0
2242, 0, 1328, 1586, 1494, 147, 19.60%, 0, 5, 6, 27.88, 85801, 4235, 0, 0
2247, 0, 1328, 1590, 1498, 147, 19.60%, 0, 5, 6, 23.27, 85903, 4235, 0, 0
2252, 0, 1328, 1592, 1500, 147, 19.60%, 0, 5, 6, 20.07, 85996, 4235, 0, 0
2257, 0, 1328, 1594, 1502, 147, 19.60%, 0, 5, 6, 17.56, 86077, 4235, 0, 0
2262, 0, 1328, 1595, 1503, 147, 19.60%, 0, 5, 6, 18.09, 86173, 4235, 0, 0
2267, 0, 1328, 1595, 1503, 147, 19.60%, 0, 5, 6, 17.69, 86261, 4235, 0, 0
2272, 0, 1328, 1595, 1503, 147, 19.60%, 0, 5, 6, 17.56, 86349, 4235, 0, 0
2277, 0, 1328, 1595, 1503, 147, 19.60%, 0, 5, 6, 17.50, 86437, 4235, 0, 0
2282, 0, 1328, 1595, 1503, 147, 19.60%, 0, 5, 6, 17.72, 86529, 4235, 0, 0
2287, 0, 1328, 1595, 1503, 147, 19.60%, 0, 5, 6, 17.81, 86621, 4235, 0, 0
2292, 0, 1328, 1595, 1503, 147, 19.60%, 0, 5, 6, 17.55, 86709, 4235, 0, 0
2298, 0, 1328, 1595, 1503, 147, 19.60%, 0, 5, 6, 17.53, 86797, 4235, 0, 0
2303, 0, 1328, 1595, 1503, 147, 19.60%, 0, 5, 6, 17.52, 86885, 4235, 0, 0
2308, 0, 1328, 1595, 1503, 147, 19.60%, 0, 5, 6, 17.51, 86973, 4235, 0, 0
2313, 0, 1328, 1595, 1503, 147, 19.60%, 0, 5, 6, 17.50, 87061, 4235, 0, 0
2319, 0, 1333, 1596, 1502, 149, 19.60%, 0, 5, 6, 24.73, 87275, 4235, 0, 0
2326, 0, 1334, 1601, 1506, 147, 19.60%, 0, 5, 6, 37.20, 87543, 4235, 0, 0
2332, 0, 1340, 1604, 1508, 147, 19.60%, 0, 5, 6, 46.99, 87793, 4235, 0, 0
2337, 0, 1340, 1604, 1508, 147, 19.60%, 0, 5, 6, 30.52, 87928, 4235, 0, 0
2342, 0, 1340, 1605, 1509, 147, 19.60%, 0, 5, 6, 23.81, 88026, 4235, 0, 0
2347, 0, 1340, 1605, 1509, 147, 19.60%, 0, 5, 6, 24.58, 88151, 4235, 0, 0
2352, 0, 1340, 1605, 1509, 147, 19.60%, 0, 5, 6, 24.66, 88278, 4235, 0, 0
2357, 0, 1340, 1605, 1509, 147, 19.60%, 0, 5, 6, 24.76, 88403, 4235, 0, 0
2362, 0, 1340, 1605, 1509, 147, 19.60%, 0, 5, 6, 24.01, 88527, 4235, 0, 0
2368, 0, 1352, 1606, 1508, 146, 19.60%, 0, 5, 6, 44.80, 88839, 4235, 0, 0
2373, 0, 1352, 1608, 1510, 146, 19.60%, 0, 5, 6, 33.82, 88974, 4235, 0, 0
2378, 0, 1352, 1608, 1510, 146, 19.60%, 0, 5, 6, 33.83, 89149, 4235, 0, 0
2384, 0, 1354, 1609, 1510, 145, 19.60%, 0, 5, 6, 33.06, 89338, 4235, 0, 0
2389, 0, 1354, 1610, 1511, 145, 19.60%, 0, 5, 6, 34.46, 89509, 4235, 0, 0
2394, 0, 1354, 1610, 1511, 145, 19.60%, 0, 5, 6, 34.01, 89684, 4235, 0, 0
2399, 0, 1354, 1611, 1512, 145, 19.60%, 0, 5, 6, 33.96, 89858, 4235, 0, 0
2404, 0, 1355, 1611, 1511, 145, 19.60%, 0, 5, 6, 33.00, 90048, 4235, 0, 0
2409, 0, 1355, 1611, 1511, 145, 19.60%, 0, 5, 6, 32.55, 90208, 4235, 0, 0
2415, 0, 1355, 1611, 1511, 145, 19.60%, 0, 5, 6, 33.54, 90383, 4235, 0, 0
2420, 0, 1355, 1611, 1511, 145, 19.60%, 0, 5, 6, 33.79, 90558, 4235, 0, 0
2425, 0, 1358, 1613, 1512, 144, 19.60%, 0, 5, 6, 33.91, 90754, 4235, 0, 0
2430, 0, 1358, 1614, 1513, 144, 19.60%, 0, 5, 6, 31.39, 90886, 4235, 0, 0
2435, 0, 1358, 1614, 1513, 144, 19.60%, 0, 5, 6, 33.46, 91061, 4235, 0, 0
2440, 0, 1358, 1614, 1513, 144, 19.60%, 0, 5, 6, 33.76, 91236, 4235, 0, 0
2446, 0, 1359, 1616, 1514, 145, 19.60%, 0, 5, 6, 34.41, 91460, 4235, 0, 0
2451, 0, 1359, 1617, 1515, 145, 19.60%, 0, 5, 6, 24.07, 91556, 4235, 0, 0
2456, 0, 1359, 1618, 1516, 145, 19.60%, 0, 5, 6, 21.29, 91657, 4235, 0, 0
2461, 0, 1359, 1618, 1516, 145, 19.60%, 0, 5, 6, 20.63, 91762, 4235, 0, 0
2466, 0, 1359, 1618, 1516, 145, 19.60%, 0, 5, 6, 20.42, 91867, 4235, 0, 0
2471, 0, 1359, 1618, 1516, 145, 19.60%, 0, 5, 6, 20.35, 91971, 4235, 0, 0
2476, 0, 1359, 1619, 1517, 145, 19.60%, 0, 5, 6, 20.40, 92075, 4235, 0, 0
2481, 0, 1359, 1619, 1517, 145, 19.60%, 0, 5, 6, 20.38, 92177, 4235, 0, 0
2486, 0, 1359, 1619, 1517, 145, 19.60%, 0, 5, 6, 20.55, 92282, 4235, 0, 0
2494, 0, 1360, 1622, 1519, 147, 19.60%, 0, 5, 6, 21.68, 92477, 4235, 0, 0
2499, 0, 1360, 1623, 1520, 147, 19.60%, 0, 5, 6, 27.30, 92611, 4235, 0, 0
2504, 0, 1360, 1623, 1520, 147, 19.60%, 0, 5, 6, 32.84, 92786, 4235, 0, 0
2509, 0, 1360, 1623, 1520, 147, 19.60%, 0, 5, 6, 33.86, 92961, 4235, 0, 0
2514, 0, 1360, 1623, 1520, 147, 19.60%, 0, 5, 6, 33.68, 93136, 4235, 0, 0
2519, 0, 1363, 1626, 1522, 145, 19.60%, 0, 5, 6, 31.59, 93320, 4235, 0, 0
2524, 0, 1363, 1626, 1522, 145, 19.60%, 0, 5, 6, 32.47, 93476, 4235, 0, 0
2530, 0, 1363, 1626, 1522, 145, 19.60%, 0, 5, 6, 33.53, 93651, 4235, 0, 0
2535, 0, 1364, 1627, 1522, 145, 19.60%, 0, 5, 6, 34.02, 93865, 4235, 0, 0
2541, 0, 1364, 1628, 1523, 145, 19.60%, 0, 5, 6, 31.10, 93998, 4235, 0, 0
2546, 0, 1364, 1628, 1523, 145, 19.60%, 0, 5, 6, 33.30, 94173, 4235, 0, 0
2551, 0, 1364, 1629, 1524, 145, 19.60%, 0, 5, 6, 33.74, 94344, 4235, 0, 0
2556, 0, 1365, 1632, 1526, 145, 19.60%, 0, 5, 6, 29.27, 94512, 4235, 0, 0
2561, 0, 1365, 1632, 1526, 145, 19.60%, 0, 5, 6, 32.47, 94677, 4235, 0, 0
2566, 0, 1365, 1632, 1526, 145, 19.60%, 0, 5, 6, 33.57, 94852, 4235, 0, 0
2572, 0, 1365, 1632, 1526, 145, 19.60%, 0, 5, 6, 33.88, 95027, 4235, 0, 0
2577, 0, 1366, 1633, 1526, 144, 19.60%, 0, 5, 6, 31.72, 95220, 4235, 0, 0
2582, 0, 1366, 1634, 1527, 144, 19.60%, 0, 5, 6, 31.19, 95363, 4235, 0, 0
2587, 0, 1366, 1634, 1527, 144, 19.60%, 0, 5, 6, 33.32, 95538, 4235, 0, 0
2592, 0, 1366, 1634, 1527, 144, 19.60%, 0, 5, 6, 33.67, 95713, 4235, 0, 0
2597, 0, 1367, 1635, 1527, 143, 19.60%, 0, 5, 6, 31.98, 95890, 4235, 0, 0
2602, 0, 1367, 1635, 1527, 143, 19.60%, 0, 5, 6, 32.76, 96052, 4235, 0, 0
2608, 0, 1367, 1635, 1527, 143, 19.60%, 0, 5, 6, 33.76, 96227, 4235, 0, 0
2613, 0, 1369, 1636, 1527, 142, 19.60%, 0, 5, 6, 33.63, 96440, 4235, 0, 0
2618, 0, 1369, 1636, 1527, 142, 19.60%, 0, 5, 6, 49.02, 96678, 4235, 0, 0
2623, 0, 1370, 1637, 1527, 141, 19.60%, 0, 5, 6, 45.43, 96895, 4235, 0, 0
2628, 0, 1370, 1637, 1527, 141, 19.60%, 0, 5, 6, 25.62, 97059, 4235, 0, 0
2633, 0, 1370, 1637, 1527, 141, 19.60%, 0, 5, 6, 32.17, 97234, 4235, 0, 0
2638, 0, 1370, 1637, 1527, 141, 19.60%, 0, 5, 6, 33.51, 97409, 4235, 0, 0
2645, 0, 1371, 1638, 1527, 140, 19.60%, 0, 5, 6, 35.02, 97643, 4235, 0, 0
2650, 0, 1371, 1639, 1528, 140, 19.60%, 0, 5, 6, 33.24, 97794, 4235, 0, 0
2655, 0, 1372, 1640, 1528, 139, 19.60%, 0, 5, 6, 30.60, 97934, 4235, 0, 0
2660, 0, 1372, 1644, 1532, 139, 19.60%, 0, 5, 6, 34.06, 98121, 4235, 0, 0
2666, 0, 1372, 1644, 1532, 139, 19.60%, 0, 5, 6, 33.80, 98296, 4235, 0, 0
2671, 0, 1372, 1644, 1532, 139, 19.60%, 0, 5, 6, 34.27, 98471, 4235, 0, 0
2677, 0, 1373, 1646, 1533, 141, 19.60%, 0, 5, 6, 32.71, 98670, 4235, 0, 0
2682, 0, 1373, 1647, 1534, 141, 19.60%, 0, 5, 6, 33.13, 98830, 4235, 0, 0
2687, 0, 1375, 1647, 1533, 140, 19.60%, 0, 5, 6, 35.15, 99069, 4235, 0, 0
2692, 0, 1375, 1647, 1533, 140, 19.60%, 0, 5, 6, 52.25, 99343, 4235, 0, 0
2698, 0, 1378, 1649, 1534, 139, 19.60%, 0, 5, 6, 39.17, 99555, 4235, 0, 0
2703, 0, 1378, 1649, 1534, 139, 19.60%, 0, 5, 6, 34.52, 99719, 4235, 0, 0
2708, 0, 1378, 1649, 1534, 139, 19.60%, 0, 5, 6, 34.01, 99894, 4235, 0, 0
2713, 0, 1378, 1649, 1534, 139, 19.60%, 0, 5, 6, 34.30, 100068, 4235, 0, 0
2718, 0, 1378, 1649, 1534, 139, 19.60%, 0, 5, 6, 34.45, 100243, 4235, 0, 0
2723, 0, 1378, 1649, 1534, 139, 19.60%, 0, 5, 6, 34.47, 100418, 4235, 0, 0
2728, 0, 1378, 1649, 1534, 139, 19.60%, 0, 5, 6, 34.09, 100593, 4235, 0, 0
2733, 0, 1378, 1649, 1534, 139, 19.60%, 0, 5, 6, 33.92, 100768, 4235, 0, 0
2738, 0, 1378, 1649, 1534, 139, 19.60%, 0, 5, 6, 33.86, 100943, 4235, 0, 0
2744, 0, 1378, 1649, 1534, 139, 19.60%, 0, 5, 6, 33.74, 101118, 4235, 0, 0
2749, 0, 1379, 1669, 1553, 138, 19.64%, 0, 5, 6, 37.16, 101317, 4243, 0, 0
2754, 0, 1379, 1680, 1564, 138, 19.65%, 0, 5, 6, 31.50, 101409, 4246, 0, 0
2760, 0, 1379, 1702, 1586, 138, 19.74%, 0, 5, 6, 33.06, 101589, 4265, 0, 0
2766, 0, 1379, 1724, 1608, 138, 19.84%, 0, 5, 6, 33.95, 101768, 4287, 0, 0
2771, 0, 1379, 1746, 1630, 138, 19.87%, 0, 5, 6, 40.37, 101944, 4294, 0, 0
2777, 0, 1379, 1766, 1650, 138, 19.90%, 0, 5, 6, 38.56, 102104, 4300, 0, 0
2782, 0, 1379, 1782, 1666, 138, 19.92%, 0, 5, 6, 36.39, 102243, 4304, 0, 0
2787, 0, 1379, 1793, 1677, 138, 19.92%, 0, 5, 6, 30.77, 102332, 4304, 0, 0
2792, 0, 1379, 1812, 1696, 138, 20.00%, 0, 5, 6, 31.83, 102492, 4322, 0, 0
2798, 0, 1379, 1834, 1718, 138, 20.02%, 0, 5, 6, 35.78, 102682, 4326, 0, 0
2803, 0, 1379, 1847, 1731, 138, 20.03%, 0, 5, 6, 28.37, 102788, 4328, 0, 0
2808, 0, 1379, 1858, 1742, 138, 20.06%, 0, 5, 6, 24.85, 102880, 4334, 0, 0
2813, 0, 1379, 1882, 1766, 138, 20.16%, 0, 5, 6, 34.43, 103084, 4356, 0, 0
2818, 0, 1379, 1899, 1783, 138, 20.32%, 0, 5, 6, 29.58, 103221, 4392, 0, 0
2824, 0, 1379, 1909, 1793, 271, 20.44%, 0, 5, 6, 28.52, 103402, 4416, 0, 0
2829, 0, 1379, 1910, 1794, 271, 20.44%, 0, 5, 6, 26.37, 103520, 4416, 0, 0
2834, 0, 1379, 1910, 1794, 271, 20.44%, 0, 5, 6, 27.46, 103663, 4416, 0, 0
2839, 0, 1379, 1910, 1794, 271, 20.44%, 0, 5, 6, 27.63, 103807, 4416, 0, 0
2845, 0, 1379, 1910, 1794, 271, 20.44%, 0, 5, 6, 27.78, 103951, 4416, 0, 0
2850, 0, 1379, 1910, 1794, 271, 20.44%, 0, 5, 6, 27.75, 104095, 4416, 0, 0
2856, 0, 1385, 1910, 1792, 269, 20.44%, 0, 5, 6, 41.08, 104449, 4416, 0, 0
2861, 0, 1385, 1910, 1792, 269, 20.44%, 0, 5, 6, 31.90, 104601, 4416, 0, 0
2867, 0, 1385, 1910, 1792, 269, 20.44%, 0, 5, 6, 26.49, 104729, 4416, 0, 0
2872, 0, 1385, 1911, 1793, 269, 20.44%, 0, 5, 6, 25.15, 104859, 4416, 0, 0
2877, 0, 1385, 1911, 1793, 269, 20.44%, 0, 5, 6, 26.62, 104997, 4416, 0, 0
2882, 0, 1385, 1911, 1793, 269, 20.44%, 0, 5, 6, 27.20, 105135, 4416, 0, 0
2887, 0, 1385, 1911, 1793, 269, 20.44%, 0, 5, 6, 27.16, 105273, 4416, 0, 0
2892, 0, 1385, 1911, 1793, 269, 20.44%, 0, 5, 6, 24.48, 105393, 4416, 0, 0
2897, 0, 1387, 1915, 1796, 268, 20.44%, 0, 5, 6, 35.80, 105600, 4416, 0, 0
2904, 0, 1392, 1919, 1798, 270, 20.44%, 0, 5, 6, 46.87, 105983, 4416, 0, 0
2911, 0, 1396, 1922, 1799, 268, 20.44%, 0, 5, 6, 55.46, 106397, 4416, 0, 0
2916, 0, 1396, 1922, 1799, 268, 20.44%, 0, 5, 6, 14.74, 106564, 4416, 0, 0
2921, 0, 1396, 1922, 1799, 268, 20.44%, 0, 5, 6, 22.57, 106688, 4416, 0, 0
2926, 0, 1396, 1922, 1799, 268, 20.44%, 0, 5, 6, 25.99, 106822, 4416, 0, 0
2931, 0, 1396, 1922, 1799, 268, 20.44%, 0, 5, 6, 27.06, 106960, 4416, 0, 0
2937, 0, 1397, 1924, 1800, 267, 20.44%, 0, 5, 6, 24.90, 107133, 4416, 0, 0
2942, 0, 1398, 1925, 1800, 266, 20.44%, 0, 5, 6, 39.82, 107392, 4416, 0, 0
2947, 0, 1400, 1925, 1799, 265, 20.44%, 0, 5, 6, 45.88, 107638, 4416, 0, 0
2954, 0, 1403, 1928, 1800, 263, 20.44%, 0, 5, 6, 50.83, 107912, 4416, 0, 0
2960, 0, 1404, 1933, 1804, 262, 20.44%, 0, 5, 6, 44.90, 108174, 4416, 0, 0
2967, 0, 1408, 1935, 1805, 261, 20.44%, 0, 5, 6, 9.35, 108418, 4416, 0, 0
2972, 0, 1408, 1936, 1806, 261, 20.44%, 0, 5, 6, 36.68, 108627, 4416, 0, 0
2977, 0, 1409, 1938, 1807, 260, 20.44%, 0, 5, 6, 41.27, 108836, 4416, 0, 0
2983, 0, 1411, 1940, 1808, 259, 20.44%, 0, 5, 6, 40.34, 109064, 4416, 0, 0
2990, 0, 1413, 1945, 1812, 259, 20.44%, 0, 5, 6, 7.25, 109300, 4416, 0, 0
2995, 0, 1413, 1949, 1816, 259, 20.44%, 0, 5, 6, 48.42, 109484, 4416, 0, 0
3000, 0, 1415, 1949, 1815, 260, 20.44%, 0, 5, 6, 51.90, 109757, 4416, 0, 0
3006, 0, 1416, 1951, 1816, 259, 20.44%, 0, 5, 6, 46.33, 110003, 4416, 0, 0
3011, 0, 1416, 1951, 1816, 259, 20.44%, 0, 5, 6, 38.61, 110182, 4416, 0, 0
3016, 0, 1416, 1951, 1816, 259, 20.44%, 0, 5, 6, 38.36, 110374, 4416, 0, 0
3021, 0, 1417, 1956, 1820, 258, 20.44%, 0, 5, 6, 50.71, 110537, 4416, 0, 0
3026, 0, 1418, 1958, 1821, 259, 20.44%, 0, 5, 6, 44.40, 110732, 4416, 0, 0
3032, 0, 1422, 1959, 1821, 258, 20.44%, 0, 5, 6, 34.17, 110886, 4416, 0, 0
3037, 0, 1423, 1960, 1821, 257, 20.44%, 0, 5, 6, 34.11, 111102, 4416, 0, 0
3042, 0, 1423, 1961, 1822, 257, 20.44%, 0, 5, 6, 26.04, 111203, 4416, 0, 0
3047, 0, 1423, 1961, 1822, 257, 20.44%, 0, 5, 6, 23.35, 111313, 4416, 0, 0
3052, 0, 1423, 1961, 1822, 257, 20.44%, 0, 5, 6, 23.84, 111433, 4416, 0, 0
3058, 0, 1428, 1962, 1820, 254, 20.44%, 0, 5, 6, 74.72, 111682, 4416, 0, 0
3065, 0, 1430, 1965, 1822, 254, 20.44%, 0, 5, 6, 40.44, 111878, 4416, 0, 0
3070, 0, 1433, 1967, 1823, 254, 20.44%, 0, 5, 6, 44.90, 112150, 4416, 0, 0
3075, 0, 1433, 1967, 1823, 254, 20.44%, 0, 5, 6, 33.08, 112308, 4416, 0, 0
3080, 0, 1433, 1968, 1824, 254, 20.44%, 0, 5, 6, 28.04, 112441, 4416, 0, 0
3085, 0, 1433, 1968, 1824, 254, 20.44%, 0, 5, 6, 29.81, 112585, 4416, 0, 0
3090, 0, 1433, 1968, 1824, 254, 20.44%, 0, 5, 6, 29.65, 112735, 4416, 0, 0
3096, 0, 1433, 1968, 1824, 254, 20.44%, 0, 5, 6, 29.59, 112885, 4416, 0, 0
3101, 0, 1434, 1970, 1825, 253, 20.44%, 0, 5, 6, 28.46, 113077, 4416, 0, 0
3106, 0, 1434, 1971, 1826, 253, 20.44%, 0, 5, 6, 45.10, 113335, 4417, 0, 0
3111, 0, 1436, 1973, 1827, 253, 20.44%, 0, 5, 6, 52.76, 113598, 4417, 0, 0
3117, 0, 1437, 1975, 1828, 252, 20.44%, 0, 5, 6, 49.33, 113845, 4417, 0, 0
3124, 0, 1438, 1976, 1828, 251, 20.44%, 0, 5, 6, 48.09, 114149, 4417, 0, 0
3130, 0, 1439, 1979, 1830, 251, 20.44%, 0, 5, 6, 43.83, 114470, 4417, 0, 0
3135, 0, 1440, 1982, 1832, 251, 20.44%, 0, 5, 6, 41.24, 114658, 4417, 0, 0
3140, 0, 1441, 1985, 1834, 250, 20.44%, 0, 5, 6, 7.98, 114832, 4417, 0, 0
3146, 0, 1442, 1987, 1835, 249, 20.44%, 0, 5, 6, 7.82, 115107, 4417, 0, 0
3151, 0, 1444, 1992, 1839, 250, 20.44%, 0, 5, 6, 49.28, 115303, 4417, 0, 0
3156, 0, 1445, 1994, 1840, 251, 20.45%, 0, 5, 6, 45.53, 115563, 4420, 0, 0
3161, 0, 1445, 1994, 1840, 251, 20.45%, 0, 5, 6, 31.99, 115700, 4420, 0, 0
3166, 0, 1445, 1994, 1840, 251, 20.45%, 0, 5, 6, 28.80, 115830, 4420, 0, 0
3171, 0, 1445, 1994, 1840, 251, 20.45%, 0, 5, 6, 29.41, 115981, 4420, 0, 0
3176, 0, 1445, 1994, 1840, 251, 20.45%, 0, 5, 6, 29.37, 116131, 4420, 0, 0
3183, 0, 1446, 1994, 1839, 250, 20.45%, 0, 5, 6, 29.58, 116370, 4420, 0, 0
3188, 0, 1446, 1994, 1839, 250, 20.45%, 0, 5, 6, 27.50, 116518, 4420, 0, 0
3193, 0, 1446, 1994, 1839, 250, 20.45%, 0, 5, 6, 25.25, 116644, 4420, 0, 0
3198, 0, 1446, 1994, 1839, 250, 20.45%, 0, 5, 6, 28.96, 116800, 4420, 0, 0
3203, 0, 1446, 1994, 1839, 250, 20.45%, 0, 5, 6, 29.60, 116953, 4420, 0, 0
3208, 0, 1446, 1994, 1839, 250, 20.45%, 0, 5, 6, 29.53, 117103, 4420, 0, 0
3214, 0, 1447, 1994, 1838, 249, 20.45%, 0, 5, 6, 30.23, 117312, 4420, 0, 0
3215, 0, 1448, 1994, 1838, 249, 20.45%, 0, 5, 6, 30.98, 117363, 4420, 0, 0
3215, 0, 1448, 1994, 1838, 249, 20.45%, 0, 5, 6, 0.00, 117363, 4420, 0, 0
3215, 0, 1448, 1994, 1838, 249, 20.45%, 0, 5, 6, 0.00, 117363, 4420, 0, 0
3215, 0, 1448, 1994, 1838, 249, 20.45%, 0, 5, 6, 0.00, 117363, 4420, 0, 0
3277, 0, 1448, 2137, 1981, 249, 21.09%, 0, 5, 6, 27.74, 119132, 4558, 0, 0
3282, 0, 1448, 2137, 1981, 249, 21.09%, 0, 5, 6, 26.42, 119244, 4558, 0, 0
3283, 0, 1449, 2137, 1981, 249, 21.09%, 0, 5, 6, 36.60, 119313, 4558, 0, 0
3283, 0, 1449, 2137, 1981, 249, 21.09%, 0, 5, 6, 0.00, 119313, 4558, 0, 0
3283, 0, 1449, 2137, 1981, 249, 21.09%, 0, 5, 6, 0.00, 119313, 4558, 0, 0
3283, 0, 1449, 2137, 1981, 249, 21.09%, 0, 5, 6, 0.00, 119313, 4558, 0, 0
3344, 0, 1449, 2160, 2004, 249, 21.13%, 0, 5, 6, 34.61, 121088, 4567, 0, 0
3349, 0, 1449, 2161, 2005, 249, 21.13%, 0, 5, 6, 39.13, 121218, 4567, 0, 0
3354, 0, 1449, 2162, 2006, 249, 21.13%, 0, 5, 6, 34.40, 121381, 4567, 0, 0
3360, 0, 1449, 2162, 2006, 249, 21.13%, 0, 5, 6, 43.00, 121539, 4567, 0, 0
3365, 0, 1449, 2163, 2007, 249, 21.13%, 0, 5, 6, 20.83, 121693, 4567, 0, 0
3370, 0, 1449, 2164, 2008, 249, 21.13%, 0, 5, 6, 24.00, 121826, 4567, 0, 0
3375, 0, 1449, 2164, 2008, 249, 21.13%, 0, 5, 6, 34.21, 122015, 4567, 0, 0
3380, 0, 1449, 2166, 2010, 249, 21.13%, 0, 5, 6, 32.24, 122134, 4567, 0, 0
3385, 0, 1449, 2166, 2010, 249, 21.13%, 0, 5, 6, 33.63, 122315, 4567, 0, 0
3391, 0, 1449, 2168, 2012, 249, 21.13%, 0, 5, 6, 34.95, 122468, 4567, 0, 0
3396, 0, 1449, 2168, 2012, 249, 21.13%, 0, 5, 6, 35.17, 122643, 4567, 0, 0
3401, 0, 1449, 2169, 2013, 249, 21.13%, 0, 5, 6, 40.94, 122856, 4567, 0, 0
3406, 0, 1449, 2170, 2014, 249, 21.13%, 0, 5, 6, 31.89, 123011, 4567, 0, 0
3411, 0, 1449, 2170, 2014, 249, 21.13%, 0, 5, 6, 38.82, 123202, 4567, 0, 0
3416, 0, 1449, 2170, 2014, 249, 21.13%, 0, 5, 6, 40.69, 123398, 4567, 0, 0
3421, 0, 1449, 2170, 2014, 249, 21.13%, 0, 5, 6, 45.00, 123550, 4567, 0, 0
3426, 0, 1449, 2171, 2015, 249, 21.13%, 0, 5, 6, 47.45, 123731, 4567, 0, 0
3431, 0, 1449, 2171, 2015, 249, 21.13%, 0, 5, 6, 35.50, 123889, 4567, 0, 0
3437, 0, 1449, 2172, 2016, 249, 21.13%, 0, 5, 6, 34.04, 124077, 4567, 0, 0
3442, 0, 1449, 2172, 2016, 249, 21.13%, 0, 5, 6, 37.05, 124250, 4567, 0, 0
3447, 0, 1449, 2172, 2016, 249, 21.13%, 0, 5, 6, 32.84, 124415, 4567, 0, 0
3452, 0, 1449, 2172, 2016, 249, 21.13%, 0, 5, 6, 33.90, 124585, 4567, 0, 0
3457, 0, 1449, 2172, 2016, 249, 21.13%, 0, 5, 6, 28.07, 124722, 4567, 0, 0
3463, 0, 1449, 2173, 2017, 249, 21.13%, 0, 5, 6, 30.49, 124859, 4567, 0, 0
3468, 0, 1449, 2173, 2017, 249, 21.13%, 0, 5, 6, 32.03, 125031, 4567, 0, 0
3473, 0, 1449, 2173, 2017, 249, 21.13%, 0, 5, 6, 34.99, 125207, 4567, 0, 0
3478, 0, 1449, 2173, 2017, 249, 21.13%, 0, 5, 6, 90.13, 125373, 4567, 0, 0
3483, 0, 1449, 2173, 2017, 249, 21.13%, 0, 5, 6, 23.03, 125515, 4567, 0, 0
3488, 0, 1449, 2174, 2018, 249, 21.13%, 0, 5, 6, 32.33, 125689, 4567, 0, 0
3493, 0, 1449, 2174, 2018, 249, 21.13%, 0, 5, 6, 33.42, 125904, 4567, 0, 0
3498, 0, 1449, 2174, 2018, 249, 21.13%, 0, 5, 6, 29.45, 126056, 4567, 0, 0
3503, 0, 1449, 2174, 2018, 249, 21.13%, 0, 5, 6, 48.31, 126226, 4567, 0, 0
3508, 0, 1449, 2174, 2018, 249, 21.13%, 0, 5, 6, 41.73, 126419, 4567, 0, 0
3513, 0, 1449, 2174, 2018, 249, 21.13%, 0, 5, 6, 34.35, 126598, 4567, 0, 0
3518, 0, 1449, 2174, 2018, 249, 21.13%, 0, 5, 6, 26.22, 126770, 4567, 0, 0
3524, 0, 1449, 2174, 2018, 249, 21.13%, 0, 5, 6, 28.95, 126905, 4567, 0, 0
3529, 0, 1449, 2175, 2019, 249, 21.13%, 0, 5, 6, 40.74, 127092, 4567, 0, 0
3534, 0, 1449, 2175, 2019, 249, 21.13%, 0, 5, 6, 37.88, 127265, 4567, 0, 0
3539, 0, 1449, 2175, 2019, 249, 21.13%, 0, 5, 6, 45.91, 127459, 4567, 0, 0
3544, 0, 1449, 2175, 2019, 249, 21.13%, 0, 5, 6, 9.49, 127589, 4567, 0, 0
3549, 0, 1449, 2175, 2019, 249, 21.13%, 0, 5, 6, 42.30, 127756, 4567, 0, 0
3554, 0, 1449, 2175, 2019, 249, 21.13%, 0, 5, 6, 38.75, 127946, 4567, 0, 0
3559, 0, 1449, 2175, 2019, 249, 21.13%, 0, 5, 6, 35.02, 128115, 4567, 0, 0
3565, 0, 1449, 2175, 2019, 249, 21.13%, 0, 5, 6, 34.19, 128281, 4567, 0, 0
3570, 0, 1449, 2175, 2019, 249, 21.13%, 0, 5, 6, 31.36, 128431, 4567, 0, 0
3575, 0, 1449, 2175, 2019, 249, 21.13%, 0, 5, 6, 34.91, 128615, 4567, 0, 0
3580, 0, 1449, 2175, 2019, 249, 21.13%, 0, 5, 6, 35.03, 128790, 4567, 0, 0
3585, 0, 1449, 2175, 2019, 249, 21.13%, 0, 5, 6, 5.95, 129000, 4567, 0, 0
3590, 0, 1449, 2175, 2019, 249, 21.13%, 0, 5, 6, 35.20, 129215, 4567, 0, 0
3595, 0, 1449, 2175, 2019, 249, 21.13%, 0, 5, 6, 36.00, 129402, 4567, 0, 0
3600, 0, 1449, 2175, 2019, 249, 21.13%, 0, 5, 6, 34.33, 129564, 4567, 0, 0
3605, 0, 1449, 2175, 2019, 249, 21.13%, 0, 5, 6, 31.46, 129721, 4567, 0, 0
3611, 0, 1449, 2175, 2019, 249, 21.13%, 0, 5, 6, 36.92, 129913, 4567, 0, 0
3616, 0, 1449, 2175, 2019, 249, 21.13%, 0, 5, 6, 45.68, 130059, 4567, 0, 0
3621, 0, 1449, 2175, 2019, 249, 21.13%, 0, 5, 6, 32.69, 130201, 4567, 0, 0
3626, 0, 1449, 2176, 2020, 249, 21.13%, 0, 5, 6, 37.77, 130367, 4567, 0, 0
3631, 0, 1449, 2176, 2020, 249, 21.13%, 0, 5, 6, 51.82, 130542, 4567, 0, 0
3636, 0, 1449, 2176, 2020, 249, 21.13%, 0, 5, 6, 41.25, 130723, 4567, 0, 0
3641, 0, 1449, 2176, 2020, 249, 21.13%, 0, 5, 6, 33.66, 130886, 4567, 0, 0
3646, 0, 1449, 2176, 2020, 249, 21.13%, 0, 5, 6, 32.19, 131045, 4567, 0, 0
3652, 0, 1449, 2176, 2020, 249, 21.13%, 0, 5, 6, 37.59, 131248, 4567, 0, 0
3657, 0, 1449, 2176, 2020, 249, 21.13%, 0, 5, 6, 39.30, 131438, 4567, 0, 0
3662, 0, 1449, 2176, 2020, 249, 21.13%, 0, 5, 6, 30.86, 131581, 4567, 0, 0
3667, 0, 1449, 2176, 2020, 249, 21.13%, 0, 5, 6, 31.69, 131745, 4567, 0, 0
3672, 0, 1449, 2176, 2020, 249, 21.13%, 0, 5, 6, 32.43, 131914, 4567, 0, 0
3677, 0, 1449, 2176, 2020, 249, 21.13%, 0, 5, 6, 36.91, 132088, 4567, 0, 0
3682, 0, 1449, 2176, 2020, 249, 21.13%, 0, 5, 6, 44.88, 132301, 4567, 0, 0
3687, 0, 1449, 2176, 2020, 249, 21.13%, 0, 5, 6, 41.60, 132489, 4567, 0, 0
3692, 0, 1449, 2176, 2020, 249, 21.13%, 0, 5, 6, 31.69, 132638, 4567, 0, 0
3698, 0, 1449, 2176, 2020, 249, 21.13%, 0, 5, 6, 31.10, 132802, 4567, 0, 0
3703, 0, 1449, 2176, 2020, 249, 21.13%, 0, 5, 6, 32.53, 132969, 4567, 0, 0
3708, 0, 1449, 2177, 2021, 249, 21.13%, 0, 5, 6, 33.43, 133133, 4567, 0, 0
3713, 0, 1449, 2177, 2021, 249, 21.13%, 0, 5, 6, 50.37, 133315, 4567, 0, 0
3718, 0, 1449, 2177, 2021, 249, 21.13%, 0, 5, 6, 35.42, 133500, 4567, 0, 0
3723, 0, 1501, 2178, 2021, 30, 21.13%, 0, 5, 6, 34.47, 133678, 4567, 0, 0
3728, 0, 1501, 2178, 2021, 30, 21.13%, 0, 5, 6, 28.37, 133813, 4567, 0, 0
3734, 0, 1501, 2179, 2022, 30, 21.13%, 0, 5, 6, 31.53, 133985, 4567, 0, 0
3739, 0, 1501, 2180, 2023, 30, 21.13%, 0, 5, 6, 32.91, 134155, 4567, 0, 0
3744, 0, 1501, 2181, 2024, 30, 21.13%, 0, 5, 6, 34.91, 134330, 4567, 0, 0
3749, 0, 1501, 2182, 2025, 30, 21.13%, 0, 5, 6, 36.97, 134530, 4567, 0, 0
3755, 0, 1501, 2185, 2028, 30, 21.13%, 0, 5, 6, 42.13, 134747, 4567, 0, 0
3760, 0, 1501, 2185, 2028, 30, 21.13%, 0, 5, 6, 43.21, 134922, 4567, 0, 0
3765, 0, 1501, 2187, 2030, 30, 21.13%, 0, 5, 6, 34.84, 135079, 4567, 0, 0
3770, 0, 1501, 2189, 2032, 30, 21.13%, 0, 5, 6, 40.92, 135297, 4567, 0, 0
3775, 0, 1501, 2190, 2033, 30, 21.13%, 0, 5, 6, 39.35, 135499, 4567, 0, 0
3780, 0, 1501, 2190, 2033, 30, 21.13%, 0, 5, 6, 41.00, 135696, 4567, 0, 0
3785, 0, 1501, 2191, 2034, 30, 21.13%, 0, 5, 6, 36.18, 135873, 4567, 0, 0
3790, 0, 1501, 2191, 2034, 30, 21.13%, 0, 5, 6, 41.80, 136068, 4567, 0, 0
3795, 0, 1501, 2192, 2035, 30, 21.13%, 0, 5, 6, 42.26, 136291, 4567, 0, 0
3800, 0, 1501, 2193, 2036, 30, 21.13%, 0, 5, 6, 41.03, 136466, 4567, 0, 0
3805, 0, 1501, 2194, 2037, 30, 21.13%, 0, 5, 6, 41.44, 136668, 4567, 0, 0
3811, 0, 1501, 2194, 2037, 30, 21.13%, 0, 5, 6, 33.47, 136834, 4567, 0, 0
3816, 0, 1501, 2194, 2037, 30, 21.13%, 0, 5, 6, 32.59, 137023, 4567, 0, 0
3821, 0, 1501, 2195, 2038, 30, 21.13%, 0, 5, 6, 37.59, 137216, 4567, 0, 0
3826, 0, 1501, 2195, 2038, 30, 21.13%, 0, 5, 6, 33.00, 137380, 4567, 0, 0
3831, 0, 1501, 2195, 2038, 30, 21.13%, 0, 5, 6, 11.53, 137537, 4567, 0, 0
3836, 0, 1501, 2196, 2039, 30, 21.13%, 0, 5, 6, 29.46, 137706, 4567, 0, 0
3841, 0, 1501, 2197, 2040, 30, 21.13%, 0, 5, 6, 32.85, 137897, 4567, 0, 0
3846, 0, 1501, 2197, 2040, 30, 21.13%, 0, 5, 6, 34.01, 138079, 4567, 0, 0
3852, 0, 1501, 2198, 2041, 30, 21.13%, 0, 5, 6, 41.11, 138294, 4567, 0, 0
3857, 0, 1501, 2198, 2041, 30, 21.13%, 0, 5, 6, 37.57, 138466, 4567, 0, 0
3862, 0, 1501, 2198, 2041, 30, 21.13%, 0, 5, 6, 42.45, 138691, 4567, 0, 0
3867, 0, 1501, 2198, 2041, 30, 21.13%, 0, 5, 6, 38.41, 138889, 4567, 0, 0
3872, 0, 1501, 2198, 2041, 30, 21.13%, 0, 5, 6, 40.30, 139104, 4567, 0, 0
3877, 0, 1501, 2198, 2041, 30, 21.13%, 0, 5, 6, 67.15, 139270, 4567, 0, 0
3882, 0, 1501, 2199, 2042, 30, 21.13%, 0, 5, 6, 45.62, 139447, 4567, 0, 0
3888, 0, 1501, 2199, 2042, 30, 21.13%, 0, 5, 6, 45.44, 139672, 4567, 0, 0
3893, 0, 1501, 2199, 2042, 30, 21.13%, 0, 5, 6, 39.57, 139857, 4567, 0, 0
3898, 0, 1501, 2199, 2042, 30, 21.13%, 0, 5, 6, 41.51, 140075, 4567, 0, 0
3903, 0, 1501, 2199, 2042, 30, 21.13%, 0, 5, 6, 43.35, 140301, 4567, 0, 0
3908, 0, 1501, 2201, 2044, 30, 21.13%, 0, 5, 6, 36.85, 140486, 4567, 0, 0
3914, 0, 1501, 2202, 2045, 30, 21.13%, 0, 5, 6, 38.72, 140667, 4567, 0, 0
3919, 0, 1501, 2202, 2045, 30, 21.13%, 0, 5, 6, 42.76, 140900, 4567, 0, 0
3924, 0, 1501, 2202, 2045, 30, 21.13%, 0, 5, 6, 42.07, 141114, 4567, 0, 0
3929, 0, 1501, 2202, 2045, 30, 21.13%, 0, 5, 6, 11.58, 141296, 4567, 0, 0
3935, 0, 1501, 2203, 2046, 30, 21.13%, 0, 5, 6, 10.42, 141492, 4567, 0, 0
3940, 0, 1501, 2204, 2047, 30, 21.13%, 0, 5, 6, 30.99, 141674, 4567, 0, 0
3945, 0, 1501, 2205, 2048, 30, 21.13%, 0, 5, 6, 37.30, 141878, 4567, 0, 0
3950, 0, 1501, 2205, 2048, 30, 21.13%, 0, 5, 6, 44.61, 142110, 4567, 0, 0
3955, 0, 1501, 2205, 2048, 30, 21.13%, 0, 5, 6, 34.82, 142275, 4567, 0, 0
3960, 0, 1501, 2205, 2048, 30, 21.13%, 0, 5, 6, 37.91, 142464, 4567, 0, 0
3965, 0, 1501, 2205, 2048, 30, 21.13%, 0, 5, 6, 40.79, 142666, 4567, 0, 0
3970, 0, 1501, 2205, 2048, 30, 21.13%, 0, 5, 6, 40.37, 142873, 4567, 0, 0
3975, 0, 1501, 2206, 2049, 30, 21.13%, 0, 5, 6, 17.16, 143039, 4567, 0, 0
3980, 0, 1501, 2206, 2049, 30, 21.13%, 0, 5, 6, 33.93, 143233, 4567, 0, 0
3986, 0, 1501, 2207, 2050, 30, 21.13%, 0, 5, 6, 38.36, 143402, 4567, 0, 0
3991, 0, 1501, 2207, 2050, 30, 21.13%, 0, 5, 6, 37.99, 143593, 4567, 0, 0
3996, 0, 1501, 2207, 2050, 30, 21.13%, 0, 5, 6, 34.93, 143767, 4567, 0, 0
4001, 0, 1501, 2207, 2050, 30, 21.13%, 0, 5, 6, 35.96, 143938, 4567, 0, 0
4006, 0, 1501, 2207, 2050, 30, 21.13%, 0, 5, 6, 31.25, 144096, 4567, 0, 0
4011, 0, 1501, 2207, 2050, 30, 21.13%, 0, 5, 6, 39.81, 144304, 4567, 0, 0
4016, 0, 1501, 2207, 2050, 30, 21.13%, 0, 5, 6, 34.99, 144474, 4567, 0, 0
4022, 0, 1501, 2208, 2051, 30, 21.13%, 0, 5, 6, 35.38, 144651, 4567, 0, 0
4027, 0, 1501, 2208, 2051, 30, 21.13%, 0, 5, 6, 31.76, 144800, 4567, 0, 0
4032, 0, 1501, 2208, 2051, 30, 21.13%, 0, 5, 6, 40.38, 145026, 4567, 0, 0
4037, 0, 1501, 2209, 2052, 30, 21.13%, 0, 5, 6, 44.88, 145239, 4567, 0, 0
4042, 0, 1501, 2209, 2052, 30, 21.13%, 0, 5, 6, 37.92, 145422, 4567, 0, 0
4047, 0, 1501, 2209, 2052, 30, 21.13%, 0, 5, 6, 36.44, 145603, 4567, 0, 0
4052, 0, 1501, 2210, 2053, 30, 21.13%, 0, 5, 6, 40.57, 145803, 4567, 0, 0
4057, 0, 1501, 2210, 2053, 30, 21.13%, 0, 5, 6, 5.18, 146007, 4567, 0, 0
4062, 0, 1501, 2210, 2053, 30, 21.13%, 0, 5, 6, 32.17, 146168, 4567, 0, 0
4068, 0, 1501, 2210, 2053, 30, 21.13%, 0, 5, 6, 36.33, 146362, 4567, 0, 0
4073, 0, 1501, 2210, 2053, 30, 21.13%, 0, 5, 6, 32.44, 146525, 4567, 0, 0
4078, 0, 1501, 2210, 2053, 30, 21.13%, 0, 5, 6, 34.87, 146698, 4567, 0, 0
4084, 0, 1502, 2211, 2053, 30, 21.13%, 0, 5, 6, 36.28, 146906, 4567, 0, 0
4090, 0, 1502, 2234, 2076, 30, 21.21%, 0, 5, 6, 7.01, 147092, 4583, 0, 0
4095, 0, 1502, 2245, 2087, 30, 21.21%, 0, 5, 6, 8.06, 147182, 4583, 0, 0
4100, 0, 1502, 2258, 2100, 30, 21.21%, 0, 5, 6, 8.00, 147287, 4583, 0, 0
4106, 0, 1502, 2267, 2109, 30, 21.22%, 0, 5, 6, 12.98, 147361, 4586, 0, 0
4112, 0, 1502, 2276, 2118, 30, 21.22%, 0, 5, 6, 15.70, 147441, 4586, 0, 0
4117, 0, 1502, 2285, 2127, 30, 21.22%, 0, 5, 6, 17.26, 147515, 4586, 0, 0
4122, 0, 1502, 2291, 2133, 30, 21.22%, 0, 5, 6, 14.76, 147570, 4586, 0, 0
4127, 0, 1502, 2296, 2138, 30, 21.22%, 0, 5, 6, 12.94, 147611, 4586, 0, 0
4132, 0, 1575, 2300, 2142, 93, 21.22%, 0, 5, 6, 13.91, 147724, 4586, 0, 0
4137, 0, 1575, 2302, 2144, 93, 21.22%, 0, 5, 6, 31.41, 147912, 4586, 0, 0
4142, 0, 1575, 2303, 2145, 93, 21.22%, 0, 5, 6, 38.64, 148106, 4586, 0, 0
4147, 0, 1575, 2305, 2147, 93, 21.22%, 0, 5, 6, 49.36, 148349, 4586, 0, 0
4152, 0, 1575, 2306, 2148, 93, 21.22%, 0, 5, 6, 75.76, 148542, 4586, 0, 0
4158, 0, 1575, 2306, 2148, 93, 21.22%, 0, 5, 6, 59.77, 148812, 4586, 0, 0
4163, 0, 1575, 2307, 2149, 93, 21.22%, 0, 5, 6, 44.56, 149029, 4586, 0, 0
4168, 0, 1575, 2311, 2153, 93, 21.22%, 0, 5, 6, 43.34, 149236, 4586, 0, 0
4173, 0, 1575, 2313, 2155, 93, 21.23%, 0, 5, 6, 49.48, 149511, 4587, 0, 0
4178, 0, 1575, 2313, 2155, 93, 21.23%, 0, 5, 6, 48.58, 149738, 4587, 0, 0
4183, 0, 1575, 2314, 2156, 93, 21.23%, 0, 5, 6, 54.44, 150027, 4587, 0, 0
4188, 0, 1575, 2314, 2156, 93, 21.23%, 0, 5, 6, 86.35, 150285, 4587, 0, 0
4194, 0, 1575, 2315, 2157, 93, 21.23%, 0, 5, 6, 59.23, 150533, 4588, 0, 0
4199, 0, 1575, 2315, 2157, 93, 21.23%, 0, 5, 6, 45.23, 150750, 4588, 0, 0
4204, 0, 1575, 2316, 2158, 93, 21.23%, 0, 5, 6, 51.49, 151041, 4588, 0, 0
4209, 0, 1575, 2317, 2159, 93, 21.23%, 0, 5, 6, 43.56, 151209, 4588, 0, 0
4214, 0, 1575, 2317, 2159, 93, 21.23%, 0, 5, 6, 63.43, 151456, 4588, 0, 0
4219, 0, 1575, 2317, 2159, 93, 21.23%, 0, 5, 6, 82.06, 151689, 4588, 0, 0
4225, 0, 1575, 2318, 2160, 93, 21.23%, 0, 5, 6, 58.09, 151972, 4588, 0, 0
4230, 0, 1575, 2318, 2160, 93, 21.23%, 0, 5, 6, 72.97, 152236, 4588, 0, 0
4235, 0, 1575, 2318, 2160, 93, 21.23%, 0, 5, 6, 13.89, 152466, 4588, 0, 0
4240, 0, 1575, 2318, 2160, 93, 21.23%, 0, 5, 6, 6.01, 152685, 4588, 0, 0
4245, 0, 1575, 2319, 2161, 93, 21.23%, 0, 5, 6, 46.59, 152895, 4588, 0, 0
4250, 0, 1575, 2319, 2161, 93, 21.23%, 0, 5, 6, 41.39, 153090, 4588, 0, 0
4255, 0, 1575, 2321, 2163, 93, 21.23%, 0, 5, 6, 59.40, 153389, 4588, 0, 0
4260, 0, 1575, 2321, 2163, 93, 21.23%, 0, 5, 6, 44.67, 153636, 4588, 0, 0
4266, 0, 1575, 2322, 2164, 93, 21.26%, 0, 5, 6, 45.06, 153855, 4595, 0, 0
4271, 0, 1575, 2324, 2166, 93, 21.26%, 0, 5, 6, 52.75, 154128, 4595, 0, 0
4276, 0, 1575, 2325, 2167, 93, 21.26%, 0, 5, 6, 50.12, 154387, 4595, 0, 0
4281, 0, 1575, 2326, 2168, 93, 21.26%, 0, 5, 6, 49.04, 154637, 4595, 0, 0
4287, 0, 1575, 2327, 2169, 93, 21.26%, 0, 5, 6, 53.55, 154890, 4595, 0, 0
4292, 0, 1575, 2327, 2169, 93, 21.26%, 0, 5, 6, 50.39, 155146, 4595, 0, 0
4297, 0, 1575, 2327, 2169, 93, 21.26%, 0, 5, 6, 9.06, 155385, 4595, 0, 0
4302, 0, 1575, 2327, 2169, 93, 21.26%, 0, 5, 6, 63.20, 155639, 4595, 0, 0
4307, 0, 1575, 2328, 2170, 93, 21.26%, 0, 5, 6, 11.24, 155843, 4595, 0, 0
4312, 0, 1575, 2328, 2170, 93, 21.26%, 0, 5, 6, 58.78, 156087, 4595, 0, 0
4318, 0, 1575, 2328, 2170, 93, 21.26%, 0, 5, 6, 62.45, 156310, 4595, 0, 0
4323, 0, 1575, 2328, 2170, 93, 21.26%, 0, 5, 6, 54.75, 156560, 4595, 0, 0
4328, 0, 1575, 2328, 2170, 93, 21.26%, 0, 5, 6, 45.21, 156768, 4595, 0, 0
4333, 0, 1575, 2329, 2171, 93, 21.26%, 0, 5, 6, 51.79, 157004, 4595, 0, 0
4338, 0, 1575, 2329, 2171, 93, 21.26%, 0, 5, 6, 50.61, 157243, 4595, 0, 0
4344, 0, 1575, 2329, 2171, 93, 21.26%, 0, 5, 6, 8.65, 157483, 4595, 0, 0
4349, 0, 1575, 2329, 2171, 93, 21.26%, 0, 5, 6, 54.25, 157685, 4595, 0, 0
4354, 0, 1575, 2330, 2172, 93, 21.26%, 0, 5, 6, 49.85, 157916, 4595, 0, 0
4359, 0, 1575, 2330, 2172, 93, 21.26%, 0, 5, 6, 43.73, 158137, 4595, 0, 0
4364, 0, 1575, 2331, 2173, 93, 21.26%, 0, 5, 6, 48.90, 158377, 4595, 0, 0
4369, 0, 1575, 2333, 2175, 93, 21.26%, 0, 5, 6, 54.98, 158651, 4595, 0, 0
4374, 0, 1575, 2333, 2175, 93, 21.26%, 0, 5, 6, 48.89, 158893, 4595, 0, 0
4379, 0, 1575, 2333, 2175, 93, 21.26%, 0, 5, 6, 43.36, 159107, 4595, 0, 0
4384, 0, 1575, 2333, 2175, 93, 21.26%, 0, 5, 6, 49.60, 159351, 4595, 0, 0
4389, 0, 1575, 2333, 2175, 93, 21.26%, 0, 5, 6, 78.02, 159605, 4595, 0, 0
4394, 0, 1575, 2334, 2176, 93, 21.27%, 0, 5, 6, 87.26, 159871, 4597, 0, 0
4400, 0, 1575, 2335, 2177, 93, 21.27%, 0, 5, 6, 13.70, 160119, 4597, 0, 0
4405, 0, 1575, 2335, 2177, 93, 21.27%, 0, 5, 6, 70.94, 160412, 4597, 0, 0
4410, 0, 1575, 2335, 2177, 93, 21.27%, 0, 5, 6, 87.42, 160668, 4597, 0, 0
4415, 0, 1591, 2335, 2176, 117, 21.27%, 0, 5, 6, 66.02, 160923, 4597, 0, 0
4420, 0, 1591, 2335, 2176, 117, 21.27%, 0, 5, 6, 16.32, 161021, 4597, 0, 0
4425, 0, 1591, 2336, 2177, 117, 21.27%, 0, 5, 6, 17.37, 161110, 4597, 0, 0
4430, 0, 1591, 2337, 2178, 117, 21.27%, 0, 5, 6, 15.95, 161182, 4597, 0, 0
4436, 0, 1591, 2337, 2178, 117, 21.27%, 0, 5, 6, 17.57, 161276, 4597, 0, 0
4441, 0, 1591, 2337, 2178, 117, 21.27%, 0, 5, 6, 17.55, 161364, 4597, 0, 0
4446, 0, 1591, 2337, 2178, 117, 21.27%, 0, 5, 6, 17.54, 161452, 4597, 0, 0
4451, 0, 1591, 2337, 2178, 117, 21.27%, 0, 5, 6, 17.52, 161540, 4597, 0, 0
4456, 0, 1591, 2337, 2178, 117, 21.27%, 0, 5, 6, 17.55, 161628, 4597, 0, 0
4461, 0, 1591, 2337, 2178, 117, 21.27%, 0, 5, 6, 17.79, 161720, 4597, 0, 0
4466, 0, 1591, 2337, 2178, 117, 21.27%, 0, 5, 6, 17.78, 161812, 4597, 0, 0
4471, 0, 1591, 2337, 2178, 117, 21.27%, 0, 5, 6, 17.73, 161904, 4597, 0, 0
4476, 0, 1591, 2337, 2178, 117, 21.27%, 0, 5, 6, 31.65, 162060, 4597, 0, 0
4481, 0, 1620, 2338, 2178, 119, 21.27%, 0, 5, 6, 28.83, 162217, 4597, 0, 0
4486, 0, 1620, 2339, 2179, 119, 21.27%, 0, 5, 6, 23.26, 162310, 4597, 0, 0
4492, 0, 1620, 2339, 2179, 119, 21.27%, 0, 5, 6, 21.03, 162413, 4597, 0, 0
4497, 0, 1620, 2339, 2179, 119, 21.27%, 0, 5, 6, 20.51, 162518, 4597, 0, 0
4502, 0, 1620, 2339, 2179, 119, 21.27%, 0, 5, 6, 27.19, 162648, 4597, 0, 0
4507, 0, 1783, 2339, 2178, 120, 21.27%, 0, 5, 6, 30.18, 162898, 4597, 0, 0
4512, 0, 1783, 2339, 2178, 120, 21.27%, 0, 5, 6, 25.19, 163014, 4597, 0, 0
4517, 0, 1783, 2339, 2178, 120, 21.27%, 0, 5, 6, 24.25, 163122, 4597, 0, 0
4522, 0, 1783, 2339, 2178, 120, 21.27%, 0, 5, 6, 26.35, 163260, 4597, 0, 0
4527, 0, 1783, 2339, 2178, 120, 21.27%, 0, 5, 6, 26.84, 163398, 4597, 0, 0
4532, 0, 1783, 2339, 2178, 120, 21.27%, 0, 5, 6, 26.93, 163536, 4597, 0, 0
4537, 0, 1783, 2339, 2178, 120, 21.27%, 0, 5, 6, 27.22, 163673, 4597, 0, 0
4542, 0, 1783, 2340, 2179, 120, 21.27%, 0, 5, 6, 27.93, 163811, 4597, 0, 0
4547, 0, 2092, 2341, 2179, 121, 21.27%, 0, 5, 6, 30.03, 163969, 4597, 0, 0
4553, 0, 2092, 2341, 2179, 121, 21.27%, 0, 5, 6, 26.47, 164096, 4597, 0, 0
4558, 0, 2092, 2341, 2179, 121, 21.27%, 0, 5, 6, 25.82, 164219, 4597, 0, 0
4563, 0, 2092, 2343, 2181, 121, 21.27%, 0, 5, 6, 26.49, 164353, 4597, 0, 0
4568, 0, 2092, 2344, 2182, 121, 21.27%, 0, 5, 6, 52.57, 164629, 4597, 0, 0
4573, 0, 2092, 2344, 2182, 121, 21.27%, 0, 5, 6, 64.32, 164976, 4597, 0, 0
4578, 0, 2092, 2345, 2183, 121, 21.27%, 0, 5, 6, 56.38, 165234, 4597, 0, 0
4583, 0, 2092, 2345, 2183, 121, 21.27%, 0, 5, 6, 43.77, 165474, 4597, 0, 0
4588, 0, 2092, 2345, 2183, 121, 21.27%, 0, 5, 6, 62.07, 165818, 4597, 0, 0
4594, 0, 2137, 2346, 2183, 122, 21.27%, 0, 5, 6, 13.58, 166057, 4597, 0, 0
4599, 0, 2137, 2346, 2183, 122, 21.27%, 0, 5, 6, 5.97, 166238, 4597, 0, 0
4604, 0, 2137, 2348, 2185, 122, 21.27%, 0, 5, 6, 63.66, 166473, 4597, 0, 0
4609, 0, 2137, 2348, 2185, 122, 21.27%, 0, 5, 6, 11.90, 166763, 4597, 0, 0
4614, 0, 2137, 2348, 2185, 122, 21.27%, 0, 5, 6, 69.37, 167062, 4597, 0, 0
4620, 0, 2137, 2348, 2185, 122, 21.27%, 0, 5, 6, 55.49, 167319, 4597, 0, 0
4625, 0, 2137, 2349, 2186, 122, 21.27%, 0, 5, 6, 32.17, 167563, 4597, 0, 0
4630, 0, 2137, 2350, 2187, 122, 21.27%, 0, 5, 6, 47.53, 167835, 4597, 0, 0
4635, 0, 2137, 2350, 2187, 122, 21.27%, 0, 5, 6, 64.79, 168174, 4597, 0, 0
4640, 0, 2137, 2350, 2187, 122, 21.27%, 0, 5, 6, 60.24, 168451, 4597, 0, 0
4645, 0, 2137, 2350, 2187, 122, 21.27%, 0, 5, 6, 57.77, 168743, 4597, 0, 0
4650, 0, 2137, 2350, 2187, 122, 21.27%, 0, 5, 6, 63.43, 169057, 4597, 0, 0
4656, 0, 2137, 2350, 2187, 122, 21.27%, 0, 5, 6, 51.89, 169336, 4597, 0, 0
4661, 0, 2137, 2351, 2188, 122, 21.27%, 0, 5, 6, 74.71, 169608, 4597, 0, 0
4666, 0, 2137, 2351, 2188, 122, 21.27%, 0, 5, 6, 88.13, 169851, 4597, 0, 0
4671, 0, 2137, 2351, 2188, 122, 21.27%, 0, 5, 6, 70.31, 170179, 4597, 0, 0
4676, 0, 2137, 2351, 2188, 122, 21.27%, 0, 5, 6, 63.77, 170476, 4597, 0, 0
4681, 0, 2137, 2351, 2188, 122, 21.27%, 0, 5, 6, 66.85, 170819, 4597, 0, 0
4686, 0, 2137, 2351, 2188, 122, 21.27%, 0, 5, 6, 62.19, 171118, 4597, 0, 0
4691, 0, 2137, 2351, 2188, 122, 21.27%, 0, 5, 6, 75.77, 171376, 4597, 0, 0
4697, 0, 2137, 2352, 2189, 122, 21.27%, 0, 5, 6, 63.36, 171606, 4597, 0, 0
4702, 0, 2137, 2352, 2189, 122, 21.27%, 0, 5, 6, 10.79, 171905, 4597, 0, 0
4707, 0, 2137, 2352, 2189, 122, 21.27%, 0, 5, 6, 71.94, 172195, 4597, 0, 0
4712, 0, 2137, 2352, 2189, 122, 21.27%, 0, 5, 6, 79.80, 172494, 4597, 0, 0
4718, 0, 2137, 2353, 2190, 122, 21.27%, 0, 5, 6, 54.55, 172744, 4597, 0, 0
4723, 0, 2137, 2353, 2190, 122, 21.27%, 0, 5, 6, 51.15, 172989, 4597, 0, 0
4728, 0, 2137, 2353, 2190, 122, 21.27%, 0, 5, 6, 58.56, 173294, 4597, 0, 0
4733, 0, 2137, 2353, 2190, 122, 21.27%, 0, 5, 6, 59.11, 173581, 4597, 0, 0
4738, 0, 2137, 2353, 2190, 122, 21.27%, 0, 5, 6, 77.98, 173909, 4597, 0, 0
4743, 0, 2137, 2353, 2190, 122, 21.27%, 0, 5, 6, 66.02, 174235, 4597, 0, 0
4749, 0, 2137, 2353, 2190, 122, 21.27%, 0, 5, 6, 61.22, 174529, 4597, 0, 0
4754, 0, 2137, 2353, 2190, 122, 21.27%, 0, 5, 6, 58.87, 174810, 4597, 0, 0
4759, 0, 2137, 2353, 2190, 122, 21.27%, 0, 5, 6, 57.43, 175100, 4597, 0, 0
4764, 0, 2137, 2353, 2190, 122, 21.27%, 0, 5, 6, 66.61, 175428, 4597, 0, 0
4769, 0, 2137, 2353, 2190, 122, 21.27%, 0, 5, 6, 60.14, 175744, 4597, 0, 0
4774, 0, 2137, 2353, 2190, 122, 21.27%, 0, 5, 6, 66.24, 176031, 4597, 0, 0
4779, 0, 2137, 2353, 2190, 122, 21.27%, 0, 5, 6, 72.72, 176314, 4597, 0, 0
4784, 0, 2137, 2353, 2190, 122, 21.27%, 0, 5, 6, 62.84, 176600, 4597, 0, 0
4789, 0, 2137, 2353, 2190, 122, 21.27%, 0, 5, 6, 87.33, 176849, 4597, 0, 0
4794, 0, 2137, 2353, 2190, 122, 21.27%, 0, 5, 6, 82.68, 177132, 4597, 0, 0
4800, 0, 2137, 2353, 2190, 122, 21.27%, 0, 5, 6, 75.98, 177495, 4597, 0, 0
4805, 0, 2137, 2353, 2190, 122, 21.27%, 0, 5, 6, 32.01, 177802, 4597, 0, 0
4810, 0, 2137, 2353, 2190, 122, 21.27%, 0, 5, 6, 62.44, 178157, 4597, 0, 0
4815, 0, 2137, 2353, 2190, 122, 21.27%, 0, 5, 6, 62.80, 178476, 4597, 0, 0
4820, 0, 2137, 2353, 2190, 122, 21.27%, 0, 5, 6, 60.31, 178784, 4597, 0, 0
4825, 0, 2137, 2353, 2190, 122, 21.27%, 0, 5, 6, 56.22, 179074, 4597, 0, 0
4830, 0, 2138, 2355, 2191, 124, 21.47%, 0, 5, 6, 45.16, 179300, 4639, 0, 0
4836, 0, 2138, 2355, 2191, 124, 21.47%, 0, 5, 6, 30.80, 179426, 4639, 0, 0
4841, 0, 2138, 2355, 2191, 124, 21.47%, 0, 5, 6, 25.18, 179539, 4639, 0, 0
4846, 0, 2138, 2355, 2191, 124, 21.47%, 0, 5, 6, 27.83, 179684, 4639, 0, 0
4851, 0, 2138, 2355, 2191, 124, 21.47%, 0, 5, 6, 28.35, 179828, 4639, 0, 0
4856, 0, 2138, 2355, 2191, 124, 21.47%, 0, 5, 6, 27.40, 179968, 4639, 0, 0
4861, 0, 2138, 2355, 2191, 124, 21.47%, 0, 5, 6, 23.74, 180083, 4639, 0, 0
4866, 0, 2138, 2356, 2192, 124, 21.47%, 0, 5, 6, 30.22, 180246, 4639, 0, 0
4871, 0, 2138, 2356, 2192, 124, 21.47%, 0, 5, 6, 29.21, 180403, 4639, 0, 0
4877, 0, 2138, 2358, 2194, 124, 21.47%, 0, 5, 6, 28.95, 180554, 4639, 0, 0
4882, 0, 2138, 2359, 2195, 124, 21.47%, 0, 5, 6, 30.54, 180710, 4639, 0, 0
4887, 0, 2138, 2359, 2195, 124, 21.47%, 0, 5, 6, 44.95, 180883, 4639, 0, 0
4892, 0, 2138, 2360, 2196, 124, 21.47%, 0, 5, 6, 5.99, 181041, 4639, 0, 0
4897, 0, 2138, 2360, 2196, 124, 21.47%, 0, 5, 6, 35.56, 181195, 4639, 0, 0
4902, 0, 2138, 2361, 2197, 124, 21.47%, 0, 5, 6, 36.45, 181390, 4639, 0, 0
4907, 0, 2138, 2362, 2198, 124, 21.47%, 0, 5, 6, 7.90, 181524, 4639, 0, 0
4912, 0, 2138, 2362, 2198, 124, 21.47%, 0, 5, 6, 18.37, 181731, 4639, 0, 0
4918, 0, 2138, 2363, 2199, 124, 21.47%, 0, 5, 6, 28.21, 181893, 4640, 0, 0
4923, 0, 2138, 2363, 2199, 124, 21.47%, 0, 5, 6, 41.34, 182114, 4640, 0, 0
4928, 0, 2138, 2363, 2199, 124, 21.47%, 0, 5, 6, 35.57, 182285, 4640, 0, 0
4933, 0, 2138, 2363, 2199, 124, 21.47%, 0, 5, 6, 30.24, 182428, 4640, 0, 0
4938, 0, 2138, 2363, 2199, 124, 21.47%, 0, 5, 6, 40.35, 182642, 4640, 0, 0
4943, 0, 2138, 2363, 2199, 124, 21.47%, 0, 5, 6, 34.18, 182808, 4640, 0, 0
4948, 0, 2138, 2364, 2200, 124, 21.47%, 0, 5, 6, 34.63, 182958, 4640, 0, 0
4953, 0, 2138, 2364, 2200, 124, 21.47%, 0, 5, 6, 34.16, 183138, 4640, 0, 0
4958, 0, 2138, 2364, 2200, 124, 21.47%, 0, 5, 6, 31.64, 183282, 4640, 0, 0
4963, 0, 2138, 2364, 2200, 124, 21.47%, 0, 5, 6, 32.28, 183450, 4640, 0, 0
4969, 0, 2138, 2364, 2200, 124, 21.47%, 0, 5, 6, 42.22, 183651, 4640, 0, 0
4974, 0, 2138, 2364, 2200, 124, 21.47%, 0, 5, 6, 31.30, 183786, 4640, 0, 0
4979, 0, 2138, 2365, 2201, 124, 21.47%, 0, 5, 6, 33.14, 183963, 4640, 0, 0
4984, 0, 2138, 2365, 2201, 124, 21.47%, 0, 5, 6, 40.95, 184141, 4640, 0, 0
4989, 0, 2138, 2365, 2201, 124, 21.47%, 0, 5, 6, 35.65, 184309, 4640, 0, 0
4994, 0, 2138, 2365, 2201, 124, 21.47%, 0, 5, 6, 36.33, 184488, 4640, 0, 0
4999, 0, 2138, 2365, 2201, 124, 21.47%, 0, 5, 6, 34.65, 184659, 4640, 0, 0
5004, 0, 2138, 2365, 2201, 124, 21.47%, 0, 5, 6, 14.84, 184786, 4640, 0, 0
5010, 0, 2138, 2365, 2201, 124, 21.47%, 0, 5, 6, 29.99, 184961, 4640, 0, 0
5015, 0, 2138, 2365, 2201, 124, 21.47%, 0, 5, 6, 36.30, 185144, 4640, 0, 0
5020, 0, 2138, 2365, 2201, 124, 21.47%, 0, 5, 6, 31.83, 185276, 4640, 0, 0
5025, 0, 2138, 2365, 2201, 124, 21.47%, 0, 5, 6, 32.16, 185449, 4640, 0, 0
5030, 0, 2138, 2366, 2202, 124, 21.47%, 0, 5, 6, 31.06, 185588, 4640, 0, 0
5035, 0, 2138, 2366, 2202, 124, 21.47%, 0, 5, 6, 40.36, 185806, 4640, 0, 0
5040, 0, 2138, 2366, 2202, 124, 21.47%, 0, 5, 6, 37.76, 185976, 4640, 0, 0
5045, 0, 2138, 2367, 2203, 124, 21.47%, 0, 5, 6, 38.44, 186155, 4640, 0, 0
5051, 0, 2138, 2367, 2203, 124, 21.47%, 0, 5, 6, 29.34, 186290, 4640, 0, 0
5056, 0, 2138, 2367, 2203, 124, 21.47%, 0, 5, 6, 37.68, 186498, 4640, 0, 0
5061, 0, 2138, 2367, 2203, 124, 21.47%, 0, 5, 6, 40.79, 186692, 4640, 0, 0
5066, 0, 2138, 2367, 2203, 124, 21.47%, 0, 5, 6, 39.26, 186884, 4640, 0, 0
5071, 0, 2138, 2368, 2204, 124, 21.47%, 0, 5, 6, 30.66, 187029, 4640, 0, 0
5076, 0, 2138, 2368, 2204, 124, 21.47%, 0, 5, 6, 32.50, 187180, 4640, 0, 0
5081, 0, 2138, 2368, 2204, 124, 21.47%, 0, 5, 6, 42.10, 187395, 4640, 0, 0
5086, 0, 2138, 2368, 2204, 124, 21.47%, 0, 5, 6, 39.98, 187580, 4640, 0, 0
5092, 0, 2138, 2368, 2204, 124, 21.47%, 0, 5, 6, 31.29, 187735, 4640, 0, 0
5097, 0, 2138, 2369, 2205, 124, 21.47%, 0, 5, 6, 32.19, 187910, 4640, 0, 0
5102, 0, 2138, 2369, 2205, 124, 21.47%, 0, 5, 6, 13.80, 188078, 4640, 0, 0
5107, 0, 2138, 2369, 2205, 124, 21.47%, 0, 5, 6, 30.44, 188264, 4640, 0, 0
5112, 0, 2138, 2369, 2205, 124, 21.47%, 0, 5, 6, 33.94, 188444, 4640, 0, 0
5117, 0, 2138, 2369, 2205, 124, 21.47%, 0, 5, 6, 37.70, 188627, 4640, 0, 0
5122, 0, 2138, 2369, 2205, 124, 21.47%, 0, 6, 6, 5.42, 188795, 4640, 0, 0
5127, 0, 2138, 2369, 2205, 124, 21.47%, 0, 6, 6, 5.99, 188973, 4640, 0, 0
5133, 0, 2138, 2369, 2205, 124, 21.47%, 0, 6, 6, 25.24, 189143, 4640, 0, 0
5136, 0, 2139, 2369, 2205, 124, 21.47%, 0, 6, 6, 32.42, 189266, 4640, 0, 0
5136, 0, 2139, 2369, 2205, 124, 21.47%, 0, 6, 6, 0.00, 189266, 4640, 0, 0
5136, 0, 2139, 2369, 2205, 124, 21.47%, 0, 6, 6, 0.00, 189266, 4640, 0, 0
5136, 0, 2139, 2369, 2205, 124, 21.47%, 0, 6, 6, 0.00, 189266, 4640, 0, 0
