# relative_time, cycles_done, cur_item, corpus_count, pending_total, pending_favs, map_size, saved_crashes, saved_hangs, max_depth, execs_per_sec, total_execs, edges_found, total_crashes, servers_count
102, 0, 0, 169, 168, 22, 30.60%, 0, 0, 1, 15.47, 1567, 867, 0, 0
107, 0, 1, 171, 169, 56, 30.67%, 0, 0, 2, 23.73, 1712, 869, 0, 0
112, 0, 1, 172, 170, 56, 30.67%, 0, 0, 2, 24.54, 1841, 869, 0, 0
117, 0, 1, 174, 172, 56, 30.67%, 0, 0, 2, 23.39, 1944, 869, 0, 0
123, 0, 1, 175, 173, 56, 30.67%, 0, 0, 2, 22.49, 2063, 869, 0, 0
128, 0, 1, 178, 176, 56, 30.67%, 0, 0, 2, 22.41, 2160, 869, 0, 0
133, 0, 1, 181, 179, 56, 30.67%, 0, 0, 2, 22.96, 2273, 869, 0, 0
138, 0, 1, 183, 181, 56, 30.67%, 0, 0, 2, 22.42, 2341, 869, 0, 0
143, 0, 1, 186, 184, 56, 30.67%, 0, 0, 2, 22.81, 2458, 869, 0, 0
148, 0, 1, 188, 186, 56, 30.67%, 0, 0, 2, 22.81, 2569, 869, 0, 0
156, 0, 1, 192, 190, 56, 30.67%, 0, 0, 2, 22.94, 2700, 869, 0, 0
161, 0, 1, 193, 191, 56, 30.67%, 0, 0, 2, 25.04, 2833, 869, 0, 0
169, 0, 1, 195, 193, 56, 30.67%, 0, 0, 2, 3.55, 2904, 869, 0, 0
174, 0, 1, 197, 195, 56, 30.67%, 0, 0, 2, 23.81, 3019, 869, 0, 0
179, 0, 1, 198, 196, 56, 30.71%, 0, 0, 2, 25.38, 3149, 870, 0, 0
185, 0, 1, 201, 199, 56, 30.71%, 0, 0, 2, 25.60, 3277, 870, 0, 0
190, 0, 1, 204, 202, 56, 30.74%, 0, 0, 2, 23.93, 3397, 871, 0, 0
195, 0, 1, 206, 204, 56, 30.74%, 0, 0, 2, 25.00, 3522, 871, 0, 0
201, 0, 1, 210, 208, 56, 30.78%, 0, 0, 2, 24.02, 3651, 872, 0, 0
206, 0, 1, 214, 212, 56, 30.89%, 0, 0, 2, 24.34, 3780, 875, 0, 0
211, 0, 1, 215, 213, 56, 30.89%, 0, 0, 2, 23.24, 3900, 875, 0, 0
217, 0, 1, 217, 215, 56, 30.89%, 0, 0, 2, 23.85, 4001, 875, 0, 0
223, 0, 1, 219, 217, 56, 30.92%, 0, 0, 2, 24.03, 4137, 876, 0, 0
228, 0, 1, 220, 218, 56, 30.92%, 0, 0, 2, 24.86, 4269, 876, 0, 0
233, 0, 1, 221, 219, 56, 30.92%, 0, 0, 2, 24.97, 4395, 876, 0, 0
239, 0, 1, 223, 221, 56, 30.92%, 0, 0, 2, 23.97, 4507, 876, 0, 0
244, 0, 1, 224, 222, 56, 30.92%, 0, 0, 2, 23.92, 4627, 876, 0, 0
249, 0, 1, 225, 223, 56, 30.92%, 0, 0, 2, 24.27, 4750, 876, 0, 0
254, 0, 1, 228, 226, 56, 30.96%, 0, 0, 2, 24.63, 4868, 877, 0, 0
259, 0, 1, 229, 227, 56, 30.96%, 0, 0, 2, 23.52, 4988, 877, 0, 0
264, 0, 1, 232, 230, 56, 30.96%, 0, 0, 2, 23.73, 5096, 877, 0, 0
269, 0, 1, 233, 231, 56, 30.96%, 0, 0, 2, 24.34, 5218, 877, 0, 0
274, 0, 1, 234, 232, 56, 30.96%, 0, 0, 2, 23.52, 5281, 877, 0, 0
279, 0, 1, 235, 233, 56, 30.96%, 0, 0, 2, 24.08, 5395, 877, 0, 0
284, 0, 1, 235, 233, 56, 30.96%, 0, 0, 2, 25.51, 5525, 877, 0, 0
290, 0, 1, 237, 235, 56, 30.96%, 0, 0, 2, 23.10, 5639, 877, 0, 0
295, 0, 1, 238, 236, 56, 30.96%, 0, 0, 2, 23.51, 5747, 877, 0, 0
300, 0, 1, 238, 236, 56, 30.96%, 0, 0, 2, 23.94, 5870, 877, 0, 0
305, 0, 1, 240, 238, 56, 30.96%, 0, 0, 2, 24.74, 5996, 877, 0, 0
313, 0, 1, 241, 239, 56, 30.96%, 0, 0, 2, 4.31, 6130, 877, 0, 0
318, 0, 1, 241, 239, 56, 30.96%, 0, 0, 2, 26.39, 6262, 877, 0, 0
323, 0, 1, 241, 239, 56, 30.96%, 0, 0, 2, 24.20, 6381, 877, 0, 0
328, 0, 1, 241, 239, 56, 30.96%, 0, 0, 2, 24.45, 6502, 877, 0, 0
334, 0, 1, 241, 239, 56, 30.96%, 0, 0, 2, 24.46, 6630, 877, 0, 0
339, 0, 1, 241, 239, 56, 30.96%, 0, 0, 2, 25.16, 6756, 877, 0, 0
344, 0, 1, 242, 240, 56, 30.96%, 0, 0, 2, 24.61, 6874, 877, 0, 0
349, 0, 1, 243, 241, 56, 30.99%, 0, 0, 2, 24.49, 7000, 878, 0, 0
354, 0, 1, 243, 241, 56, 30.99%, 0, 0, 2, 25.09, 7127, 878, 0, 0
359, 0, 1, 243, 241, 56, 30.99%, 0, 0, 2, 23.65, 7248, 878, 0, 0
364, 0, 1, 244, 242, 56, 30.99%, 0, 0, 2, 23.48, 7350, 878, 0, 0
369, 0, 1, 245, 243, 56, 31.17%, 0, 0, 2, 24.61, 7475, 883, 0, 0
374, 0, 1, 245, 243, 56, 31.17%, 0, 0, 2, 23.79, 7592, 883, 0, 0
380, 0, 1, 246, 244, 56, 31.17%, 0, 0, 2, 25.13, 7722, 883, 0, 0
385, 0, 2, 248, 245, 63, 31.17%, 0, 0, 2, 29.33, 7872, 883, 0, 0
390, 0, 225, 251, 246, 61, 31.17%, 0, 0, 2, 31.93, 8020, 883, 0, 0
395, 0, 99, 251, 245, 60, 31.17%, 0, 0, 2, 23.81, 8125, 883, 0, 0
401, 0, 92, 253, 246, 59, 31.17%, 0, 0, 2, 23.11, 8254, 883, 0, 0
407, 0, 92, 255, 248, 59, 31.17%, 0, 0, 2, 19.63, 8345, 883, 0, 0
412, 0, 92, 255, 248, 59, 31.17%, 0, 0, 2, 17.07, 8422, 883, 0, 0
417, 0, 92, 256, 249, 59, 31.17%, 0, 0, 2, 17.20, 8486, 883, 0, 0
423, 0, 92, 258, 251, 59, 31.17%, 0, 0, 2, 15.96, 8575, 883, 0, 0
429, 0, 92, 260, 253, 59, 31.17%, 0, 0, 2, 17.69, 8674, 883, 0, 0
434, 0, 92, 262, 255, 59, 31.20%, 0, 0, 2, 15.71, 8751, 884, 0, 0
439, 0, 92, 263, 256, 59, 31.20%, 0, 0, 2, 16.67, 8839, 884, 0, 0
445, 0, 92, 263, 256, 59, 31.20%, 0, 0, 2, 3.44, 8924, 884, 0, 0
452, 0, 92, 266, 259, 59, 31.20%, 0, 0, 2, 16.92, 8977, 884, 0, 0
457, 0, 92, 266, 259, 59, 31.20%, 0, 0, 2, 17.35, 9065, 884, 0, 0
462, 0, 92, 266, 259, 59, 31.20%, 0, 0, 2, 16.87, 9150, 884, 0, 0
467, 0, 92, 268, 261, 59, 31.20%, 0, 0, 2, 18.87, 9240, 884, 0, 0
472, 0, 92, 268, 261, 59, 31.20%, 0, 0, 2, 18.02, 9325, 884, 0, 0
477, 0, 4, 270, 262, 60, 31.20%, 0, 0, 2, 23.00, 9476, 884, 0, 0
482, 0, 11, 274, 265, 59, 31.20%, 0, 0, 2, 30.27, 9651, 884, 0, 0
487, 0, 11, 278, 269, 59, 31.24%, 0, 0, 2, 28.71, 9793, 885, 0, 0
493, 0, 11, 281, 272, 59, 31.24%, 0, 0, 2, 28.11, 9929, 885, 0, 0
498, 0, 11, 283, 274, 59, 31.24%, 0, 0, 2, 27.45, 10067, 885, 0, 0
503, 0, 11, 285, 276, 59, 31.24%, 0, 0, 2, 29.72, 10216, 885, 0, 0
508, 0, 11, 285, 276, 59, 31.24%, 0, 0, 2, 27.59, 10353, 885, 0, 0
513, 0, 11, 286, 277, 59, 31.24%, 0, 0, 2, 26.42, 10489, 885, 0, 0
518, 0, 11, 287, 278, 59, 31.24%, 0, 0, 2, 28.52, 10634, 885, 0, 0
523, 0, 11, 289, 280, 59, 31.24%, 0, 0, 2, 26.78, 10769, 885, 0, 0
528, 0, 11, 290, 281, 59, 31.24%, 0, 0, 2, 26.19, 10906, 885, 0, 0
534, 0, 18, 293, 283, 61, 31.31%, 0, 0, 2, 24.56, 11043, 887, 0, 0
540, 0, 20, 296, 285, 61, 31.34%, 0, 0, 2, 22.54, 11166, 888, 0, 0
546, 0, 20, 300, 289, 61, 31.34%, 0, 0, 2, 17.75, 11220, 888, 0, 0
552, 0, 20, 303, 292, 61, 31.52%, 0, 0, 2, 13.84, 11268, 893, 0, 0
557, 0, 20, 304, 293, 61, 31.70%, 0, 0, 2, 11.20, 11318, 898, 0, 0
562, 0, 20, 305, 294, 61, 31.70%, 0, 0, 2, 10.64, 11371, 898, 0, 0
567, 0, 20, 305, 294, 61, 31.70%, 0, 0, 2, 10.50, 11427, 898, 0, 0
573, 0, 20, 306, 295, 61, 31.70%, 0, 0, 2, 9.86, 11478, 898, 0, 0
578, 0, 20, 307, 296, 61, 31.70%, 0, 0, 2, 9.97, 11528, 898, 0, 0
583, 0, 20, 308, 297, 61, 31.70%, 0, 0, 2, 10.04, 11576, 898, 0, 0
588, 0, 20, 308, 297, 61, 31.70%, 0, 0, 2, 10.08, 11628, 898, 0, 0
594, 0, 20, 308, 297, 61, 31.70%, 0, 0, 2, 10.49, 11680, 898, 0, 0
599, 0, 20, 309, 298, 61, 31.70%, 0, 0, 2, 10.48, 11732, 898, 0, 0
604, 0, 20, 309, 298, 61, 31.70%, 0, 0, 2, 10.37, 11787, 898, 0, 0
609, 0, 20, 309, 298, 61, 31.70%, 0, 0, 2, 10.17, 11837, 898, 0, 0
615, 0, 20, 310, 299, 61, 31.73%, 0, 0, 2, 10.48, 11898, 899, 0, 0
620, 0, 20, 310, 299, 61, 31.73%, 0, 0, 2, 10.62, 11954, 899, 0, 0
625, 0, 20, 311, 300, 61, 31.77%, 0, 0, 2, 10.28, 12003, 900, 0, 0
631, 0, 20, 312, 301, 61, 31.77%, 0, 0, 2, 10.56, 12052, 900, 0, 0
636, 0, 20, 312, 301, 61, 31.77%, 0, 0, 2, 10.54, 12106, 900, 0, 0
641, 0, 20, 313, 302, 61, 31.77%, 0, 0, 2, 10.74, 12161, 900, 0, 0
646, 0, 20, 313, 302, 61, 31.77%, 0, 0, 2, 10.67, 12215, 900, 0, 0
651, 0, 20, 314, 303, 61, 31.77%, 0, 0, 2, 10.33, 12264, 900, 0, 0
656, 0, 20, 315, 304, 61, 31.77%, 0, 0, 2, 10.14, 12313, 900, 0, 0
662, 0, 20, 315, 304, 61, 31.77%, 0, 0, 2, 10.67, 12368, 900, 0, 0
667, 0, 20, 315, 304, 61, 31.77%, 0, 0, 2, 10.00, 12418, 900, 0, 0
672, 0, 20, 316, 305, 61, 31.77%, 0, 0, 2, 10.23, 12469, 900, 0, 0
677, 0, 20, 316, 305, 61, 31.77%, 0, 0, 2, 10.62, 12525, 900, 0, 0
684, 0, 20, 317, 306, 61, 31.77%, 0, 0, 2, 9.93, 12575, 900, 0, 0
689, 0, 20, 317, 306, 61, 31.77%, 0, 0, 2, 10.54, 12628, 900, 0, 0
694, 0, 20, 317, 306, 61, 31.77%, 0, 0, 2, 10.53, 12684, 900, 0, 0
699, 0, 20, 319, 308, 61, 31.87%, 0, 0, 2, 11.28, 12740, 903, 0, 0
704, 0, 20, 319, 308, 61, 31.87%, 0, 0, 2, 10.04, 12789, 903, 0, 0
709, 0, 20, 319, 308, 61, 31.87%, 0, 0, 2, 9.60, 12839, 903, 0, 0
715, 0, 20, 319, 308, 61, 31.87%, 0, 0, 2, 10.23, 12893, 903, 0, 0
720, 0, 21, 322, 310, 64, 31.91%, 0, 0, 2, 12.24, 12986, 904, 0, 0
726, 0, 21, 325, 313, 64, 31.91%, 0, 0, 2, 14.04, 13046, 904, 0, 0
731, 0, 21, 328, 316, 64, 31.94%, 0, 0, 2, 14.40, 13104, 905, 0, 0
737, 0, 21, 329, 317, 64, 31.94%, 0, 0, 2, 15.45, 13191, 905, 0, 0
742, 0, 21, 331, 319, 64, 31.94%, 0, 0, 2, 15.72, 13266, 905, 0, 0
748, 0, 21, 333, 321, 64, 31.94%, 0, 0, 2, 16.84, 13357, 905, 0, 0
753, 0, 21, 333, 321, 64, 31.94%, 0, 0, 2, 15.40, 13432, 905, 0, 0
759, 0, 21, 334, 322, 64, 31.94%, 0, 0, 2, 14.38, 13492, 905, 0, 0
764, 0, 21, 335, 323, 64, 31.94%, 0, 0, 2, 15.31, 13563, 905, 0, 0
769, 0, 21, 337, 325, 64, 32.02%, 0, 0, 2, 16.80, 13635, 907, 0, 0
775, 0, 21, 338, 326, 64, 32.05%, 0, 0, 2, 5.29, 13720, 908, 0, 0
780, 0, 21, 339, 327, 64, 32.05%, 0, 0, 2, 5.29, 13790, 908, 0, 0
785, 0, 21, 342, 330, 64, 32.05%, 0, 0, 2, 12.76, 13870, 908, 0, 0
790, 0, 21, 343, 331, 64, 32.09%, 0, 0, 2, 0.00, 13957, 909, 0, 0
985, 0, 81, 476, 464, 64, 32.72%, 0, 0, 2, 0.00, 15408, 927, 0, 0
1322, 0, 640, 670, 658, 64, 35.40%, 0, 0, 2, 0.00, 17652, 1003, 0, 0
1656, 0, 242, 820, 808, 64, 36.25%, 0, 0, 2, 20.43, 19822, 1027, 0, 0
1661, 0, 242, 820, 808, 64, 36.25%, 0, 0, 2, 23.03, 19943, 1027, 0, 0
1666, 0, 242, 820, 808, 64, 36.25%, 0, 0, 2, 22.19, 20054, 1027, 0, 0
1675, 0, 242, 821, 809, 64, 36.25%, 0, 0, 3, 2.84, 20154, 1027, 0, 0
1680, 0, 242, 822, 810, 64, 36.25%, 0, 0, 3, 23.04, 20240, 1027, 0, 0
1685, 0, 242, 822, 810, 64, 36.25%, 0, 0, 3, 22.14, 20353, 1027, 0, 0
1690, 0, 242, 822, 810, 64, 36.25%, 0, 0, 3, 22.75, 20472, 1027, 0, 0
1695, 0, 242, 822, 810, 64, 36.25%, 0, 0, 3, 22.35, 20587, 1027, 0, 0
1701, 0, 242, 822, 810, 64, 36.25%, 0, 0, 3, 22.82, 20706, 1027, 0, 0
1706, 0, 242, 822, 810, 64, 36.25%, 0, 0, 3, 22.37, 20820, 1027, 0, 0
1711, 0, 242, 822, 810, 64, 36.25%, 0, 0, 3, 23.14, 20935, 1027, 0, 0
1716, 0, 242, 822, 810, 64, 36.25%, 0, 0, 3, 22.92, 21054, 1027, 0, 0
1721, 0, 670, 822, 809, 63, 36.25%, 0, 0, 3, 19.24, 21093, 1027, 0, 0
1726, 0, 670, 822, 809, 63, 36.25%, 0, 0, 3, 10.77, 21124, 1027, 0, 0
1731, 0, 670, 822, 809, 63, 36.25%, 0, 0, 3, 7.81, 21154, 1027, 0, 0
1736, 0, 670, 822, 809, 63, 36.25%, 0, 0, 3, 6.48, 21184, 1027, 0, 0
1742, 0, 670, 822, 809, 63, 36.25%, 0, 0, 3, 6.00, 21214, 1027, 0, 0
1747, 0, 670, 822, 809, 63, 36.25%, 0, 0, 3, 5.61, 21243, 1027, 0, 0
1752, 0, 670, 823, 810, 63, 36.25%, 0, 0, 3, 6.37, 21276, 1027, 0, 0
1757, 0, 670, 823, 810, 63, 36.25%, 0, 0, 3, 6.70, 21309, 1027, 0, 0
1762, 0, 670, 823, 810, 63, 36.25%, 0, 0, 3, 6.25, 21339, 1027, 0, 0
1767, 0, 670, 823, 810, 63, 36.25%, 0, 0, 3, 6.51, 21371, 1027, 0, 0
1773, 0, 670, 823, 810, 63, 36.25%, 0, 0, 3, 6.41, 21405, 1027, 0, 0
1778, 0, 670, 823, 810, 63, 36.25%, 0, 0, 3, 5.89, 21434, 1027, 0, 0
1783, 0, 670, 823, 810, 63, 36.25%, 0, 0, 3, 5.62, 21462, 1027, 0, 0
1788, 0, 670, 823, 810, 63, 36.25%, 0, 0, 3, 5.93, 21493, 1027, 0, 0
1793, 0, 670, 823, 810, 63, 36.25%, 0, 0, 3, 5.99, 21523, 1027, 0, 0
1798, 0, 670, 823, 810, 63, 36.25%, 0, 0, 3, 5.89, 21554, 1027, 0, 0
1804, 0, 670, 823, 810, 63, 36.25%, 0, 0, 3, 6.26, 21588, 1027, 0, 0
1809, 0, 670, 823, 810, 63, 36.25%, 0, 0, 3, 6.14, 21618, 1027, 0, 0
1814, 0, 670, 823, 810, 63, 36.25%, 0, 0, 3, 5.93, 21647, 1027, 0, 0
1819, 0, 670, 823, 810, 63, 36.25%, 0, 0, 3, 5.95, 21678, 1027, 0, 0
1824, 0, 670, 823, 810, 63, 36.25%, 0, 0, 3, 5.77, 21709, 1027, 0, 0
1829, 0, 670, 823, 810, 63, 36.25%, 0, 0, 3, 5.89, 21738, 1027, 0, 0
1835, 0, 670, 823, 810, 63, 36.25%, 0, 0, 3, 6.14, 21773, 1027, 0, 0
1840, 0, 670, 823, 810, 63, 36.25%, 0, 0, 3, 6.21, 21805, 1027, 0, 0
1845, 0, 670, 823, 810, 63, 36.25%, 0, 0, 3, 5.98, 21836, 1027, 0, 0
1850, 0, 670, 823, 810, 63, 36.25%, 0, 0, 3, 6.55, 21869, 1027, 0, 0
1855, 0, 670, 823, 810, 63, 36.25%, 0, 0, 3, 6.44, 21901, 1027, 0, 0
1863, 0, 670, 824, 811, 63, 36.39%, 0, 0, 3, 5.60, 21928, 1031, 0, 0
1868, 0, 670, 824, 811, 63, 36.39%, 0, 0, 3, 6.06, 21960, 1031, 0, 0
1873, 0, 670, 824, 811, 63, 36.39%, 0, 0, 3, 6.22, 21990, 1031, 0, 0
1879, 0, 670, 824, 811, 63, 36.39%, 0, 0, 3, 5.69, 22019, 1031, 0, 0
1884, 0, 670, 824, 811, 63, 36.39%, 0, 0, 3, 5.88, 22050, 1031, 0, 0
1889, 0, 670, 824, 811, 63, 36.39%, 0, 0, 3, 6.04, 22082, 1031, 0, 0
1894, 0, 670, 824, 811, 63, 36.39%, 0, 0, 3, 6.49, 22116, 1031, 0, 0
1899, 0, 670, 824, 811, 63, 36.39%, 0, 0, 3, 6.55, 22148, 1031, 0, 0
1904, 0, 670, 824, 811, 63, 36.39%, 0, 0, 3, 6.27, 22177, 1031, 0, 0
1910, 0, 670, 824, 811, 63, 36.39%, 0, 0, 3, 5.86, 22206, 1031, 0, 0
1915, 0, 670, 824, 811, 63, 36.39%, 0, 0, 3, 5.49, 22231, 1031, 0, 0
1920, 0, 670, 824, 811, 63, 36.39%, 0, 0, 3, 5.64, 22260, 1031, 0, 0
1925, 0, 670, 824, 811, 63, 36.39%, 0, 0, 3, 6.52, 22295, 1031, 0, 0
1930, 0, 670, 824, 811, 63, 36.39%, 0, 0, 3, 6.39, 22328, 1031, 0, 0
1935, 0, 670, 824, 811, 63, 36.39%, 0, 0, 3, 6.26, 22360, 1031, 0, 0
1941, 0, 670, 824, 811, 63, 36.39%, 0, 0, 3, 6.27, 22392, 1031, 0, 0
1946, 0, 670, 824, 811, 63, 36.39%, 0, 0, 3, 6.06, 22423, 1031, 0, 0
1951, 0, 670, 824, 811, 63, 36.39%, 0, 0, 3, 5.65, 22451, 1031, 0, 0
1956, 0, 670, 824, 811, 63, 36.39%, 0, 0, 3, 6.07, 22483, 1031, 0, 0
1961, 0, 670, 824, 811, 63, 36.39%, 0, 0, 3, 6.22, 22515, 1031, 0, 0
1967, 0, 670, 824, 811, 63, 36.39%, 0, 0, 3, 6.17, 22546, 1031, 0, 0
1972, 0, 670, 824, 811, 63, 36.39%, 0, 0, 3, 6.10, 22577, 1031, 0, 0
1977, 0, 670, 824, 811, 63, 36.39%, 0, 0, 3, 5.82, 22606, 1031, 0, 0
1982, 0, 670, 824, 811, 63, 36.39%, 0, 0, 3, 5.67, 22634, 1031, 0, 0
1987, 0, 670, 824, 811, 63, 36.39%, 0, 0, 3, 5.92, 22665, 1031, 0, 0
1992, 0, 670, 824, 811, 63, 36.39%, 0, 0, 3, 5.65, 22690, 1031, 0, 0
1997, 0, 670, 824, 811, 63, 36.39%, 0, 0, 3, 5.55, 22720, 1031, 0, 0
2003, 0, 670, 824, 811, 63, 36.39%, 0, 0, 3, 5.98, 22751, 1031, 0, 0
2008, 0, 670, 824, 811, 63, 36.39%, 0, 0, 3, 5.87, 22781, 1031, 0, 0
2013, 0, 670, 824, 811, 63, 36.39%, 0, 0, 3, 5.86, 22812, 1031, 0, 0
2018, 0, 670, 824, 811, 63, 36.39%, 0, 0, 3, 6.01, 22843, 1031, 0, 0
2023, 0, 671, 824, 810, 64, 36.39%, 0, 0, 3, 5.79, 22868, 1031, 0, 0
2029, 0, 671, 824, 810, 64, 36.39%, 0, 0, 3, 4.34, 22887, 1031, 0, 0
2034, 0, 671, 824, 810, 64, 36.39%, 0, 0, 3, 4.27, 22909, 1031, 0, 0
2039, 0, 671, 825, 811, 64, 36.43%, 0, 0, 3, 4.20, 22931, 1032, 0, 0
2044, 0, 671, 825, 811, 64, 36.43%, 0, 0, 3, 4.19, 22952, 1032, 0, 0
2049, 0, 671, 825, 811, 64, 36.43%, 0, 0, 3, 4.12, 22973, 1032, 0, 0
2055, 0, 671, 825, 811, 64, 36.43%, 0, 0, 3, 4.09, 22995, 1032, 0, 0
2060, 0, 671, 825, 811, 64, 36.43%, 0, 0, 3, 4.06, 23016, 1032, 0, 0
2065, 0, 671, 825, 811, 64, 36.43%, 0, 0, 3, 4.09, 23037, 1032, 0, 0
2070, 0, 671, 825, 811, 64, 36.43%, 0, 0, 3, 4.07, 23058, 1032, 0, 0
2075, 0, 671, 825, 811, 64, 36.43%, 0, 0, 3, 4.11, 23079, 1032, 0, 0
2080, 0, 671, 825, 811, 64, 36.43%, 0, 0, 3, 4.14, 23100, 1032, 0, 0
2085, 0, 671, 825, 811, 64, 36.43%, 0, 0, 3, 4.12, 23121, 1032, 0, 0
2090, 0, 671, 825, 811, 64, 36.43%, 0, 0, 3, 4.04, 23141, 1032, 0, 0
2095, 0, 671, 825, 811, 64, 36.43%, 0, 0, 3, 4.08, 23162, 1032, 0, 0
2100, 0, 671, 825, 811, 64, 36.43%, 0, 0, 3, 4.09, 23183, 1032, 0, 0
2106, 0, 671, 825, 811, 64, 36.43%, 0, 0, 3, 4.09, 23204, 1032, 0, 0
2111, 0, 671, 825, 811, 64, 36.43%, 0, 0, 3, 3.95, 23224, 1032, 0, 0
2116, 0, 671, 825, 811, 64, 36.43%, 0, 0, 3, 3.88, 23244, 1032, 0, 0
2117, 0, 671, 825, 811, 64, 36.43%, 0, 0, 3, 0.00, 23248, 1032, 0, 0
2179, 0, 762, 849, 835, 64, 36.53%, 0, 0, 3, 18.26, 23735, 1035, 0, 0
2184, 0, 762, 849, 835, 64, 36.53%, 0, 0, 3, 17.93, 23827, 1035, 0, 0
2189, 0, 762, 849, 835, 64, 36.53%, 0, 0, 3, 17.60, 23916, 1035, 0, 0
2195, 0, 762, 849, 835, 64, 36.53%, 0, 0, 3, 17.92, 24007, 1035, 0, 0
2200, 0, 762, 849, 835, 64, 36.53%, 0, 0, 3, 18.61, 24104, 1035, 0, 0
2205, 0, 762, 849, 835, 64, 36.53%, 0, 0, 3, 18.61, 24199, 1035, 0, 0
2210, 0, 762, 849, 835, 64, 36.53%, 0, 0, 3, 18.47, 24292, 1035, 0, 0
2215, 0, 762, 849, 835, 64, 36.53%, 0, 0, 3, 17.80, 24380, 1035, 0, 0
2220, 0, 825, 849, 834, 16, 36.53%, 0, 0, 3, 3.18, 24427, 1035, 0, 0
2225, 0, 825, 849, 834, 16, 36.53%, 0, 0, 3, 3.29, 24444, 1035, 0, 0
2230, 0, 825, 849, 834, 16, 36.53%, 0, 0, 3, 3.62, 24464, 1035, 0, 0
2236, 0, 825, 849, 834, 16, 36.53%, 0, 0, 3, 3.57, 24483, 1035, 0, 0
2241, 0, 825, 849, 834, 16, 36.53%, 0, 0, 3, 3.43, 24500, 1035, 0, 0
2246, 0, 825, 849, 834, 16, 36.53%, 0, 0, 3, 3.46, 24518, 1035, 0, 0
2251, 0, 825, 849, 834, 16, 36.53%, 0, 0, 3, 3.47, 24536, 1035, 0, 0
2256, 0, 825, 849, 834, 16, 36.53%, 0, 0, 3, 3.50, 24554, 1035, 0, 0
2261, 0, 825, 849, 834, 16, 36.53%, 0, 0, 3, 3.42, 24572, 1035, 0, 0
2266, 0, 825, 849, 834, 16, 36.53%, 0, 0, 3, 3.45, 24590, 1035, 0, 0
2272, 0, 825, 849, 834, 16, 36.53%, 0, 0, 3, 3.34, 24607, 1035, 0, 0
2277, 0, 825, 849, 834, 16, 36.53%, 0, 0, 3, 3.31, 24624, 1035, 0, 0
2282, 0, 825, 849, 834, 16, 36.53%, 0, 0, 3, 3.30, 24641, 1035, 0, 0
2289, 0, 825, 850, 835, 16, 36.53%, 0, 0, 3, 3.23, 24663, 1035, 0, 0
2295, 0, 825, 850, 835, 16, 36.53%, 0, 0, 3, 3.25, 24680, 1035, 0, 0
2300, 0, 825, 850, 835, 16, 36.53%, 0, 0, 3, 3.25, 24697, 1035, 0, 0
2305, 0, 825, 850, 835, 16, 36.53%, 0, 0, 3, 3.25, 24714, 1035, 0, 0
2310, 0, 825, 850, 835, 16, 36.53%, 0, 0, 3, 3.26, 24731, 1035, 0, 0
2315, 0, 825, 850, 835, 16, 36.53%, 0, 0, 3, 3.26, 24748, 1035, 0, 0
2321, 0, 825, 850, 835, 16, 36.53%, 0, 0, 3, 3.26, 24765, 1035, 0, 0
2326, 0, 825, 850, 835, 16, 36.53%, 0, 0, 3, 3.25, 24782, 1035, 0, 0
2331, 0, 825, 850, 835, 16, 36.53%, 0, 0, 3, 3.25, 24799, 1035, 0, 0
2339, 0, 825, 851, 836, 16, 36.53%, 0, 0, 3, 3.20, 24820, 1035, 0, 0
2344, 0, 825, 851, 836, 16, 36.53%, 0, 0, 3, 3.03, 24835, 1035, 0, 0
2349, 0, 825, 851, 836, 16, 36.53%, 0, 0, 3, 2.87, 24849, 1035, 0, 0
2354, 0, 825, 851, 836, 16, 36.53%, 0, 0, 3, 2.74, 24863, 1035, 0, 0
2359, 0, 825, 851, 836, 16, 36.53%, 0, 0, 3, 2.82, 24877, 1035, 0, 0
2365, 0, 825, 851, 836, 16, 36.53%, 0, 0, 3, 2.76, 24891, 1035, 0, 0
2370, 0, 825, 851, 836, 16, 36.53%, 0, 0, 3, 2.66, 24904, 1035, 0, 0
2375, 0, 825, 851, 836, 16, 36.53%, 0, 0, 3, 2.61, 24917, 1035, 0, 0
2380, 0, 825, 851, 836, 16, 36.53%, 0, 0, 3, 2.59, 24930, 1035, 0, 0
2385, 0, 825, 851, 836, 16, 36.53%, 0, 0, 3, 2.62, 24944, 1035, 0, 0
2390, 0, 825, 851, 836, 16, 36.53%, 0, 0, 3, 2.60, 24957, 1035, 0, 0
2395, 0, 825, 851, 836, 16, 36.53%, 0, 0, 3, 2.57, 24970, 1035, 0, 0
2400, 0, 825, 851, 836, 16, 36.53%, 0, 0, 3, 2.55, 24983, 1035, 0, 0
2405, 0, 825, 851, 836, 16, 36.53%, 0, 0, 3, 2.54, 24996, 1035, 0, 0
2411, 0, 825, 851, 836, 16, 36.53%, 0, 0, 3, 2.54, 25009, 1035, 0, 0
2416, 0, 825, 851, 836, 16, 36.53%, 0, 0, 3, 2.61, 25023, 1035, 0, 0
2421, 0, 825, 851, 836, 16, 36.53%, 0, 0, 3, 2.65, 25037, 1035, 0, 0
2426, 0, 825, 851, 836, 16, 36.53%, 0, 0, 3, 2.61, 25050, 1035, 0, 0
2431, 0, 825, 851, 836, 16, 36.53%, 0, 0, 3, 2.58, 25062, 1035, 0, 0
2437, 0, 825, 851, 836, 16, 36.53%, 0, 0, 3, 2.54, 25075, 1035, 0, 0
2442, 0, 825, 851, 836, 16, 36.53%, 0, 0, 3, 2.55, 25088, 1035, 0, 0
2447, 0, 825, 851, 836, 16, 36.53%, 0, 0, 3, 2.67, 25102, 1035, 0, 0
2452, 0, 825, 851, 836, 16, 36.53%, 0, 0, 3, 2.82, 25117, 1035, 0, 0
2457, 0, 825, 851, 836, 16, 36.53%, 0, 0, 3, 4.84, 25146, 1035, 0, 0
2462, 0, 825, 851, 836, 16, 36.53%, 0, 0, 3, 6.05, 25180, 1035, 0, 0
2467, 0, 825, 851, 836, 16, 36.53%, 0, 0, 3, 6.61, 25215, 1035, 0, 0
2473, 0, 825, 851, 836, 16, 36.53%, 0, 0, 3, 4.94, 25236, 1035, 0, 0
2479, 0, 825, 852, 837, 16, 36.71%, 0, 0, 3, 4.48, 25260, 1040, 0, 0
2484, 0, 825, 852, 837, 16, 36.71%, 0, 0, 3, 4.55, 25282, 1040, 0, 0
2495, 0, 825, 853, 838, 16, 36.71%, 0, 0, 3, 4.96, 25321, 1040, 0, 0
2500, 0, 825, 853, 838, 16, 36.71%, 0, 0, 3, 4.54, 25343, 1040, 0, 0
2505, 0, 825, 853, 838, 16, 36.71%, 0, 0, 3, 4.53, 25367, 1040, 0, 0
2510, 0, 825, 853, 838, 16, 36.71%, 0, 0, 3, 4.92, 25391, 1040, 0, 0
2515, 0, 825, 853, 838, 16, 36.71%, 0, 0, 3, 4.89, 25416, 1040, 0, 0
2521, 0, 825, 853, 838, 16, 36.71%, 0, 0, 3, 5.86, 25448, 1040, 0, 0
2526, 0, 825, 853, 838, 16, 36.71%, 0, 0, 3, 4.78, 25469, 1040, 0, 0
2531, 0, 825, 853, 838, 16, 36.71%, 0, 0, 3, 4.71, 25493, 1040, 0, 0
2536, 0, 825, 853, 838, 16, 36.71%, 0, 0, 3, 5.03, 25519, 1040, 0, 0
2541, 0, 825, 853, 838, 16, 36.71%, 0, 0, 3, 4.57, 25540, 1040, 0, 0
2546, 0, 825, 853, 838, 16, 36.71%, 0, 0, 3, 5.20, 25568, 1040, 0, 0
2551, 0, 825, 853, 838, 16, 36.71%, 0, 0, 3, 5.67, 25597, 1040, 0, 0
2556, 0, 825, 853, 838, 16, 36.71%, 0, 0, 3, 5.33, 25620, 1040, 0, 0
2562, 0, 825, 853, 838, 16, 36.71%, 0, 0, 3, 6.15, 25652, 1040, 0, 0
2567, 0, 825, 853, 838, 16, 36.71%, 0, 0, 3, 5.81, 25681, 1040, 0, 0
2572, 0, 825, 853, 838, 16, 36.71%, 0, 0, 3, 5.47, 25708, 1040, 0, 0
2577, 0, 825, 853, 838, 16, 36.71%, 0, 0, 3, 5.68, 25737, 1040, 0, 0
2583, 0, 825, 853, 838, 16, 36.71%, 0, 0, 3, 5.39, 25761, 1040, 0, 0
2588, 0, 825, 853, 838, 16, 36.71%, 0, 0, 3, 4.80, 25784, 1040, 0, 0
2593, 0, 825, 853, 838, 16, 36.71%, 0, 0, 3, 5.47, 25814, 1040, 0, 0
2598, 0, 825, 853, 838, 16, 36.71%, 0, 0, 3, 5.97, 25845, 1040, 0, 0
2603, 0, 825, 853, 838, 16, 36.71%, 0, 0, 3, 5.26, 25870, 1040, 0, 0
2609, 0, 825, 853, 838, 16, 36.71%, 0, 0, 3, 4.45, 25891, 1040, 0, 0
2615, 0, 825, 853, 838, 16, 36.71%, 0, 0, 3, 4.53, 25918, 1040, 0, 0
2622, 0, 825, 854, 839, 16, 36.71%, 0, 0, 3, 4.67, 25950, 1040, 0, 0
2628, 0, 825, 855, 840, 16, 36.71%, 0, 0, 3, 4.44, 25967, 1040, 0, 0
2633, 0, 825, 855, 840, 16, 36.71%, 0, 0, 3, 4.55, 25990, 1040, 0, 0
2639, 0, 825, 855, 840, 16, 36.71%, 0, 0, 3, 5.63, 26020, 1040, 0, 0
2644, 0, 825, 855, 840, 16, 36.71%, 0, 0, 3, 5.57, 26047, 1040, 0, 0
2649, 0, 825, 855, 840, 16, 36.71%, 0, 0, 3, 5.33, 26072, 1040, 0, 0
2654, 0, 825, 855, 840, 16, 36.71%, 0, 0, 3, 5.32, 26101, 1040, 0, 0
2659, 0, 825, 855, 840, 16, 36.71%, 0, 0, 3, 5.21, 26126, 1040, 0, 0
2664, 0, 825, 855, 840, 16, 36.71%, 0, 0, 3, 4.89, 26149, 1040, 0, 0
2669, 0, 825, 855, 840, 16, 36.71%, 0, 0, 3, 5.22, 26177, 1040, 0, 0
2674, 0, 825, 855, 840, 16, 36.71%, 0, 0, 3, 5.33, 26203, 1040, 0, 0
2680, 0, 825, 855, 840, 16, 36.71%, 0, 0, 3, 5.94, 26235, 1040, 0, 0
2685, 0, 825, 855, 840, 16, 36.71%, 0, 0, 3, 5.39, 26262, 1040, 0, 0
2690, 0, 825, 855, 840, 16, 36.71%, 0, 0, 3, 5.24, 26287, 1040, 0, 0
2695, 0, 825, 855, 840, 16, 36.71%, 0, 0, 3, 4.50, 26308, 1040, 0, 0
2700, 0, 825, 855, 840, 16, 36.71%, 0, 0, 3, 4.65, 26332, 1040, 0, 0
2705, 0, 825, 855, 840, 16, 36.71%, 0, 0, 3, 5.73, 26360, 1040, 0, 0
2710, 0, 825, 855, 840, 16, 36.71%, 0, 0, 3, 5.84, 26384, 1040, 0, 0
2716, 0, 825, 855, 840, 16, 36.71%, 0, 0, 3, 5.13, 26410, 1040, 0, 0
2721, 0, 825, 855, 840, 16, 36.71%, 0, 0, 3, 4.66, 26432, 1040, 0, 0
2726, 0, 825, 855, 840, 16, 36.71%, 0, 0, 3, 5.18, 26461, 1040, 0, 0
2731, 0, 825, 855, 840, 16, 36.71%, 0, 0, 3, 5.26, 26489, 1040, 0, 0
2736, 0, 825, 855, 840, 16, 36.71%, 0, 0, 3, 5.63, 26519, 1040, 0, 0
2742, 0, 825, 855, 840, 16, 36.71%, 0, 0, 3, 5.21, 26545, 1040, 0, 0
2747, 0, 825, 855, 840, 16, 36.71%, 0, 0, 3, 4.95, 26570, 1040, 0, 0
2752, 0, 825, 855, 840, 16, 36.71%, 0, 0, 3, 5.21, 26597, 1040, 0, 0
2757, 0, 825, 855, 840, 16, 36.71%, 0, 0, 3, 5.11, 26624, 1040, 0, 0
2763, 0, 825, 855, 840, 16, 36.71%, 0, 0, 3, 5.38, 26654, 1040, 0, 0
2768, 0, 825, 856, 841, 16, 36.71%, 0, 0, 3, 5.20, 26667, 1040, 0, 0
2773, 0, 825, 856, 841, 16, 36.71%, 0, 0, 3, 4.94, 26690, 1040, 0, 0
2778, 0, 825, 856, 841, 16, 36.71%, 0, 0, 3, 5.29, 26720, 1040, 0, 0
2784, 0, 825, 856, 841, 16, 36.71%, 0, 0, 3, 5.36, 26749, 1040, 0, 0
2789, 0, 825, 856, 841, 16, 36.71%, 0, 0, 3, 5.08, 26775, 1040, 0, 0
2794, 0, 825, 856, 841, 16, 36.71%, 0, 0, 3, 5.25, 26801, 1040, 0, 0
2799, 0, 825, 856, 841, 16, 36.71%, 0, 0, 3, 5.34, 26828, 1040, 0, 0
2804, 0, 825, 856, 841, 16, 36.71%, 0, 0, 3, 5.05, 26849, 1040, 0, 0
2809, 0, 825, 856, 841, 16, 36.71%, 0, 0, 3, 4.99, 26875, 1040, 0, 0
2814, 0, 825, 856, 841, 16, 36.71%, 0, 0, 3, 5.31, 26901, 1040, 0, 0
2820, 0, 825, 856, 841, 16, 36.71%, 0, 0, 3, 4.62, 26922, 1040, 0, 0
2825, 0, 825, 856, 841, 16, 36.71%, 0, 0, 3, 4.90, 26948, 1040, 0, 0
2830, 0, 825, 856, 841, 16, 36.71%, 0, 0, 3, 4.56, 26970, 1040, 0, 0
2835, 0, 825, 856, 841, 16, 36.71%, 0, 0, 3, 4.71, 26994, 1040, 0, 0
2840, 0, 825, 856, 841, 16, 36.71%, 0, 0, 3, 5.58, 27023, 1040, 0, 0
2845, 0, 825, 856, 841, 16, 36.71%, 0, 0, 3, 5.50, 27052, 1040, 0, 0
2850, 0, 825, 856, 841, 16, 36.71%, 0, 0, 3, 4.60, 27073, 1040, 0, 0
2856, 0, 825, 856, 841, 16, 36.71%, 0, 0, 3, 4.64, 27096, 1040, 0, 0
2861, 0, 825, 856, 841, 16, 36.71%, 0, 0, 3, 4.63, 27121, 1040, 0, 0
2867, 0, 825, 856, 841, 16, 36.71%, 0, 0, 3, 5.31, 27148, 1040, 0, 0
2872, 0, 825, 856, 841, 16, 36.71%, 0, 0, 3, 4.93, 27172, 1040, 0, 0
2877, 0, 825, 856, 841, 16, 36.71%, 0, 0, 3, 5.60, 27200, 1040, 0, 0
2882, 0, 825, 856, 841, 16, 36.71%, 0, 0, 3, 5.58, 27228, 1040, 0, 0
2887, 0, 825, 856, 841, 16, 36.71%, 0, 0, 3, 5.03, 27252, 1040, 0, 0
2892, 0, 825, 856, 841, 16, 36.71%, 0, 0, 3, 5.15, 27278, 1040, 0, 0
2897, 0, 825, 856, 841, 16, 36.71%, 0, 0, 3, 5.68, 27308, 1040, 0, 0
2902, 0, 825, 856, 841, 16, 36.71%, 0, 0, 3, 5.18, 27333, 1040, 0, 0
2908, 0, 825, 856, 841, 16, 36.71%, 0, 0, 3, 5.17, 27358, 1040, 0, 0
2913, 0, 825, 856, 841, 16, 36.71%, 0, 0, 3, 5.20, 27384, 1040, 0, 0
2918, 0, 825, 856, 841, 16, 36.71%, 0, 0, 3, 5.25, 27410, 1040, 0, 0
2923, 0, 825, 856, 841, 16, 36.71%, 0, 0, 3, 5.57, 27438, 1040, 0, 0
2928, 0, 825, 856, 841, 16, 36.71%, 0, 0, 3, 6.47, 27470, 1040, 0, 0
2934, 0, 825, 856, 841, 16, 36.71%, 0, 0, 3, 5.53, 27495, 1040, 0, 0
2939, 0, 825, 856, 841, 16, 36.71%, 0, 0, 3, 5.81, 27525, 1040, 0, 0
2944, 0, 825, 856, 841, 16, 36.71%, 0, 0, 3, 5.11, 27550, 1040, 0, 0
2949, 0, 825, 856, 841, 16, 36.71%, 0, 0, 3, 5.14, 27577, 1040, 0, 0
2959, 0, 825, 857, 842, 16, 36.75%, 0, 0, 3, 4.85, 27610, 1041, 0, 0
2964, 0, 825, 857, 842, 16, 36.75%, 0, 0, 3, 4.78, 27634, 1041, 0, 0
2969, 0, 825, 857, 842, 16, 36.75%, 0, 0, 3, 4.47, 27657, 1041, 0, 0
2974, 0, 825, 857, 842, 16, 36.75%, 0, 0, 3, 5.54, 27683, 1041, 0, 0
2980, 0, 825, 857, 842, 16, 36.75%, 0, 0, 3, 5.83, 27713, 1041, 0, 0
2985, 0, 825, 857, 842, 16, 36.75%, 0, 0, 3, 4.99, 27736, 1041, 0, 0
2990, 0, 825, 857, 842, 16, 36.75%, 0, 0, 3, 4.96, 27763, 1041, 0, 0
2995, 0, 825, 857, 842, 16, 36.75%, 0, 0, 3, 5.49, 27792, 1041, 0, 0
3000, 0, 825, 857, 842, 16, 36.75%, 0, 0, 3, 4.81, 27814, 1041, 0, 0
3006, 0, 825, 857, 842, 16, 36.75%, 0, 0, 3, 5.76, 27845, 1041, 0, 0
3011, 0, 825, 857, 842, 16, 36.75%, 0, 0, 3, 5.57, 27872, 1041, 0, 0
3016, 0, 825, 857, 842, 16, 36.75%, 0, 0, 3, 5.11, 27897, 1041, 0, 0
3021, 0, 825, 857, 842, 16, 36.75%, 0, 0, 3, 5.97, 27928, 1041, 0, 0
3026, 0, 825, 857, 842, 16, 36.75%, 0, 0, 3, 5.87, 27955, 1041, 0, 0
3031, 0, 825, 857, 842, 16, 36.75%, 0, 0, 3, 5.66, 27979, 1041, 0, 0
3037, 0, 825, 857, 842, 16, 36.75%, 0, 0, 3, 5.02, 28003, 1041, 0, 0
3042, 0, 825, 857, 842, 16, 36.75%, 0, 0, 3, 4.83, 28026, 1041, 0, 0
3047, 0, 825, 857, 842, 16, 36.75%, 0, 0, 3, 4.66, 28049, 1041, 0, 0
3052, 0, 825, 857, 842, 16, 36.75%, 0, 0, 3, 4.68, 28072, 1041, 0, 0
3057, 0, 825, 857, 842, 16, 36.75%, 0, 0, 3, 4.74, 28095, 1041, 0, 0
3062, 0, 825, 857, 842, 16, 36.75%, 0, 0, 3, 5.44, 28124, 1041, 0, 0
3067, 0, 825, 857, 842, 16, 36.75%, 0, 0, 3, 5.76, 28154, 1041, 0, 0
3073, 0, 825, 857, 842, 16, 36.75%, 0, 0, 3, 4.86, 28177, 1041, 0, 0
3078, 0, 825, 857, 842, 16, 36.75%, 0, 0, 3, 5.16, 28203, 1041, 0, 0
3083, 0, 825, 857, 842, 16, 36.75%, 0, 0, 3, 5.12, 28227, 1041, 0, 0
3088, 0, 825, 857, 842, 16, 36.75%, 0, 0, 3, 5.19, 28253, 1041, 0, 0
3093, 0, 825, 857, 842, 16, 36.75%, 0, 0, 3, 5.44, 28282, 1041, 0, 0
3098, 0, 825, 857, 842, 16, 36.75%, 0, 0, 3, 4.83, 28306, 1041, 0, 0
3103, 0, 825, 857, 842, 16, 36.75%, 0, 0, 3, 5.34, 28332, 1041, 0, 0
3108, 0, 825, 857, 842, 16, 36.75%, 0, 0, 3, 4.90, 28354, 1041, 0, 0
3114, 0, 825, 857, 842, 16, 36.75%, 0, 0, 3, 5.37, 28383, 1041, 0, 0
3119, 0, 825, 857, 842, 16, 36.75%, 0, 0, 3, 4.84, 28407, 1041, 0, 0
3124, 0, 825, 857, 842, 16, 36.75%, 0, 0, 3, 4.83, 28433, 1041, 0, 0
3129, 0, 825, 857, 842, 16, 36.75%, 0, 0, 3, 4.87, 28459, 1041, 0, 0
3134, 0, 825, 857, 842, 16, 36.75%, 0, 0, 3, 4.70, 28482, 1041, 0, 0
3140, 0, 825, 857, 842, 16, 36.75%, 0, 0, 3, 4.49, 28503, 1041, 0, 0
3145, 0, 825, 857, 842, 16, 36.75%, 0, 0, 3, 5.03, 28529, 1041, 0, 0
3150, 0, 825, 857, 842, 16, 36.75%, 0, 0, 3, 5.11, 28553, 1041, 0, 0
3155, 0, 825, 857, 842, 16, 36.75%, 0, 0, 3, 5.40, 28581, 1041, 0, 0
3160, 0, 825, 857, 842, 16, 36.75%, 0, 0, 3, 4.87, 28604, 1041, 0, 0
3166, 0, 825, 857, 842, 16, 36.75%, 0, 0, 3, 5.30, 28634, 1041, 0, 0
3171, 0, 825, 857, 842, 16, 36.75%, 0, 0, 3, 4.99, 28658, 1041, 0, 0
3176, 0, 825, 857, 842, 16, 36.75%, 0, 0, 3, 5.24, 28684, 1041, 0, 0
3181, 0, 825, 857, 842, 16, 36.75%, 0, 0, 3, 4.69, 28708, 1041, 0, 0
3186, 0, 825, 857, 842, 16, 36.75%, 0, 0, 3, 5.46, 28736, 1041, 0, 0
3192, 0, 825, 857, 842, 16, 36.75%, 0, 0, 3, 5.16, 28763, 1041, 0, 0
3197, 0, 825, 857, 842, 16, 36.75%, 0, 0, 3, 5.16, 28789, 1041, 0, 0
3202, 0, 825, 857, 842, 16, 36.75%, 0, 0, 3, 6.05, 28822, 1041, 0, 0
3207, 0, 825, 857, 842, 16, 36.75%, 0, 0, 3, 5.78, 28850, 1041, 0, 0
3212, 0, 825, 857, 842, 16, 36.75%, 0, 0, 3, 5.27, 28875, 1041, 0, 0
3217, 0, 825, 857, 842, 16, 36.75%, 0, 0, 3, 5.97, 28905, 1041, 0, 0
3223, 0, 825, 857, 842, 16, 36.75%, 0, 0, 3, 5.05, 28928, 1041, 0, 0
3228, 0, 825, 857, 842, 16, 36.75%, 0, 0, 3, 5.30, 28956, 1041, 0, 0
3233, 0, 825, 857, 842, 16, 36.75%, 0, 0, 3, 5.03, 28980, 1041, 0, 0
3238, 0, 825, 857, 842, 16, 36.75%, 0, 0, 3, 4.96, 29005, 1041, 0, 0
3243, 0, 825, 857, 842, 16, 36.75%, 0, 0, 3, 4.36, 29025, 1041, 0, 0
3249, 0, 825, 857, 842, 16, 36.75%, 0, 0, 3, 4.81, 29052, 1041, 0, 0
3254, 0, 825, 857, 842, 16, 36.75%, 0, 0, 3, 4.98, 29077, 1041, 0, 0
3259, 0, 825, 857, 842, 16, 36.75%, 0, 0, 3, 5.46, 29106, 1041, 0, 0
3265, 0, 825, 857, 842, 16, 36.75%, 0, 0, 3, 4.56, 29127, 1041, 0, 0
3270, 0, 825, 857, 842, 16, 36.75%, 0, 0, 3, 4.69, 29153, 1041, 0, 0
3275, 0, 825, 857, 842, 16, 36.75%, 0, 0, 3, 6.00, 29186, 1041, 0, 0
3280, 0, 825, 857, 842, 16, 36.75%, 0, 0, 3, 6.50, 29216, 1041, 0, 0
3285, 0, 825, 857, 842, 16, 36.75%, 0, 0, 3, 5.67, 29243, 1041, 0, 0
3291, 0, 825, 857, 842, 16, 36.75%, 0, 0, 3, 5.42, 29270, 1041, 0, 0
3296, 0, 825, 857, 842, 16, 36.75%, 0, 0, 3, 5.11, 29295, 1041, 0, 0
3301, 0, 825, 857, 842, 16, 36.75%, 0, 0, 3, 4.69, 29319, 1041, 0, 0
3306, 0, 825, 857, 842, 16, 36.75%, 0, 0, 3, 4.77, 29344, 1041, 0, 0
3311, 0, 825, 857, 842, 16, 36.75%, 0, 0, 3, 4.83, 29369, 1041, 0, 0
3317, 0, 825, 857, 842, 16, 36.75%, 0, 0, 3, 5.18, 29397, 1041, 0, 0
3322, 0, 825, 857, 842, 16, 36.75%, 0, 0, 3, 5.03, 29423, 1041, 0, 0
3327, 0, 825, 857, 842, 16, 36.75%, 0, 0, 3, 4.84, 29448, 1041, 0, 0
3329, 0, 825, 857, 842, 16, 36.75%, 0, 0, 3, 0.00, 29454, 1041, 0, 0
3423, 0, 837, 899, 884, 16, 37.52%, 0, 0, 3, 8.58, 29933, 1063, 0, 0
3428, 0, 837, 899, 884, 16, 37.52%, 0, 0, 3, 8.84, 29979, 1063, 0, 0
3433, 0, 837, 899, 884, 16, 37.52%, 0, 0, 3, 9.02, 30026, 1063, 0, 0
3438, 0, 837, 899, 884, 16, 37.52%, 0, 0, 3, 9.08, 30073, 1063, 0, 0
3444, 0, 837, 899, 884, 16, 37.52%, 0, 0, 3, 9.05, 30119, 1063, 0, 0
3449, 0, 837, 899, 884, 16, 37.52%, 0, 0, 3, 9.07, 30165, 1063, 0, 0
3454, 0, 837, 899, 884, 16, 37.52%, 0, 0, 3, 9.37, 30213, 1063, 0, 0
3459, 0, 837, 899, 884, 16, 37.52%, 0, 0, 3, 8.68, 30256, 1063, 0, 0
3464, 0, 837, 899, 884, 16, 37.52%, 0, 0, 3, 9.26, 30303, 1063, 0, 0
3469, 0, 837, 899, 884, 16, 37.52%, 0, 0, 3, 8.84, 30349, 1063, 0, 0
3474, 0, 837, 899, 884, 16, 37.52%, 0, 0, 3, 9.89, 30401, 1063, 0, 0
3479, 0, 837, 899, 884, 16, 37.52%, 0, 0, 3, 9.84, 30451, 1063, 0, 0
3484, 0, 837, 899, 884, 16, 37.52%, 0, 0, 3, 9.65, 30500, 1063, 0, 0
3489, 0, 837, 899, 884, 16, 37.52%, 0, 0, 3, 9.21, 30544, 1063, 0, 0
3494, 0, 837, 899, 884, 16, 37.52%, 0, 0, 3, 9.50, 30592, 1063, 0, 0
3499, 0, 857, 899, 883, 31, 37.52%, 0, 0, 3, 11.02, 30667, 1063, 0, 0
3505, 0, 857, 899, 883, 31, 37.52%, 0, 0, 3, 11.59, 30728, 1063, 0, 0
3510, 0, 857, 899, 883, 31, 37.52%, 0, 1, 3, 10.43, 30768, 1063, 0, 0
3515, 0, 857, 899, 883, 31, 37.52%, 0, 1, 3, 10.07, 30818, 1063, 0, 0
3520, 0, 857, 899, 883, 31, 37.52%, 0, 1, 3, 9.46, 30865, 1063, 0, 0
3525, 0, 857, 899, 883, 31, 37.52%, 0, 1, 3, 9.26, 30908, 1063, 0, 0
3530, 0, 857, 899, 883, 31, 37.52%, 0, 1, 3, 9.77, 30960, 1063, 0, 0
3536, 0, 857, 899, 883, 31, 37.52%, 0, 1, 3, 9.90, 31011, 1063, 0, 0
3541, 0, 857, 899, 883, 31, 37.52%, 0, 1, 3, 9.06, 31053, 1063, 0, 0
3546, 0, 857, 899, 883, 31, 37.52%, 0, 1, 3, 8.78, 31097, 1063, 0, 0
3551, 0, 857, 899, 883, 31, 37.52%, 0, 1, 3, 10.09, 31152, 1063, 0, 0
3556, 0, 857, 899, 883, 31, 37.52%, 0, 1, 3, 9.42, 31200, 1063, 0, 0
3562, 0, 857, 899, 883, 31, 37.52%, 0, 1, 3, 9.48, 31246, 1063, 0, 0
3567, 0, 857, 899, 883, 31, 37.52%, 0, 1, 3, 9.41, 31293, 1063, 0, 0
3572, 0, 857, 899, 883, 31, 37.52%, 0, 1, 3, 8.54, 31334, 1063, 0, 0
3577, 0, 865, 899, 882, 30, 37.52%, 0, 1, 3, 8.01, 31365, 1063, 0, 0
3583, 0, 865, 900, 883, 30, 37.52%, 0, 1, 3, 7.64, 31379, 1063, 0, 0
3589, 0, 865, 900, 883, 30, 37.52%, 0, 1, 3, 5.78, 31405, 1063, 0, 0
3594, 0, 865, 900, 883, 30, 37.52%, 0, 1, 3, 4.88, 31430, 1063, 0, 0
3600, 0, 865, 900, 883, 30, 37.52%, 0, 2, 3, 5.27, 31458, 1063, 0, 0
3608, 0, 865, 901, 884, 30, 37.52%, 0, 2, 3, 4.75, 31491, 1063, 0, 0
3613, 0, 865, 901, 884, 30, 37.52%, 0, 2, 3, 5.16, 31518, 1063, 0, 0
3618, 0, 865, 901, 884, 30, 37.52%, 0, 2, 3, 5.22, 31544, 1063, 0, 0
3623, 0, 865, 901, 884, 30, 37.52%, 0, 2, 3, 5.11, 31570, 1063, 0, 0
3628, 0, 865, 901, 884, 30, 37.52%, 0, 2, 3, 4.49, 31593, 1063, 0, 0
3634, 0, 865, 901, 884, 30, 37.52%, 0, 2, 3, 4.91, 31619, 1063, 0, 0
3639, 0, 865, 901, 884, 30, 37.52%, 0, 2, 3, 4.94, 31646, 1063, 0, 0
3644, 0, 865, 901, 884, 30, 37.52%, 0, 2, 3, 5.20, 31673, 1063, 0, 0
3649, 0, 865, 901, 884, 30, 37.52%, 0, 2, 3, 4.95, 31700, 1063, 0, 0
3654, 0, 865, 901, 884, 30, 37.52%, 0, 2, 3, 4.80, 31724, 1063, 0, 0
3659, 0, 865, 901, 884, 30, 37.52%, 0, 2, 3, 5.00, 31751, 1063, 0, 0
3664, 0, 865, 901, 884, 30, 37.52%, 0, 2, 3, 5.18, 31778, 1063, 0, 0
3669, 0, 865, 901, 884, 30, 37.52%, 0, 2, 3, 5.04, 31805, 1063, 0, 0
3675, 0, 865, 901, 884, 30, 37.52%, 0, 2, 3, 5.03, 31832, 1063, 0, 0
3680, 0, 865, 902, 885, 30, 37.52%, 0, 2, 3, 4.90, 31859, 1063, 0, 0
3685, 0, 865, 902, 885, 30, 37.52%, 0, 2, 3, 5.31, 31888, 1063, 0, 0
3690, 0, 865, 902, 885, 30, 37.52%, 0, 2, 3, 5.15, 31914, 1063, 0, 0
3695, 0, 865, 902, 885, 30, 37.52%, 0, 2, 3, 5.17, 31940, 1063, 0, 0
3701, 0, 865, 902, 885, 30, 37.52%, 0, 2, 3, 5.31, 31969, 1063, 0, 0
3706, 0, 865, 902, 885, 30, 37.52%, 0, 2, 3, 5.33, 31996, 1063, 0, 0
3711, 0, 865, 902, 885, 30, 37.52%, 0, 2, 3, 4.98, 32022, 1063, 0, 0
3716, 0, 865, 902, 885, 30, 37.52%, 0, 2, 3, 4.88, 32049, 1063, 0, 0
3721, 0, 865, 902, 885, 30, 37.52%, 0, 2, 3, 4.54, 32071, 1063, 0, 0
3726, 0, 865, 902, 885, 30, 37.52%, 0, 2, 3, 4.51, 32095, 1063, 0, 0
3731, 0, 865, 902, 885, 30, 37.52%, 0, 2, 3, 4.80, 32120, 1063, 0, 0
3736, 0, 865, 902, 885, 30, 37.52%, 0, 2, 3, 4.92, 32146, 1063, 0, 0
3741, 0, 865, 902, 885, 30, 37.52%, 0, 2, 3, 4.82, 32171, 1063, 0, 0
3747, 0, 865, 902, 885, 30, 37.52%, 0, 2, 3, 4.91, 32196, 1063, 0, 0
3752, 0, 865, 902, 885, 30, 37.52%, 0, 2, 3, 4.83, 32221, 1063, 0, 0
3757, 0, 865, 902, 885, 30, 37.52%, 0, 2, 3, 4.77, 32246, 1063, 0, 0
3762, 0, 865, 902, 885, 30, 37.52%, 0, 2, 3, 4.72, 32270, 1063, 0, 0
3767, 0, 865, 902, 885, 30, 37.52%, 0, 2, 3, 4.95, 32296, 1063, 0, 0
3772, 0, 865, 902, 885, 30, 37.52%, 0, 2, 3, 4.75, 32320, 1063, 0, 0
3777, 0, 865, 902, 885, 30, 37.52%, 0, 2, 3, 4.65, 32345, 1063, 0, 0
3782, 0, 865, 902, 885, 30, 37.52%, 0, 2, 3, 4.73, 32369, 1063, 0, 0
3787, 0, 865, 902, 885, 30, 37.52%, 0, 2, 3, 5.62, 32398, 1063, 0, 0
3793, 0, 865, 902, 885, 30, 37.52%, 0, 2, 3, 5.03, 32424, 1063, 0, 0
3798, 0, 865, 903, 886, 30, 37.52%, 0, 2, 3, 5.08, 32446, 1063, 0, 0
3804, 0, 865, 903, 886, 30, 37.52%, 0, 2, 3, 5.19, 32473, 1063, 0, 0
3809, 0, 865, 903, 886, 30, 37.52%, 0, 2, 3, 5.29, 32501, 1063, 0, 0
3814, 0, 865, 903, 886, 30, 37.52%, 0, 2, 3, 5.02, 32526, 1063, 0, 0
3819, 0, 865, 903, 886, 30, 37.52%, 0, 2, 3, 4.53, 32549, 1063, 0, 0
3824, 0, 865, 903, 886, 30, 37.52%, 0, 2, 3, 4.79, 32574, 1063, 0, 0
3829, 0, 865, 903, 886, 30, 37.52%, 0, 3, 3, 4.58, 32593, 1063, 0, 0
3835, 0, 865, 903, 886, 30, 37.52%, 0, 3, 3, 4.36, 32615, 1063, 0, 0
3840, 0, 865, 903, 886, 30, 37.52%, 0, 3, 3, 4.60, 32639, 1063, 0, 0
3845, 0, 865, 903, 886, 30, 37.52%, 0, 3, 3, 4.62, 32662, 1063, 0, 0
3850, 0, 865, 903, 886, 30, 37.52%, 0, 3, 3, 4.62, 32686, 1063, 0, 0
3856, 0, 865, 903, 886, 30, 37.52%, 0, 3, 3, 5.06, 32714, 1063, 0, 0
3860, 0, 865, 903, 886, 30, 37.52%, 0, 3, 3, 0.00, 32733, 1063, 0, 0
