# relative_time, cycles_done, cur_item, corpus_count, pending_total, pending_favs, map_size, saved_crashes, saved_hangs, max_depth, execs_per_sec, total_execs, edges_found, total_crashes, servers_count
60, 0, 0, 62, 62, 20, 13.31%, 0, 0, 2, 7.39, 740, 2023, 0, 0
65, 0, 0, 63, 63, 20, 13.31%, 0, 0, 2, 7.50, 779, 2023, 0, 0
71, 0, 0, 64, 64, 20, 13.31%, 0, 0, 2, 7.48, 828, 2024, 0, 0
76, 0, 0, 64, 64, 20, 13.31%, 0, 0, 2, 7.45, 866, 2024, 0, 0
82, 0, 0, 65, 65, 20, 13.32%, 0, 0, 2, 7.66, 905, 2025, 0, 0
87, 0, 0, 65, 65, 20, 13.32%, 0, 0, 2, 7.60, 943, 2025, 0, 0
92, 0, 0, 66, 66, 20, 13.32%, 0, 0, 2, 7.65, 981, 2025, 0, 0
97, 0, 0, 66, 66, 20, 13.32%, 0, 0, 2, 7.64, 1019, 2025, 0, 0
102, 0, 0, 68, 68, 20, 13.33%, 0, 0, 2, 7.62, 1059, 2027, 0, 0
107, 0, 0, 68, 68, 20, 13.33%, 0, 0, 2, 7.64, 1097, 2027, 0, 0
112, 0, 0, 68, 68, 20, 13.33%, 0, 0, 2, 7.72, 1137, 2027, 0, 0
117, 0, 0, 68, 68, 20, 13.33%, 0, 0, 2, 7.54, 1175, 2027, 0, 0
122, 0, 0, 68, 68, 20, 13.33%, 0, 0, 2, 7.49, 1213, 2027, 0, 0
127, 0, 0, 68, 68, 20, 13.33%, 0, 0, 2, 7.67, 1253, 2027, 0, 0
133, 0, 0, 68, 68, 20, 13.33%, 0, 0, 2, 7.69, 1293, 2027, 0, 0
138, 0, 0, 69, 69, 20, 13.33%, 0, 0, 2, 7.60, 1330, 2027, 0, 0
143, 0, 0, 69, 69, 20, 13.33%, 0, 0, 2, 7.58, 1368, 2027, 0, 0
149, 0, 0, 71, 71, 20, 13.35%, 0, 0, 2, 7.65, 1412, 2029, 0, 0
154, 0, 0, 72, 72, 20, 13.35%, 0, 0, 2, 7.62, 1456, 2030, 0, 0
160, 0, 0, 73, 73, 20, 13.35%, 0, 0, 2, 7.62, 1495, 2030, 0, 0
166, 0, 0, 75, 75, 20, 13.37%, 0, 0, 2, 7.67, 1547, 2032, 0, 0
171, 0, 0, 75, 75, 20, 13.37%, 0, 0, 2, 7.62, 1586, 2032, 0, 0
177, 0, 0, 75, 75, 20, 13.37%, 0, 0, 2, 7.52, 1624, 2032, 0, 0
182, 0, 0, 75, 75, 20, 13.37%, 0, 0, 2, 7.45, 1661, 2032, 0, 0
187, 0, 0, 76, 76, 20, 13.37%, 0, 0, 2, 7.33, 1692, 2032, 0, 0
192, 0, 0, 76, 76, 20, 13.37%, 0, 0, 2, 7.59, 1732, 2032, 0, 0
197, 0, 0, 76, 76, 20, 13.37%, 0, 0, 2, 7.52, 1770, 2032, 0, 0
202, 0, 0, 76, 76, 20, 13.37%, 0, 0, 2, 7.51, 1808, 2032, 0, 0
208, 0, 0, 76, 76, 20, 13.37%, 0, 0, 2, 7.63, 1848, 2032, 0, 0
213, 0, 0, 76, 76, 20, 13.37%, 0, 0, 2, 7.59, 1886, 2032, 0, 0
218, 0, 0, 77, 77, 20, 13.39%, 0, 0, 2, 7.44, 1925, 2035, 0, 0
223, 0, 0, 78, 78, 20, 13.39%, 0, 0, 2, 7.48, 1960, 2035, 0, 0
228, 0, 0, 78, 78, 20, 13.39%, 0, 0, 2, 7.72, 2000, 2035, 0, 0
233, 0, 0, 79, 79, 20, 13.39%, 0, 0, 2, 7.64, 2037, 2035, 0, 0
238, 0, 0, 79, 79, 20, 13.39%, 0, 0, 2, 7.50, 2075, 2035, 0, 0
243, 0, 0, 79, 79, 20, 13.39%, 0, 0, 2, 7.54, 2113, 2035, 0, 0
248, 0, 0, 79, 79, 20, 13.39%, 0, 0, 2, 7.42, 2151, 2035, 0, 0
254, 0, 0, 79, 79, 20, 13.39%, 0, 0, 2, 7.62, 2191, 2035, 0, 0
259, 0, 0, 79, 79, 20, 13.39%, 0, 0, 2, 7.50, 2229, 2035, 0, 0
264, 0, 0, 79, 79, 20, 13.39%, 0, 0, 2, 7.38, 2266, 2035, 0, 0
270, 0, 0, 80, 80, 20, 13.39%, 0, 0, 2, 7.49, 2310, 2036, 0, 0
275, 0, 0, 80, 80, 20, 13.39%, 0, 0, 2, 7.65, 2350, 2036, 0, 0
280, 0, 0, 80, 80, 20, 13.39%, 0, 0, 2, 7.60, 2388, 2036, 0, 0
285, 0, 0, 80, 80, 20, 13.39%, 0, 0, 2, 7.58, 2428, 2036, 0, 0
291, 0, 0, 81, 81, 20, 13.39%, 0, 0, 2, 7.52, 2468, 2036, 0, 0
296, 0, 0, 81, 81, 20, 13.39%, 0, 0, 2, 7.53, 2506, 2036, 0, 0
301, 0, 0, 81, 81, 20, 13.39%, 0, 0, 2, 7.65, 2544, 2036, 0, 0
306, 0, 0, 82, 82, 20, 13.39%, 0, 0, 2, 7.60, 2584, 2036, 0, 0
313, 0, 0, 84, 84, 20, 13.40%, 0, 0, 2, 7.55, 2635, 2037, 0, 0
318, 0, 0, 84, 84, 20, 13.40%, 0, 0, 2, 7.61, 2673, 2037, 0, 0
323, 0, 0, 84, 84, 20, 13.40%, 0, 0, 2, 7.50, 2711, 2037, 0, 0
328, 0, 0, 84, 84, 20, 13.40%, 0, 0, 2, 7.67, 2751, 2037, 0, 0
333, 0, 0, 85, 85, 20, 13.40%, 0, 0, 2, 7.60, 2790, 2037, 0, 0
338, 0, 0, 86, 86, 20, 13.40%, 0, 0, 2, 7.54, 2829, 2037, 0, 0
343, 0, 0, 86, 86, 20, 13.40%, 0, 0, 2, 7.39, 2867, 2037, 0, 0
349, 0, 0, 86, 86, 20, 13.40%, 0, 0, 2, 7.54, 2907, 2037, 0, 0
354, 0, 0, 86, 86, 20, 13.40%, 0, 0, 2, 7.34, 2945, 2037, 0, 0
359, 0, 0, 86, 86, 20, 13.40%, 0, 0, 2, 7.40, 2983, 2037, 0, 0
364, 0, 0, 86, 86, 20, 13.40%, 0, 0, 2, 7.48, 3021, 2037, 0, 0
369, 0, 0, 86, 86, 20, 13.40%, 0, 0, 2, 7.58, 3060, 2037, 0, 0
374, 0, 0, 86, 86, 20, 13.40%, 0, 0, 2, 7.55, 3098, 2037, 0, 0
380, 0, 0, 87, 87, 20, 13.41%, 0, 0, 2, 7.55, 3136, 2038, 0, 0
385, 0, 0, 87, 87, 20, 13.41%, 0, 0, 2, 7.70, 3176, 2038, 0, 0
390, 0, 0, 87, 87, 20, 13.41%, 0, 0, 2, 7.68, 3216, 2038, 0, 0
395, 0, 0, 87, 87, 20, 13.41%, 0, 0, 2, 7.80, 3256, 2038, 0, 0
400, 0, 0, 87, 87, 20, 13.41%, 0, 0, 2, 7.42, 3292, 2038, 0, 0
405, 0, 0, 87, 87, 20, 13.41%, 0, 0, 2, 7.49, 3330, 2038, 0, 0
410, 0, 0, 87, 87, 20, 13.41%, 0, 0, 2, 7.63, 3370, 2038, 0, 0
416, 0, 0, 87, 87, 20, 13.41%, 0, 0, 2, 7.47, 3408, 2038, 0, 0
421, 0, 0, 87, 87, 20, 13.41%, 0, 0, 2, 7.70, 3448, 2038, 0, 0
426, 0, 0, 87, 87, 20, 13.41%, 0, 0, 2, 7.62, 3486, 2038, 0, 0
431, 0, 0, 87, 87, 20, 13.41%, 0, 0, 2, 7.55, 3524, 2038, 0, 0
436, 0, 0, 87, 87, 20, 13.41%, 0, 0, 2, 7.66, 3564, 2038, 0, 0
441, 0, 0, 87, 87, 20, 13.41%, 0, 0, 2, 7.71, 3604, 2038, 0, 0
446, 0, 0, 87, 87, 20, 13.41%, 0, 0, 2, 7.76, 3644, 2038, 0, 0
451, 0, 0, 87, 87, 20, 13.41%, 0, 0, 2, 7.75, 3684, 2038, 0, 0
457, 0, 0, 87, 87, 20, 13.41%, 0, 0, 2, 7.56, 3722, 2038, 0, 0
462, 0, 0, 88, 88, 20, 13.41%, 0, 0, 2, 7.73, 3763, 2039, 0, 0
467, 0, 0, 88, 88, 20, 13.41%, 0, 0, 2, 7.63, 3801, 2039, 0, 0
472, 0, 0, 88, 88, 20, 13.41%, 0, 0, 2, 7.52, 3839, 2039, 0, 0
477, 0, 0, 88, 88, 20, 13.41%, 0, 0, 2, 7.65, 3879, 2039, 0, 0
482, 0, 0, 88, 88, 20, 13.41%, 0, 0, 2, 7.57, 3918, 2039, 0, 0
487, 0, 0, 88, 88, 20, 13.41%, 0, 0, 2, 7.56, 3957, 2039, 0, 0
493, 0, 0, 88, 88, 20, 13.41%, 0, 0, 2, 7.59, 3997, 2039, 0, 0
498, 0, 0, 88, 88, 20, 13.41%, 0, 0, 2, 7.47, 4035, 2039, 0, 0
503, 0, 0, 88, 88, 20, 13.41%, 0, 0, 2, 7.57, 4073, 2039, 0, 0
508, 0, 4, 90, 90, 43, 13.51%, 0, 0, 2, 7.70, 4114, 2054, 0, 0
514, 0, 4, 96, 96, 43, 13.64%, 0, 0, 2, 7.81, 4162, 2074, 0, 0
520, 0, 4, 100, 100, 43, 13.67%, 0, 0, 2, 7.87, 4209, 2078, 0, 0
526, 0, 4, 105, 105, 43, 13.72%, 0, 0, 2, 7.92, 4255, 2085, 0, 0
531, 0, 4, 109, 109, 43, 13.74%, 0, 0, 2, 7.95, 4300, 2088, 0, 0
536, 0, 4, 114, 114, 43, 13.80%, 0, 0, 2, 7.94, 4340, 2097, 0, 0
542, 0, 4, 119, 119, 43, 13.84%, 0, 0, 2, 7.97, 4382, 2104, 0, 0
547, 0, 4, 123, 123, 43, 13.86%, 0, 0, 2, 7.76, 4423, 2107, 0, 0
552, 0, 4, 128, 128, 43, 13.97%, 0, 0, 2, 7.83, 4464, 2124, 0, 0
557, 0, 4, 133, 133, 43, 14.01%, 0, 0, 2, 7.89, 4506, 2129, 0, 0
563, 0, 4, 137, 137, 43, 14.03%, 0, 0, 2, 7.93, 4551, 2132, 0, 0
568, 0, 4, 141, 141, 43, 14.06%, 0, 0, 2, 7.96, 4594, 2137, 0, 0
574, 0, 4, 146, 146, 43, 14.14%, 0, 0, 2, 8.00, 4640, 2149, 0, 0
579, 0, 4, 150, 150, 43, 14.16%, 0, 0, 2, 8.00, 4682, 2152, 0, 0
585, 0, 4, 154, 154, 43, 14.19%, 0, 0, 2, 8.00, 4728, 2157, 0, 0
590, 0, 4, 157, 157, 43, 14.20%, 0, 0, 2, 8.00, 4770, 2159, 0, 0
596, 0, 4, 162, 162, 43, 14.22%, 0, 0, 2, 8.01, 4815, 2162, 0, 0
602, 0, 4, 166, 166, 43, 14.24%, 0, 0, 2, 7.96, 4865, 2165, 0, 0
607, 0, 4, 170, 170, 43, 14.27%, 0, 0, 2, 7.97, 4906, 2169, 0, 0
613, 0, 4, 175, 175, 43, 14.33%, 0, 0, 2, 7.99, 4953, 2179, 0, 0
618, 0, 4, 178, 178, 43, 14.37%, 0, 0, 2, 7.97, 4995, 2185, 0, 0
623, 0, 4, 181, 181, 43, 14.39%, 0, 0, 2, 7.95, 5035, 2188, 0, 0
629, 0, 4, 184, 184, 43, 14.40%, 0, 0, 2, 7.94, 5080, 2189, 0, 0
634, 0, 4, 188, 188, 43, 14.43%, 0, 0, 2, 7.95, 5124, 2193, 0, 0
639, 0, 4, 191, 191, 43, 14.44%, 0, 0, 2, 7.98, 5165, 2195, 0, 0
645, 0, 4, 195, 195, 43, 14.46%, 0, 0, 2, 8.01, 5212, 2198, 0, 0
650, 0, 4, 198, 198, 43, 14.49%, 0, 0, 2, 8.00, 5254, 2203, 0, 0
656, 0, 4, 202, 202, 43, 14.55%, 0, 0, 2, 7.98, 5296, 2211, 0, 0
661, 0, 4, 206, 206, 43, 14.65%, 0, 0, 2, 7.99, 5339, 2227, 0, 0
667, 0, 4, 210, 210, 43, 14.66%, 0, 0, 2, 7.98, 5391, 2229, 0, 0
673, 0, 4, 213, 213, 43, 14.67%, 0, 0, 2, 7.99, 5436, 2230, 0, 0
678, 0, 4, 217, 217, 43, 14.71%, 0, 0, 2, 8.01, 5477, 2236, 0, 0
683, 0, 4, 220, 220, 43, 14.73%, 0, 0, 2, 7.98, 5518, 2239, 0, 0
688, 0, 4, 222, 222, 43, 14.73%, 0, 0, 2, 7.92, 5559, 2239, 0, 0
694, 0, 4, 226, 226, 43, 14.75%, 0, 0, 2, 7.96, 5606, 2242, 0, 0
700, 0, 4, 230, 230, 43, 14.77%, 0, 0, 2, 7.97, 5654, 2245, 0, 0
705, 0, 4, 234, 234, 43, 14.79%, 0, 0, 2, 7.98, 5696, 2248, 0, 0
711, 0, 4, 237, 237, 43, 14.82%, 0, 0, 2, 7.92, 5737, 2253, 0, 0
716, 0, 4, 240, 240, 43, 14.84%, 0, 0, 2, 7.97, 5779, 2256, 0, 0
722, 0, 4, 244, 244, 43, 14.85%, 0, 0, 2, 8.01, 5827, 2257, 0, 0
727, 0, 4, 248, 248, 43, 14.87%, 0, 0, 2, 8.01, 5869, 2260, 0, 0
732, 0, 4, 251, 251, 43, 14.88%, 0, 0, 2, 8.00, 5911, 2262, 0, 0
737, 0, 4, 253, 253, 43, 14.89%, 0, 0, 2, 7.98, 5951, 2263, 0, 0
743, 0, 4, 256, 256, 43, 14.89%, 0, 0, 2, 7.98, 5996, 2264, 0, 0
749, 0, 4, 259, 259, 43, 14.90%, 0, 0, 2, 8.00, 6042, 2265, 0, 0
755, 0, 4, 261, 261, 43, 14.91%, 0, 0, 2, 7.95, 6089, 2267, 0, 0
760, 0, 4, 264, 264, 43, 14.92%, 0, 0, 2, 7.99, 6132, 2268, 0, 0
765, 0, 4, 267, 267, 43, 14.92%, 0, 0, 2, 7.96, 6172, 2268, 0, 0
770, 0, 4, 269, 269, 43, 14.93%, 0, 0, 2, 7.99, 6214, 2269, 0, 0
777, 0, 4, 271, 271, 43, 14.93%, 0, 0, 2, 7.97, 6266, 2269, 0, 0
782, 0, 4, 273, 273, 43, 14.93%, 0, 0, 2, 7.75, 6301, 2269, 0, 0
787, 0, 4, 274, 274, 43, 14.93%, 0, 0, 2, 7.88, 6342, 2270, 0, 0
792, 0, 4, 276, 276, 43, 14.95%, 0, 0, 2, 7.89, 6383, 2272, 0, 0
798, 0, 4, 279, 279, 43, 14.96%, 0, 0, 2, 7.95, 6424, 2274, 0, 0
803, 0, 4, 281, 281, 43, 14.98%, 0, 0, 2, 7.91, 6469, 2277, 0, 0
808, 0, 4, 283, 283, 43, 15.01%, 0, 0, 2, 7.93, 6511, 2281, 0, 0
814, 0, 4, 285, 285, 43, 15.01%, 0, 0, 2, 7.74, 6551, 2282, 0, 0
819, 0, 4, 287, 287, 43, 15.03%, 0, 0, 2, 7.88, 6592, 2285, 0, 0
824, 0, 4, 289, 289, 43, 15.03%, 0, 0, 2, 7.97, 6633, 2285, 0, 0
829, 0, 4, 291, 291, 43, 15.06%, 0, 0, 2, 7.98, 6673, 2289, 0, 0
834, 0, 4, 293, 293, 43, 15.06%, 0, 0, 2, 7.96, 6714, 2290, 0, 0
839, 0, 4, 296, 296, 43, 15.07%, 0, 0, 2, 7.96, 6756, 2291, 0, 0
844, 0, 4, 298, 298, 43, 15.09%, 0, 0, 2, 7.97, 6797, 2294, 0, 0
849, 0, 4, 301, 301, 43, 15.10%, 0, 0, 2, 7.95, 6837, 2296, 0, 0
854, 0, 4, 302, 302, 43, 15.10%, 0, 0, 2, 7.97, 6877, 2296, 0, 0
860, 0, 4, 305, 305, 43, 15.13%, 0, 0, 2, 7.96, 6923, 2300, 0, 0
865, 0, 4, 306, 306, 43, 15.14%, 0, 0, 2, 7.95, 6964, 2301, 0, 0
870, 0, 4, 308, 308, 43, 15.14%, 0, 0, 2, 7.94, 7004, 2301, 0, 0
876, 0, 4, 311, 311, 43, 15.16%, 0, 0, 2, 7.96, 7046, 2304, 0, 0
881, 0, 4, 312, 312, 43, 15.16%, 0, 0, 2, 7.97, 7087, 2305, 0, 0
886, 0, 4, 315, 315, 43, 15.17%, 0, 0, 2, 7.85, 7131, 2306, 0, 0
892, 0, 4, 317, 317, 43, 15.20%, 0, 0, 2, 7.88, 7172, 2310, 0, 0
897, 0, 4, 318, 318, 43, 15.20%, 0, 0, 2, 7.93, 7213, 2310, 0, 0
902, 0, 4, 320, 320, 43, 15.20%, 0, 0, 2, 7.91, 7254, 2311, 0, 0
907, 0, 4, 321, 321, 43, 15.20%, 0, 0, 2, 7.94, 7295, 2311, 0, 0
912, 0, 4, 322, 322, 43, 15.24%, 0, 0, 2, 7.95, 7335, 2316, 0, 0
917, 0, 4, 323, 323, 43, 15.25%, 0, 0, 2, 7.96, 7375, 2318, 0, 0
922, 0, 4, 323, 323, 43, 15.25%, 0, 0, 2, 7.95, 7415, 2318, 0, 0
927, 0, 4, 325, 325, 43, 15.25%, 0, 0, 2, 7.93, 7455, 2318, 0, 0
932, 0, 4, 326, 326, 43, 15.25%, 0, 0, 2, 7.94, 7496, 2318, 0, 0
937, 0, 4, 326, 326, 43, 15.25%, 0, 0, 2, 7.94, 7536, 2318, 0, 0
942, 0, 4, 327, 327, 43, 15.26%, 0, 0, 2, 7.94, 7577, 2319, 0, 0
948, 0, 4, 328, 328, 43, 15.26%, 0, 0, 2, 7.93, 7618, 2319, 0, 0
953, 0, 4, 330, 330, 43, 15.26%, 0, 0, 2, 8.01, 7663, 2319, 0, 0
959, 0, 4, 332, 332, 43, 15.28%, 0, 0, 2, 7.97, 7709, 2322, 0, 0
964, 0, 4, 334, 334, 43, 15.30%, 0, 0, 2, 7.64, 7746, 2326, 0, 0
969, 0, 4, 335, 335, 43, 15.31%, 0, 0, 2, 7.84, 7786, 2328, 0, 0
974, 0, 4, 336, 336, 43, 15.32%, 0, 0, 2, 7.94, 7827, 2329, 0, 0
979, 0, 4, 337, 337, 43, 15.35%, 0, 0, 2, 7.94, 7867, 2333, 0, 0
985, 0, 4, 338, 338, 43, 15.35%, 0, 0, 2, 8.01, 7909, 2333, 0, 0
990, 0, 4, 340, 340, 43, 15.36%, 0, 0, 2, 8.03, 7951, 2335, 0, 0
995, 0, 4, 342, 342, 43, 15.36%, 0, 0, 2, 7.99, 7991, 2335, 0, 0
1000, 0, 4, 343, 343, 43, 15.37%, 0, 0, 2, 7.95, 8031, 2336, 0, 0
1005, 0, 4, 343, 343, 43, 15.37%, 0, 0, 2, 7.93, 8071, 2336, 0, 0
1010, 0, 4, 345, 345, 43, 15.38%, 0, 0, 2, 7.96, 8115, 2338, 0, 0
1016, 0, 4, 347, 347, 43, 15.39%, 0, 0, 2, 7.92, 8156, 2339, 0, 0
1021, 0, 4, 349, 349, 43, 15.39%, 0, 0, 2, 7.95, 8202, 2340, 0, 0
1027, 0, 4, 351, 351, 43, 15.39%, 0, 0, 2, 7.99, 8246, 2340, 0, 0
1032, 0, 4, 352, 352, 43, 15.39%, 0, 0, 2, 7.90, 8286, 2340, 0, 0
1037, 0, 4, 353, 353, 43, 15.39%, 0, 0, 2, 7.94, 8327, 2340, 0, 0
1042, 0, 4, 354, 354, 43, 15.39%, 0, 0, 2, 7.97, 8367, 2340, 0, 0
1047, 0, 4, 354, 354, 43, 15.39%, 0, 0, 2, 7.92, 8407, 2340, 0, 0
1052, 0, 4, 356, 356, 43, 15.51%, 0, 0, 2, 7.95, 8449, 2358, 0, 0
1058, 0, 4, 357, 357, 43, 15.55%, 0, 0, 2, 7.99, 8490, 2363, 0, 0
1063, 0, 4, 359, 359, 43, 15.57%, 0, 0, 2, 8.03, 8531, 2367, 0, 0
1068, 0, 4, 360, 360, 43, 15.58%, 0, 0, 2, 8.00, 8571, 2368, 0, 0
1073, 0, 4, 361, 361, 43, 15.58%, 0, 0, 2, 7.97, 8612, 2369, 0, 0
1078, 0, 4, 362, 362, 43, 15.62%, 0, 0, 2, 7.96, 8652, 2375, 0, 0
1083, 0, 4, 362, 362, 43, 15.62%, 0, 0, 2, 7.90, 8692, 2375, 0, 0
1088, 0, 4, 363, 363, 43, 15.62%, 0, 0, 2, 7.97, 8733, 2375, 0, 0
1093, 0, 4, 365, 365, 43, 15.64%, 0, 0, 2, 7.70, 8774, 2377, 0, 0
1099, 0, 4, 368, 368, 43, 15.64%, 0, 0, 2, 7.86, 8818, 2378, 0, 0
1104, 0, 4, 369, 369, 43, 15.65%, 0, 0, 2, 7.87, 8859, 2379, 0, 0
1109, 0, 4, 370, 370, 43, 15.65%, 0, 0, 2, 7.90, 8900, 2379, 0, 0
1114, 0, 4, 371, 371, 43, 15.66%, 0, 0, 2, 7.94, 8940, 2380, 0, 0
1119, 0, 4, 372, 372, 43, 15.66%, 0, 0, 2, 7.95, 8981, 2380, 0, 0
1124, 0, 4, 372, 372, 43, 15.66%, 0, 0, 2, 7.94, 9021, 2380, 0, 0
1129, 0, 4, 372, 372, 43, 15.66%, 0, 0, 2, 7.98, 9061, 2380, 0, 0
1134, 0, 4, 372, 372, 43, 15.66%, 0, 0, 2, 7.93, 9101, 2380, 0, 0
1139, 0, 4, 372, 372, 43, 15.66%, 0, 0, 2, 7.91, 9141, 2380, 0, 0
1145, 0, 4, 373, 373, 43, 15.66%, 0, 0, 2, 7.97, 9183, 2381, 0, 0
1150, 0, 4, 373, 373, 43, 15.66%, 0, 0, 2, 7.95, 9223, 2381, 0, 0
1155, 0, 4, 374, 374, 43, 15.66%, 0, 0, 2, 7.96, 9264, 2381, 0, 0
1161, 0, 4, 375, 375, 43, 15.67%, 0, 0, 2, 7.73, 9312, 2382, 0, 0
1166, 0, 4, 376, 376, 43, 15.68%, 0, 0, 2, 7.85, 9352, 2383, 0, 0
1171, 0, 4, 376, 376, 43, 15.68%, 0, 0, 2, 7.83, 9391, 2383, 0, 0
1176, 0, 4, 376, 376, 43, 15.68%, 0, 0, 2, 7.92, 9431, 2383, 0, 0
1181, 0, 4, 377, 377, 43, 15.68%, 0, 0, 2, 7.93, 9471, 2383, 0, 0
1186, 0, 4, 378, 378, 43, 15.68%, 0, 0, 2, 7.97, 9511, 2384, 0, 0
1192, 0, 4, 380, 380, 43, 15.68%, 0, 0, 2, 7.96, 9554, 2384, 0, 0
1197, 0, 4, 380, 380, 43, 15.68%, 0, 0, 2, 7.98, 9594, 2384, 0, 0
1202, 0, 4, 381, 381, 43, 15.68%, 0, 0, 2, 7.95, 9635, 2384, 0, 0
1207, 0, 4, 383, 383, 43, 15.69%, 0, 0, 2, 7.96, 9676, 2385, 0, 0
1212, 0, 5, 384, 384, 43, 15.69%, 0, 0, 2, 7.88, 9717, 2385, 0, 0
1217, 0, 5, 386, 386, 43, 15.70%, 0, 0, 2, 7.72, 9757, 2387, 0, 0
1223, 0, 5, 388, 388, 43, 15.78%, 0, 0, 2, 7.39, 9790, 2398, 0, 0
1229, 0, 5, 392, 392, 43, 15.78%, 0, 0, 2, 7.30, 9828, 2399, 0, 0
1234, 0, 5, 393, 393, 43, 15.78%, 0, 0, 2, 7.59, 9867, 2399, 0, 0
1239, 0, 5, 394, 394, 43, 15.78%, 0, 0, 2, 7.90, 9908, 2399, 0, 0
1244, 0, 5, 396, 396, 43, 15.78%, 0, 0, 2, 7.98, 9950, 2399, 0, 0
1249, 0, 5, 399, 399, 43, 15.81%, 0, 0, 2, 8.01, 9993, 2404, 0, 0
1254, 0, 5, 403, 403, 43, 15.85%, 0, 0, 2, 8.02, 10035, 2409, 0, 0
1260, 0, 5, 407, 407, 43, 15.87%, 0, 0, 2, 8.04, 10082, 2412, 0, 0
1265, 0, 5, 409, 409, 43, 15.88%, 0, 0, 2, 8.04, 10123, 2414, 0, 0
1270, 0, 5, 412, 412, 43, 15.91%, 0, 0, 2, 8.05, 10164, 2418, 0, 0
1276, 0, 5, 415, 415, 43, 15.91%, 0, 0, 2, 8.05, 10212, 2419, 0, 0
1283, 0, 5, 418, 418, 43, 16.03%, 0, 0, 2, 7.80, 10251, 2437, 0, 0
1288, 0, 5, 422, 422, 43, 16.06%, 0, 0, 2, 7.76, 10289, 2442, 0, 0
1294, 0, 5, 428, 428, 43, 16.14%, 0, 0, 2, 7.86, 10337, 2453, 0, 0
1300, 0, 5, 434, 434, 43, 16.30%, 0, 0, 2, 7.93, 10385, 2478, 0, 0
1305, 0, 7, 436, 436, 216, 16.34%, 0, 0, 2, 7.55, 10413, 2484, 0, 0
1311, 0, 7, 437, 437, 216, 16.34%, 0, 2, 2, 6.57, 10431, 2484, 0, 0
1316, 0, 7, 439, 439, 216, 16.34%, 0, 2, 2, 6.51, 10460, 2484, 0, 0
1322, 0, 7, 442, 442, 216, 16.35%, 0, 2, 2, 6.52, 10498, 2485, 0, 0
1328, 0, 7, 443, 443, 216, 16.35%, 0, 2, 2, 5.59, 10520, 2486, 0, 0
1334, 0, 7, 445, 445, 216, 16.35%, 0, 2, 2, 5.64, 10551, 2486, 0, 0
1340, 0, 7, 447, 447, 216, 16.39%, 0, 2, 2, 5.44, 10576, 2491, 0, 0
1346, 0, 7, 449, 449, 216, 16.39%, 0, 2, 2, 5.33, 10606, 2492, 0, 0
1352, 0, 7, 451, 451, 216, 16.40%, 0, 2, 2, 5.18, 10636, 2493, 0, 0
1359, 0, 7, 453, 453, 216, 16.41%, 0, 2, 2, 5.02, 10662, 2494, 0, 0
1364, 0, 7, 455, 455, 216, 16.41%, 0, 2, 2, 5.03, 10685, 2494, 0, 0
1371, 0, 7, 457, 457, 216, 16.41%, 0, 2, 2, 4.83, 10712, 2494, 0, 0
1376, 0, 7, 459, 459, 216, 16.41%, 0, 2, 2, 4.65, 10728, 2494, 0, 0
1382, 0, 7, 461, 461, 216, 16.44%, 0, 2, 2, 4.52, 10751, 2499, 0, 0
1391, 0, 7, 462, 462, 216, 16.44%, 0, 2, 2, 4.50, 10783, 2499, 0, 0
1398, 0, 7, 463, 463, 216, 16.44%, 0, 2, 2, 5.05, 10810, 2499, 0, 0
1404, 0, 7, 464, 464, 216, 16.44%, 0, 3, 2, 4.68, 10831, 2499, 0, 0
1409, 0, 7, 465, 465, 216, 16.44%, 0, 3, 2, 5.36, 10864, 2499, 0, 0
1415, 0, 7, 467, 467, 216, 16.49%, 0, 3, 2, 5.21, 10890, 2506, 0, 0
1424, 0, 7, 468, 468, 216, 16.49%, 0, 3, 2, 5.17, 10922, 2506, 0, 0
1429, 0, 7, 468, 468, 216, 16.49%, 0, 4, 2, 4.71, 10942, 2506, 0, 0
1435, 0, 7, 468, 468, 216, 16.49%, 0, 4, 2, 4.98, 10966, 2506, 0, 0
1441, 0, 7, 470, 470, 216, 16.50%, 0, 4, 2, 5.13, 11001, 2508, 0, 0
1446, 0, 7, 471, 471, 216, 16.50%, 0, 4, 2, 4.95, 11023, 2508, 0, 0
1452, 0, 7, 471, 471, 216, 16.50%, 0, 4, 2, 4.90, 11044, 2508, 0, 0
1457, 0, 7, 472, 472, 216, 16.50%, 0, 4, 2, 5.41, 11068, 2508, 0, 0
1463, 0, 7, 474, 474, 216, 16.52%, 0, 4, 2, 5.52, 11098, 2511, 0, 0
1469, 0, 7, 475, 475, 216, 16.52%, 0, 4, 2, 5.48, 11123, 2511, 0, 0
1474, 0, 7, 475, 475, 216, 16.52%, 0, 4, 2, 5.20, 11147, 2511, 0, 0
1482, 0, 7, 476, 476, 216, 16.52%, 0, 4, 2, 4.65, 11173, 2511, 0, 0
1487, 0, 7, 477, 477, 216, 16.52%, 0, 4, 2, 5.64, 11203, 2511, 0, 0
1494, 0, 7, 478, 478, 216, 16.52%, 0, 4, 2, 5.30, 11231, 2511, 0, 0
1502, 0, 7, 479, 479, 216, 16.52%, 0, 4, 2, 5.12, 11261, 2511, 0, 0
1507, 0, 7, 479, 479, 216, 16.52%, 0, 4, 2, 5.34, 11289, 2511, 0, 0
1514, 0, 7, 480, 480, 216, 16.52%, 0, 5, 2, 5.46, 11318, 2511, 0, 0
1523, 0, 7, 481, 481, 216, 16.52%, 0, 5, 2, 5.84, 11356, 2511, 0, 0
1528, 0, 7, 481, 481, 216, 16.52%, 0, 5, 2, 5.25, 11375, 2511, 0, 0
1534, 0, 7, 482, 482, 216, 16.52%, 0, 5, 2, 4.83, 11394, 2511, 0, 0
1540, 0, 7, 482, 482, 216, 16.52%, 0, 5, 2, 5.10, 11419, 2511, 0, 0
1546, 0, 7, 483, 483, 216, 16.52%, 0, 5, 2, 4.92, 11441, 2511, 0, 0
1552, 0, 7, 484, 484, 216, 16.52%, 0, 5, 2, 5.29, 11470, 2511, 0, 0
1557, 0, 7, 484, 484, 216, 16.52%, 0, 5, 2, 5.58, 11495, 2511, 0, 0
1562, 0, 7, 484, 484, 216, 16.52%, 0, 5, 2, 5.71, 11521, 2511, 0, 0
1567, 0, 7, 484, 484, 216, 16.52%, 0, 5, 2, 5.77, 11548, 2511, 0, 0
1573, 0, 7, 484, 484, 216, 16.52%, 0, 5, 2, 5.34, 11574, 2511, 0, 0
1578, 0, 7, 484, 484, 216, 16.52%, 0, 5, 2, 4.80, 11593, 2511, 0, 0
1583, 0, 7, 485, 485, 216, 16.52%, 0, 5, 2, 4.72, 11615, 2511, 0, 0
1590, 0, 7, 487, 487, 216, 16.52%, 0, 5, 2, 4.43, 11637, 2511, 0, 0
1595, 0, 7, 487, 487, 216, 16.52%, 0, 5, 2, 4.88, 11660, 2511, 0, 0
1600, 0, 7, 487, 487, 216, 16.52%, 0, 5, 2, 5.16, 11686, 2511, 0, 0
1606, 0, 7, 488, 488, 216, 16.52%, 0, 5, 2, 4.83, 11710, 2511, 0, 0
1611, 0, 7, 488, 488, 216, 16.52%, 0, 5, 2, 5.17, 11733, 2511, 0, 0
1616, 0, 7, 489, 489, 216, 16.52%, 0, 5, 2, 4.61, 11755, 2511, 0, 0
1621, 0, 7, 490, 490, 216, 16.52%, 0, 5, 2, 4.56, 11773, 2511, 0, 0
1627, 0, 7, 490, 490, 216, 16.52%, 0, 5, 2, 4.97, 11799, 2511, 0, 0
1632, 0, 7, 491, 491, 216, 16.52%, 0, 5, 2, 5.64, 11832, 2511, 0, 0
1637, 0, 7, 491, 491, 216, 16.52%, 0, 5, 2, 5.48, 11857, 2511, 0, 0
1643, 0, 7, 491, 491, 216, 16.52%, 0, 5, 2, 5.03, 11881, 2511, 0, 0
1651, 0, 7, 492, 492, 216, 16.52%, 0, 5, 2, 5.08, 11919, 2511, 0, 0
1657, 0, 7, 492, 492, 216, 16.52%, 0, 5, 2, 5.36, 11944, 2511, 0, 0
1664, 0, 7, 494, 494, 216, 16.52%, 0, 5, 2, 5.03, 11977, 2511, 0, 0
1669, 0, 7, 494, 494, 216, 16.52%, 0, 5, 2, 5.36, 12004, 2511, 0, 0
1674, 0, 7, 494, 494, 216, 16.52%, 0, 5, 2, 5.11, 12029, 2511, 0, 0
1680, 0, 7, 494, 494, 216, 16.52%, 0, 5, 2, 5.32, 12055, 2511, 0, 0
1685, 0, 7, 494, 494, 216, 16.52%, 0, 5, 2, 5.33, 12078, 2511, 0, 0
1690, 0, 7, 494, 494, 216, 16.52%, 0, 5, 2, 5.10, 12103, 2511, 0, 0
1695, 0, 7, 495, 495, 216, 16.52%, 0, 5, 2, 5.81, 12136, 2511, 0, 0
1701, 0, 7, 496, 496, 216, 16.52%, 0, 5, 2, 5.28, 12157, 2511, 0, 0
1706, 0, 7, 497, 497, 216, 16.52%, 0, 5, 2, 5.94, 12190, 2511, 0, 0
1711, 0, 7, 497, 497, 216, 16.52%, 0, 5, 2, 5.43, 12213, 2511, 0, 0
1716, 0, 7, 497, 497, 216, 16.52%, 0, 5, 2, 5.17, 12235, 2511, 0, 0
1722, 0, 7, 498, 498, 216, 16.52%, 0, 5, 2, 5.63, 12265, 2511, 0, 0
1727, 0, 7, 498, 498, 216, 16.52%, 0, 5, 2, 5.40, 12288, 2511, 0, 0
1733, 0, 7, 498, 498, 216, 16.52%, 0, 5, 2, 5.08, 12313, 2511, 0, 0
1738, 0, 7, 498, 498, 216, 16.52%, 0, 5, 2, 5.77, 12343, 2511, 0, 0
1743, 0, 7, 499, 499, 216, 16.53%, 0, 6, 2, 5.30, 12364, 2512, 0, 0
1748, 0, 7, 499, 499, 216, 16.53%, 0, 6, 2, 4.82, 12386, 2512, 0, 0
1753, 0, 7, 499, 499, 216, 16.53%, 0, 6, 2, 4.77, 12406, 2512, 0, 0
1759, 0, 7, 500, 500, 216, 16.53%, 0, 6, 2, 4.44, 12424, 2512, 0, 0
1764, 0, 7, 500, 500, 216, 16.53%, 0, 6, 2, 4.80, 12448, 2512, 0, 0
1769, 0, 7, 500, 500, 216, 16.53%, 0, 6, 2, 4.52, 12467, 2512, 0, 0
1775, 0, 7, 500, 500, 216, 16.53%, 0, 6, 2, 4.35, 12488, 2512, 0, 0
1780, 0, 7, 500, 500, 216, 16.53%, 0, 6, 2, 5.56, 12518, 2512, 0, 0
1788, 0, 7, 501, 501, 216, 16.53%, 0, 6, 2, 5.67, 12551, 2512, 0, 0
1793, 0, 7, 501, 501, 216, 16.53%, 0, 6, 2, 5.69, 12578, 2512, 0, 0
1798, 0, 7, 503, 503, 216, 16.53%, 0, 6, 2, 5.19, 12604, 2512, 0, 0
1803, 0, 7, 503, 503, 216, 16.53%, 0, 6, 2, 4.76, 12623, 2512, 0, 0
1808, 0, 7, 504, 504, 216, 16.53%, 0, 6, 2, 4.93, 12652, 2513, 0, 0
1814, 0, 7, 505, 505, 216, 16.53%, 0, 6, 2, 5.24, 12676, 2513, 0, 0
1819, 0, 7, 506, 506, 216, 16.53%, 0, 6, 2, 5.24, 12697, 2513, 0, 0
1824, 0, 7, 506, 506, 216, 16.53%, 0, 6, 2, 5.20, 12719, 2513, 0, 0
1829, 0, 7, 506, 506, 216, 16.53%, 0, 6, 2, 5.23, 12744, 2513, 0, 0
1835, 0, 7, 506, 506, 216, 16.53%, 0, 6, 2, 4.58, 12764, 2513, 0, 0
1840, 0, 7, 506, 506, 216, 16.53%, 0, 6, 2, 3.99, 12779, 2513, 0, 0
1845, 0, 7, 506, 506, 216, 16.53%, 0, 6, 2, 4.90, 12803, 2513, 0, 0
1850, 0, 7, 506, 506, 216, 16.53%, 0, 6, 2, 5.14, 12825, 2513, 0, 0
1856, 0, 7, 506, 506, 216, 16.53%, 0, 6, 2, 5.10, 12851, 2513, 0, 0
1861, 0, 7, 507, 507, 216, 16.53%, 0, 6, 2, 5.80, 12880, 2513, 0, 0
1866, 0, 7, 508, 508, 216, 16.53%, 0, 6, 2, 5.68, 12903, 2513, 0, 0
1872, 0, 7, 510, 510, 216, 16.54%, 0, 6, 2, 5.66, 12940, 2514, 0, 0
1877, 0, 7, 510, 510, 216, 16.54%, 0, 6, 2, 5.29, 12963, 2514, 0, 0
1882, 0, 7, 510, 510, 216, 16.54%, 0, 6, 2, 4.93, 12984, 2514, 0, 0
1887, 0, 7, 510, 510, 216, 16.54%, 0, 6, 2, 5.31, 13010, 2514, 0, 0
1893, 0, 7, 510, 510, 216, 16.54%, 0, 6, 2, 5.17, 13034, 2514, 0, 0
1898, 0, 7, 510, 510, 216, 16.54%, 0, 6, 2, 5.17, 13059, 2514, 0, 0
1903, 0, 7, 510, 510, 216, 16.54%, 0, 6, 2, 5.09, 13081, 2514, 0, 0
1908, 0, 7, 511, 511, 216, 16.54%, 0, 6, 2, 4.55, 13102, 2514, 0, 0
1914, 0, 7, 512, 512, 216, 16.54%, 0, 6, 2, 4.94, 13129, 2515, 0, 0
1919, 0, 7, 512, 512, 216, 16.54%, 0, 6, 2, 4.70, 13151, 2515, 0, 0
1924, 0, 7, 512, 512, 216, 16.54%, 0, 6, 2, 4.61, 13174, 2515, 0, 0
1930, 0, 7, 512, 512, 216, 16.54%, 0, 6, 2, 4.86, 13199, 2515, 0, 0
1935, 0, 7, 512, 512, 216, 16.54%, 0, 6, 2, 4.83, 13221, 2515, 0, 0
1940, 0, 7, 513, 513, 216, 16.55%, 0, 6, 2, 5.00, 13251, 2516, 0, 0
1946, 0, 7, 514, 514, 216, 16.58%, 0, 6, 2, 5.05, 13270, 2520, 0, 0
1951, 0, 7, 516, 516, 216, 16.58%, 0, 6, 2, 4.80, 13292, 2520, 0, 0
1956, 0, 7, 516, 516, 216, 16.58%, 0, 6, 2, 4.89, 13314, 2520, 0, 0
1961, 0, 7, 516, 516, 216, 16.58%, 0, 6, 2, 5.62, 13341, 2520, 0, 0
1967, 0, 7, 516, 516, 216, 16.58%, 0, 6, 2, 5.70, 13368, 2520, 0, 0
1974, 0, 7, 517, 517, 216, 16.58%, 0, 6, 2, 5.02, 13395, 2520, 0, 0
1979, 0, 7, 517, 517, 216, 16.58%, 0, 6, 2, 4.86, 13417, 2520, 0, 0
1984, 0, 7, 518, 518, 216, 16.58%, 0, 6, 2, 4.64, 13442, 2520, 0, 0
1989, 0, 7, 519, 519, 216, 16.58%, 0, 6, 2, 5.22, 13474, 2520, 0, 0
1994, 0, 7, 519, 519, 216, 16.58%, 0, 6, 2, 5.61, 13502, 2520, 0, 0
2000, 0, 7, 519, 519, 216, 16.58%, 0, 6, 2, 5.05, 13526, 2520, 0, 0
2005, 0, 7, 519, 519, 216, 16.58%, 0, 6, 2, 4.89, 13547, 2520, 0, 0
2010, 0, 7, 519, 519, 216, 16.58%, 0, 6, 2, 5.67, 13577, 2520, 0, 0
2015, 0, 7, 519, 519, 216, 16.58%, 0, 6, 2, 5.40, 13601, 2520, 0, 0
2021, 0, 7, 519, 519, 216, 16.58%, 0, 6, 2, 5.83, 13627, 2520, 0, 0
2026, 0, 7, 520, 520, 216, 16.58%, 0, 6, 2, 5.58, 13655, 2520, 0, 0
2031, 0, 7, 522, 522, 216, 16.58%, 0, 6, 2, 6.18, 13695, 2521, 0, 0
2036, 0, 7, 522, 522, 216, 16.58%, 0, 6, 2, 5.84, 13722, 2521, 0, 0
2041, 0, 7, 522, 522, 216, 16.58%, 0, 6, 2, 5.39, 13742, 2521, 0, 0
2047, 0, 7, 522, 522, 216, 16.58%, 0, 6, 2, 5.64, 13770, 2521, 0, 0
2054, 0, 7, 523, 523, 216, 16.58%, 0, 6, 2, 4.97, 13799, 2521, 0, 0
2060, 0, 7, 523, 523, 216, 16.58%, 0, 6, 2, 4.80, 13821, 2521, 0, 0
2065, 0, 7, 523, 523, 216, 16.58%, 0, 6, 2, 5.42, 13849, 2521, 0, 0
2070, 0, 7, 523, 523, 216, 16.58%, 0, 6, 2, 5.20, 13872, 2521, 0, 0
2075, 0, 7, 523, 523, 216, 16.58%, 0, 6, 2, 5.53, 13899, 2521, 0, 0
2080, 0, 7, 523, 523, 216, 16.58%, 0, 6, 2, 5.61, 13926, 2521, 0, 0
2085, 0, 7, 524, 524, 216, 16.59%, 0, 6, 2, 6.08, 13959, 2522, 0, 0
2091, 0, 7, 524, 524, 216, 16.59%, 0, 6, 2, 5.52, 13985, 2522, 0, 0
2096, 0, 7, 526, 526, 216, 16.60%, 0, 6, 2, 5.47, 14016, 2523, 0, 0
2102, 0, 7, 528, 528, 216, 16.61%, 0, 6, 2, 6.39, 14062, 2525, 0, 0
2107, 0, 7, 529, 529, 216, 16.61%, 0, 6, 2, 5.81, 14080, 2525, 0, 0
2113, 0, 7, 529, 529, 216, 16.61%, 0, 6, 2, 5.01, 14101, 2525, 0, 0
2118, 0, 7, 529, 529, 216, 16.61%, 0, 6, 2, 5.39, 14128, 2525, 0, 0
2123, 0, 7, 529, 529, 216, 16.61%, 0, 6, 2, 5.15, 14153, 2525, 0, 0
2128, 0, 7, 530, 530, 216, 16.62%, 0, 6, 2, 4.92, 14180, 2526, 0, 0
2133, 0, 7, 530, 530, 216, 16.62%, 0, 6, 2, 5.26, 14205, 2526, 0, 0
2138, 0, 7, 530, 530, 216, 16.62%, 0, 6, 2, 5.49, 14232, 2526, 0, 0
2144, 0, 7, 530, 530, 216, 16.62%, 0, 6, 2, 5.47, 14260, 2526, 0, 0
2149, 0, 7, 530, 530, 216, 16.62%, 0, 6, 2, 5.20, 14286, 2526, 0, 0
2155, 0, 7, 532, 532, 216, 16.62%, 0, 6, 2, 5.20, 14321, 2526, 0, 0
2160, 0, 7, 532, 532, 216, 16.62%, 0, 6, 2, 5.70, 14348, 2526, 0, 0
2165, 0, 7, 533, 533, 216, 16.62%, 0, 6, 2, 5.68, 14379, 2526, 0, 0
2170, 0, 7, 533, 533, 216, 16.62%, 0, 6, 2, 5.80, 14406, 2526, 0, 0
2175, 0, 7, 534, 534, 216, 16.62%, 0, 6, 2, 5.28, 14435, 2527, 0, 0
2180, 0, 7, 534, 534, 216, 16.62%, 0, 6, 2, 4.98, 14457, 2527, 0, 0
2186, 0, 7, 534, 534, 216, 16.62%, 0, 6, 2, 5.25, 14482, 2527, 0, 0
2191, 0, 7, 534, 534, 216, 16.62%, 0, 6, 2, 5.60, 14504, 2527, 0, 0
2196, 0, 7, 534, 534, 216, 16.62%, 0, 6, 2, 5.10, 14527, 2527, 0, 0
2201, 0, 7, 534, 534, 216, 16.62%, 0, 6, 2, 5.27, 14552, 2527, 0, 0
2207, 0, 7, 535, 535, 216, 16.62%, 0, 6, 2, 5.54, 14585, 2527, 0, 0
2212, 0, 7, 535, 535, 216, 16.62%, 0, 6, 2, 5.23, 14610, 2527, 0, 0
2218, 0, 7, 535, 535, 216, 16.62%, 0, 6, 2, 5.33, 14635, 2527, 0, 0
2223, 0, 7, 535, 535, 216, 16.62%, 0, 6, 2, 4.75, 14654, 2527, 0, 0
2228, 0, 7, 535, 535, 216, 16.62%, 0, 6, 2, 5.57, 14682, 2527, 0, 0
2233, 0, 12, 536, 536, 232, 16.62%, 0, 6, 2, 4.70, 14707, 2527, 0, 0
2239, 0, 12, 537, 537, 232, 16.62%, 0, 6, 2, 4.51, 14731, 2527, 0, 0
2247, 0, 12, 538, 538, 232, 16.62%, 0, 6, 2, 4.59, 14756, 2527, 0, 0
2252, 0, 12, 538, 538, 232, 16.62%, 0, 6, 2, 4.68, 14778, 2527, 0, 0
2257, 0, 12, 538, 538, 232, 16.62%, 0, 6, 2, 4.24, 14796, 2527, 0, 0
2262, 0, 12, 538, 538, 232, 16.62%, 0, 6, 2, 5.20, 14824, 2527, 0, 0
2268, 0, 12, 538, 538, 232, 16.62%, 0, 6, 2, 4.69, 14846, 2527, 0, 0
2273, 0, 12, 538, 538, 232, 16.62%, 0, 6, 2, 4.15, 14861, 2527, 0, 0
2278, 0, 12, 539, 539, 232, 16.62%, 0, 6, 2, 4.32, 14885, 2527, 0, 0
2284, 0, 12, 540, 540, 232, 16.62%, 0, 6, 2, 4.10, 14905, 2527, 0, 0
2290, 0, 12, 541, 541, 232, 16.62%, 0, 6, 2, 3.82, 14927, 2527, 0, 0
2295, 0, 12, 541, 541, 232, 16.62%, 0, 6, 2, 3.84, 14946, 2527, 0, 0
2300, 0, 12, 542, 542, 232, 16.63%, 0, 6, 2, 3.96, 14970, 2528, 0, 0
2305, 0, 12, 542, 542, 232, 16.63%, 0, 6, 2, 4.27, 14990, 2528, 0, 0
2310, 0, 12, 543, 543, 232, 16.63%, 0, 6, 2, 4.15, 15011, 2528, 0, 0
2316, 0, 12, 543, 543, 232, 16.63%, 0, 6, 2, 4.37, 15034, 2528, 0, 0
2321, 0, 12, 543, 543, 232, 16.63%, 0, 6, 2, 4.76, 15060, 2528, 0, 0
2328, 0, 12, 544, 544, 232, 16.63%, 0, 6, 2, 4.25, 15084, 2528, 0, 0
2333, 0, 12, 544, 544, 232, 16.63%, 0, 6, 2, 4.80, 15108, 2528, 0, 0
2338, 0, 12, 545, 545, 232, 16.63%, 0, 6, 2, 5.10, 15133, 2528, 0, 0
2344, 0, 12, 545, 545, 232, 16.63%, 0, 6, 2, 4.74, 15155, 2528, 0, 0
2349, 0, 12, 545, 545, 232, 16.63%, 0, 6, 2, 4.11, 15174, 2528, 0, 0
2355, 0, 12, 545, 545, 232, 16.63%, 0, 6, 2, 4.30, 15196, 2528, 0, 0
2360, 0, 12, 545, 545, 232, 16.63%, 0, 6, 2, 4.33, 15217, 2528, 0, 0
2365, 0, 12, 545, 545, 232, 16.63%, 0, 6, 2, 4.56, 15240, 2528, 0, 0
2371, 0, 12, 545, 545, 232, 16.63%, 0, 6, 2, 4.18, 15260, 2528, 0, 0
2376, 0, 12, 546, 546, 232, 16.63%, 0, 6, 2, 4.22, 15283, 2528, 0, 0
2381, 0, 12, 546, 546, 232, 16.63%, 0, 6, 2, 4.60, 15305, 2528, 0, 0
2386, 0, 12, 547, 547, 232, 16.63%, 0, 6, 2, 4.69, 15330, 2528, 0, 0
2391, 0, 12, 548, 548, 232, 16.63%, 0, 6, 2, 4.44, 15345, 2528, 0, 0
2396, 0, 12, 548, 548, 232, 16.63%, 0, 6, 2, 4.43, 15367, 2528, 0, 0
2401, 0, 12, 548, 548, 232, 16.63%, 0, 6, 2, 4.44, 15388, 2528, 0, 0
2406, 0, 12, 549, 549, 232, 16.63%, 0, 6, 2, 4.77, 15415, 2528, 0, 0
2411, 0, 12, 549, 549, 232, 16.63%, 0, 6, 2, 4.41, 15436, 2528, 0, 0
2417, 0, 12, 549, 549, 232, 16.63%, 0, 6, 2, 4.31, 15455, 2528, 0, 0
2422, 0, 12, 549, 549, 232, 16.63%, 0, 6, 2, 4.68, 15479, 2528, 0, 0
2427, 0, 12, 549, 549, 232, 16.63%, 0, 6, 2, 4.40, 15498, 2528, 0, 0
2432, 0, 12, 550, 550, 232, 16.63%, 0, 6, 2, 5.05, 15529, 2528, 0, 0
2437, 0, 12, 550, 550, 232, 16.63%, 0, 6, 2, 5.22, 15554, 2528, 0, 0
2442, 0, 12, 550, 550, 232, 16.63%, 0, 6, 2, 4.27, 15571, 2528, 0, 0
2448, 0, 12, 551, 551, 232, 16.64%, 0, 6, 2, 4.64, 15597, 2529, 0, 0
2453, 0, 12, 551, 551, 232, 16.64%, 0, 6, 2, 4.80, 15620, 2529, 0, 0
2458, 0, 12, 551, 551, 232, 16.64%, 0, 6, 2, 4.51, 15640, 2529, 0, 0
2463, 0, 12, 551, 551, 232, 16.64%, 0, 6, 2, 4.84, 15662, 2529, 0, 0
2468, 0, 12, 551, 551, 232, 16.64%, 0, 6, 2, 5.10, 15685, 2529, 0, 0
2473, 0, 12, 552, 552, 232, 16.64%, 0, 6, 2, 5.00, 15713, 2530, 0, 0
2478, 0, 12, 552, 552, 232, 16.64%, 0, 6, 2, 4.85, 15736, 2530, 0, 0
2484, 0, 12, 552, 552, 232, 16.64%, 0, 6, 2, 5.11, 15760, 2530, 0, 0
2489, 0, 12, 552, 552, 232, 16.64%, 0, 6, 2, 4.50, 15782, 2530, 0, 0
2495, 0, 12, 553, 553, 232, 16.64%, 0, 6, 2, 4.32, 15808, 2530, 0, 0
2501, 0, 12, 553, 553, 232, 16.64%, 0, 6, 2, 4.56, 15832, 2530, 0, 0
2506, 0, 12, 553, 553, 232, 16.64%, 0, 6, 2, 4.34, 15853, 2530, 0, 0
2511, 0, 12, 553, 553, 232, 16.64%, 0, 6, 2, 4.25, 15874, 2530, 0, 0
2516, 0, 12, 553, 553, 232, 16.64%, 0, 6, 2, 4.90, 15900, 2530, 0, 0
2522, 0, 12, 553, 553, 232, 16.64%, 0, 6, 2, 4.30, 15920, 2530, 0, 0
2527, 0, 12, 553, 553, 232, 16.64%, 0, 6, 2, 4.85, 15943, 2530, 0, 0
2532, 0, 12, 553, 553, 232, 16.64%, 0, 6, 2, 4.63, 15964, 2530, 0, 0
2537, 0, 12, 553, 553, 232, 16.64%, 0, 6, 2, 3.96, 15983, 2530, 0, 0
2543, 0, 12, 554, 554, 232, 16.64%, 0, 6, 2, 4.02, 16001, 2530, 0, 0
2548, 0, 12, 555, 555, 232, 16.65%, 0, 6, 2, 4.47, 16028, 2531, 0, 0
2553, 0, 12, 555, 555, 232, 16.65%, 0, 6, 2, 4.18, 16047, 2531, 0, 0
2558, 0, 12, 555, 555, 232, 16.65%, 0, 6, 2, 4.98, 16073, 2531, 0, 0
2563, 0, 12, 556, 556, 232, 16.66%, 0, 6, 2, 5.04, 16102, 2532, 0, 0
2569, 0, 12, 556, 556, 232, 16.66%, 0, 6, 2, 4.31, 16122, 2532, 0, 0
2574, 0, 12, 556, 556, 232, 16.66%, 0, 6, 2, 4.27, 16143, 2532, 0, 0
2579, 0, 12, 556, 556, 232, 16.66%, 0, 6, 2, 5.12, 16170, 2532, 0, 0
2585, 0, 12, 556, 556, 232, 16.66%, 0, 6, 2, 4.36, 16189, 2532, 0, 0
2590, 0, 12, 556, 556, 232, 16.66%, 0, 6, 2, 4.57, 16213, 2532, 0, 0
2596, 0, 12, 556, 556, 232, 16.66%, 0, 6, 2, 3.91, 16232, 2532, 0, 0
2601, 0, 12, 556, 556, 232, 16.66%, 0, 6, 2, 3.95, 16251, 2532, 0, 0
2606, 0, 12, 556, 556, 232, 16.66%, 0, 6, 2, 4.44, 16273, 2532, 0, 0
2611, 0, 12, 556, 556, 232, 16.66%, 0, 6, 2, 4.76, 16297, 2532, 0, 0
2616, 0, 12, 556, 556, 232, 16.66%, 0, 6, 2, 5.30, 16325, 2532, 0, 0
2621, 0, 12, 556, 556, 232, 16.66%, 0, 6, 2, 4.57, 16345, 2532, 0, 0
2627, 0, 12, 556, 556, 232, 16.66%, 0, 6, 2, 5.49, 16375, 2532, 0, 0
2632, 0, 12, 556, 556, 232, 16.66%, 0, 6, 2, 4.54, 16394, 2532, 0, 0
2637, 0, 12, 556, 556, 232, 16.66%, 0, 6, 2, 4.54, 16415, 2532, 0, 0
2642, 0, 12, 556, 556, 232, 16.66%, 0, 6, 2, 5.12, 16442, 2532, 0, 0
2647, 0, 12, 557, 557, 232, 16.66%, 0, 6, 2, 4.88, 16467, 2532, 0, 0
2652, 0, 12, 557, 557, 232, 16.66%, 0, 6, 2, 4.70, 16488, 2532, 0, 0
2657, 0, 12, 557, 557, 232, 16.66%, 0, 6, 2, 4.59, 16510, 2532, 0, 0
2663, 0, 12, 557, 557, 232, 16.66%, 0, 6, 2, 4.53, 16532, 2532, 0, 0
2668, 0, 12, 557, 557, 232, 16.66%, 0, 6, 2, 4.02, 16552, 2532, 0, 0
2673, 0, 12, 557, 557, 232, 16.66%, 0, 6, 2, 4.12, 16572, 2532, 0, 0
2678, 0, 12, 557, 557, 232, 16.66%, 0, 6, 2, 4.01, 16592, 2532, 0, 0
2684, 0, 12, 557, 557, 232, 16.66%, 0, 6, 2, 4.61, 16616, 2532, 0, 0
2689, 0, 12, 559, 559, 232, 16.67%, 0, 6, 2, 4.91, 16646, 2534, 0, 0
2694, 0, 12, 560, 560, 232, 16.67%, 0, 6, 2, 4.80, 16664, 2534, 0, 0
2699, 0, 12, 560, 560, 232, 16.67%, 0, 6, 2, 4.85, 16687, 2534, 0, 0
2705, 0, 12, 560, 560, 232, 16.67%, 0, 6, 2, 4.81, 16712, 2534, 0, 0
2710, 0, 12, 560, 560, 232, 16.67%, 0, 6, 2, 4.67, 16734, 2534, 0, 0
2715, 0, 12, 560, 560, 232, 16.67%, 0, 6, 2, 4.31, 16755, 2534, 0, 0
2720, 0, 12, 560, 560, 232, 16.67%, 0, 6, 2, 4.73, 16779, 2534, 0, 0
2725, 0, 12, 560, 560, 232, 16.67%, 0, 6, 2, 4.30, 16797, 2534, 0, 0
2731, 0, 12, 560, 560, 232, 16.67%, 0, 6, 2, 4.62, 16820, 2534, 0, 0
2736, 0, 12, 561, 561, 232, 16.67%, 0, 6, 2, 4.51, 16838, 2534, 0, 0
2742, 0, 12, 561, 561, 232, 16.67%, 0, 6, 2, 4.49, 16859, 2534, 0, 0
2747, 0, 12, 561, 561, 232, 16.67%, 0, 6, 2, 4.65, 16882, 2534, 0, 0
2752, 0, 12, 561, 561, 232, 16.67%, 0, 6, 2, 4.44, 16902, 2534, 0, 0
2757, 0, 12, 561, 561, 232, 16.67%, 0, 6, 2, 4.30, 16923, 2534, 0, 0
2762, 0, 12, 561, 561, 232, 16.67%, 0, 6, 2, 4.66, 16947, 2534, 0, 0
2767, 0, 12, 561, 561, 232, 16.67%, 0, 6, 2, 4.17, 16966, 2534, 0, 0
2772, 0, 12, 562, 562, 232, 16.67%, 0, 6, 2, 4.12, 16986, 2534, 0, 0
2778, 0, 12, 562, 562, 232, 16.67%, 0, 6, 2, 4.25, 17008, 2534, 0, 0
2783, 0, 12, 562, 562, 232, 16.67%, 0, 6, 2, 4.13, 17026, 2534, 0, 0
2788, 0, 12, 562, 562, 232, 16.67%, 0, 6, 2, 3.64, 17043, 2534, 0, 0
2793, 0, 12, 562, 562, 232, 16.67%, 0, 6, 2, 3.93, 17064, 2534, 0, 0
2799, 0, 12, 563, 563, 232, 16.67%, 0, 6, 2, 5.11, 17095, 2534, 0, 0
2804, 0, 12, 563, 563, 232, 16.67%, 0, 6, 2, 4.64, 17117, 2534, 0, 0
2809, 0, 12, 563, 563, 232, 16.67%, 0, 6, 2, 4.22, 17136, 2534, 0, 0
2814, 0, 12, 563, 563, 232, 16.67%, 0, 6, 2, 4.70, 17159, 2534, 0, 0
2819, 0, 12, 563, 563, 232, 16.67%, 0, 6, 2, 4.25, 17178, 2534, 0, 0
2824, 0, 12, 563, 563, 232, 16.67%, 0, 6, 2, 4.30, 17198, 2534, 0, 0
2829, 0, 12, 563, 563, 232, 16.67%, 0, 6, 2, 4.37, 17221, 2534, 0, 0
2835, 0, 12, 563, 563, 232, 16.67%, 0, 6, 2, 4.23, 17241, 2534, 0, 0
2840, 0, 12, 563, 563, 232, 16.67%, 0, 6, 2, 3.58, 17258, 2534, 0, 0
2845, 0, 12, 563, 563, 232, 16.67%, 0, 6, 2, 4.29, 17282, 2534, 0, 0
2850, 0, 12, 563, 563, 232, 16.67%, 0, 6, 2, 4.34, 17304, 2534, 0, 0
2856, 0, 12, 563, 563, 232, 16.67%, 0, 6, 2, 4.85, 17328, 2534, 0, 0
2861, 0, 12, 563, 563, 232, 16.67%, 0, 6, 2, 4.63, 17351, 2534, 0, 0
2866, 0, 12, 563, 563, 232, 16.67%, 0, 6, 2, 4.18, 17370, 2534, 0, 0
2871, 0, 12, 563, 563, 232, 16.67%, 0, 6, 2, 4.57, 17394, 2534, 0, 0
2877, 0, 12, 563, 563, 232, 16.67%, 0, 6, 2, 4.71, 17419, 2534, 0, 0
2882, 0, 12, 563, 563, 232, 16.67%, 0, 6, 2, 4.56, 17439, 2534, 0, 0
2887, 0, 12, 564, 564, 232, 16.67%, 0, 6, 2, 4.40, 17462, 2534, 0, 0
2892, 0, 12, 564, 564, 232, 16.67%, 0, 6, 2, 4.27, 17481, 2534, 0, 0
2897, 0, 12, 564, 564, 232, 16.67%, 0, 6, 2, 4.25, 17503, 2534, 0, 0
2903, 0, 12, 564, 564, 232, 16.67%, 0, 6, 2, 4.53, 17526, 2534, 0, 0
2908, 0, 12, 564, 564, 232, 16.67%, 0, 6, 2, 4.26, 17547, 2534, 0, 0
2913, 0, 12, 564, 564, 232, 16.67%, 0, 6, 2, 4.61, 17570, 2534, 0, 0
2918, 0, 12, 564, 564, 232, 16.67%, 0, 6, 2, 4.53, 17590, 2534, 0, 0
2923, 0, 12, 564, 564, 232, 16.67%, 0, 6, 2, 5.03, 17616, 2534, 0, 0
2928, 0, 12, 564, 564, 232, 16.67%, 0, 6, 2, 5.16, 17641, 2534, 0, 0
2934, 0, 12, 564, 564, 232, 16.67%, 0, 6, 2, 4.47, 17661, 2534, 0, 0
2939, 0, 12, 564, 564, 232, 16.67%, 0, 6, 2, 4.35, 17683, 2534, 0, 0
2944, 0, 12, 564, 564, 232, 16.67%, 0, 6, 2, 4.05, 17702, 2534, 0, 0
2950, 0, 12, 564, 564, 232, 16.67%, 0, 6, 2, 3.79, 17721, 2534, 0, 0
2955, 0, 12, 564, 564, 232, 16.67%, 0, 6, 2, 3.95, 17741, 2534, 0, 0
2961, 0, 12, 565, 565, 232, 16.67%, 0, 6, 2, 4.43, 17766, 2534, 0, 0
2966, 0, 12, 565, 565, 232, 16.67%, 0, 6, 2, 4.93, 17791, 2534, 0, 0
2972, 0, 12, 565, 565, 232, 16.67%, 0, 6, 2, 4.36, 17811, 2534, 0, 0
2977, 0, 12, 565, 565, 232, 16.67%, 0, 6, 2, 3.88, 17828, 2534, 0, 0
2982, 0, 12, 566, 566, 232, 16.67%, 0, 6, 2, 4.25, 17852, 2534, 0, 0
2988, 0, 12, 566, 566, 232, 16.67%, 0, 6, 2, 4.61, 17878, 2534, 0, 0
2993, 0, 12, 566, 566, 232, 16.67%, 0, 6, 2, 4.25, 17897, 2534, 0, 0
2998, 0, 12, 566, 566, 232, 16.67%, 0, 6, 2, 4.94, 17923, 2534, 0, 0
3003, 0, 12, 566, 566, 232, 16.67%, 0, 6, 2, 4.60, 17943, 2534, 0, 0
3009, 0, 12, 567, 567, 232, 16.68%, 0, 6, 2, 4.53, 17968, 2536, 0, 0
3014, 0, 12, 568, 568, 232, 16.68%, 0, 6, 2, 4.36, 17988, 2536, 0, 0
3019, 0, 12, 568, 568, 232, 16.68%, 0, 6, 2, 4.27, 18009, 2536, 0, 0
3024, 0, 12, 568, 568, 232, 16.68%, 0, 6, 2, 4.01, 18028, 2536, 0, 0
3029, 0, 12, 568, 568, 232, 16.68%, 0, 6, 2, 4.67, 18051, 2536, 0, 0
3035, 0, 12, 568, 568, 232, 16.68%, 0, 6, 2, 4.54, 18073, 2536, 0, 0
3041, 0, 12, 569, 569, 232, 16.68%, 0, 6, 2, 4.28, 18094, 2536, 0, 0
3046, 0, 12, 569, 569, 232, 16.68%, 0, 6, 2, 4.64, 18117, 2536, 0, 0
3051, 0, 12, 570, 570, 232, 16.69%, 0, 6, 2, 4.55, 18140, 2537, 0, 0
3057, 0, 12, 571, 571, 232, 16.69%, 0, 6, 2, 4.40, 18163, 2537, 0, 0
3062, 0, 12, 572, 572, 232, 16.71%, 0, 6, 2, 4.42, 18187, 2540, 0, 0
3068, 0, 12, 572, 572, 232, 16.71%, 0, 6, 2, 4.00, 18206, 2540, 0, 0
3073, 0, 12, 572, 572, 232, 16.71%, 0, 6, 2, 4.44, 18228, 2540, 0, 0
3078, 0, 12, 572, 572, 232, 16.71%, 0, 6, 2, 4.66, 18252, 2540, 0, 0
3083, 0, 12, 572, 572, 232, 16.71%, 0, 6, 2, 4.56, 18271, 2540, 0, 0
3088, 0, 12, 572, 572, 232, 16.71%, 0, 6, 2, 4.92, 18296, 2540, 0, 0
3093, 0, 15, 572, 572, 235, 16.71%, 0, 6, 2, 4.60, 18317, 2540, 0, 0
3098, 0, 15, 573, 573, 235, 16.71%, 0, 6, 2, 4.51, 18335, 2540, 0, 0
3104, 0, 15, 574, 574, 235, 16.71%, 0, 6, 2, 4.90, 18367, 2540, 0, 0
3109, 0, 15, 575, 575, 235, 16.72%, 0, 6, 2, 5.27, 18394, 2541, 0, 0
3114, 0, 15, 575, 575, 235, 16.72%, 0, 6, 2, 5.22, 18418, 2541, 0, 0
3119, 0, 15, 575, 575, 235, 16.72%, 0, 6, 2, 5.48, 18444, 2541, 0, 0
3124, 0, 15, 575, 575, 235, 16.72%, 0, 6, 2, 5.59, 18470, 2541, 0, 0
3130, 0, 15, 575, 575, 235, 16.72%, 0, 6, 2, 4.94, 18491, 2541, 0, 0
3135, 0, 15, 575, 575, 235, 16.72%, 0, 6, 2, 4.59, 18513, 2541, 0, 0
3140, 0, 15, 575, 575, 235, 16.72%, 0, 6, 2, 4.54, 18535, 2541, 0, 0
3145, 0, 15, 575, 575, 235, 16.72%, 0, 6, 2, 4.20, 18554, 2541, 0, 0
3150, 0, 15, 575, 575, 235, 16.72%, 0, 6, 2, 5.25, 18582, 2541, 0, 0
3155, 0, 15, 575, 575, 235, 16.72%, 0, 6, 2, 5.45, 18609, 2541, 0, 0
3160, 0, 15, 575, 575, 235, 16.72%, 0, 6, 2, 5.75, 18636, 2541, 0, 0
3166, 0, 15, 576, 576, 235, 16.72%, 0, 6, 2, 5.36, 18655, 2541, 0, 0
3172, 0, 15, 576, 576, 235, 16.72%, 0, 6, 2, 5.05, 18679, 2541, 0, 0
3177, 0, 15, 576, 576, 235, 16.72%, 0, 6, 2, 4.92, 18701, 2541, 0, 0
3182, 0, 15, 576, 576, 235, 16.72%, 0, 6, 2, 5.04, 18726, 2541, 0, 0
3188, 0, 15, 576, 576, 235, 16.72%, 0, 6, 2, 5.55, 18755, 2541, 0, 0
3193, 0, 15, 576, 576, 235, 16.72%, 0, 6, 2, 5.91, 18785, 2541, 0, 0
3198, 0, 15, 576, 576, 235, 16.72%, 0, 6, 2, 5.53, 18813, 2541, 0, 0
3204, 0, 15, 576, 576, 235, 16.72%, 0, 6, 2, 4.91, 18835, 2541, 0, 0
3209, 0, 15, 576, 576, 235, 16.72%, 0, 6, 2, 5.47, 18863, 2541, 0, 0
3214, 0, 15, 576, 576, 235, 16.72%, 0, 6, 2, 5.41, 18889, 2541, 0, 0
3219, 0, 15, 576, 576, 235, 16.72%, 0, 6, 2, 5.59, 18916, 2541, 0, 0
3224, 0, 15, 576, 576, 235, 16.72%, 0, 6, 2, 5.15, 18939, 2541, 0, 0
3229, 0, 15, 576, 576, 235, 16.72%, 0, 6, 2, 5.04, 18962, 2541, 0, 0
3234, 0, 15, 576, 576, 235, 16.72%, 0, 6, 2, 4.37, 18981, 2541, 0, 0
3240, 0, 15, 576, 576, 235, 16.72%, 0, 6, 2, 5.41, 19009, 2541, 0, 0
3245, 0, 15, 576, 576, 235, 16.72%, 0, 6, 2, 5.11, 19031, 2541, 0, 0
3250, 0, 15, 576, 576, 235, 16.72%, 0, 6, 2, 4.97, 19055, 2541, 0, 0
3255, 0, 15, 576, 576, 235, 16.72%, 0, 6, 2, 4.91, 19079, 2541, 0, 0
3260, 0, 15, 576, 576, 235, 16.72%, 0, 6, 2, 5.40, 19105, 2541, 0, 0
3265, 0, 15, 576, 576, 235, 16.72%, 0, 6, 2, 5.54, 19133, 2541, 0, 0
3270, 0, 15, 576, 576, 235, 16.72%, 0, 6, 2, 5.47, 19160, 2541, 0, 0
3275, 0, 15, 576, 576, 235, 16.72%, 0, 6, 2, 5.84, 19188, 2541, 0, 0
3281, 0, 15, 576, 576, 235, 16.72%, 0, 6, 2, 4.66, 19208, 2541, 0, 0
3286, 0, 15, 576, 576, 235, 16.72%, 0, 6, 2, 4.80, 19231, 2541, 0, 0
3291, 0, 15, 576, 576, 235, 16.72%, 0, 6, 2, 4.86, 19254, 2541, 0, 0
3296, 0, 15, 576, 576, 235, 16.72%, 0, 6, 2, 6.28, 19288, 2541, 0, 0
3302, 0, 15, 576, 576, 235, 16.72%, 0, 6, 2, 5.94, 19319, 2541, 0, 0
3307, 0, 15, 576, 576, 235, 16.72%, 0, 6, 2, 4.77, 19340, 2541, 0, 0
3312, 0, 15, 576, 576, 235, 16.72%, 0, 6, 2, 5.30, 19367, 2541, 0, 0
3318, 0, 15, 577, 577, 235, 16.72%, 0, 6, 2, 5.35, 19397, 2541, 0, 0
3323, 0, 15, 577, 577, 235, 16.72%, 0, 6, 2, 5.54, 19423, 2541, 0, 0
3328, 0, 15, 577, 577, 235, 16.72%, 0, 6, 2, 4.89, 19445, 2541, 0, 0
3333, 0, 15, 577, 577, 235, 16.72%, 0, 6, 2, 5.11, 19469, 2541, 0, 0
3338, 0, 15, 577, 577, 235, 16.72%, 0, 6, 2, 4.78, 19490, 2541, 0, 0
3343, 0, 15, 577, 577, 235, 16.72%, 0, 6, 2, 5.14, 19514, 2541, 0, 0
3348, 0, 15, 578, 578, 235, 16.72%, 0, 6, 2, 5.18, 19538, 2541, 0, 0
3353, 0, 15, 578, 578, 235, 16.72%, 0, 6, 2, 4.68, 19559, 2541, 0, 0
3358, 0, 15, 578, 578, 235, 16.72%, 0, 6, 2, 5.21, 19586, 2541, 0, 0
3364, 0, 15, 578, 578, 235, 16.72%, 0, 6, 2, 4.91, 19609, 2541, 0, 0
3369, 0, 15, 578, 578, 235, 16.72%, 0, 6, 2, 5.31, 19638, 2541, 0, 0
3374, 0, 15, 578, 578, 235, 16.72%, 0, 6, 2, 5.52, 19665, 2541, 0, 0
3379, 0, 15, 578, 578, 235, 16.72%, 0, 6, 2, 5.51, 19690, 2541, 0, 0
3384, 0, 15, 578, 578, 235, 16.72%, 0, 6, 2, 4.98, 19712, 2541, 0, 0
3390, 0, 15, 578, 578, 235, 16.72%, 0, 6, 2, 4.94, 19737, 2541, 0, 0
3395, 0, 15, 578, 578, 235, 16.72%, 0, 6, 2, 5.27, 19765, 2541, 0, 0
3400, 0, 15, 578, 578, 235, 16.72%, 0, 6, 2, 4.95, 19787, 2541, 0, 0
3405, 0, 15, 578, 578, 235, 16.72%, 0, 6, 2, 4.93, 19812, 2541, 0, 0
3410, 0, 15, 578, 578, 235, 16.72%, 0, 6, 2, 4.53, 19832, 2541, 0, 0
3416, 0, 15, 578, 578, 235, 16.72%, 0, 6, 2, 4.70, 19856, 2541, 0, 0
3421, 0, 15, 578, 578, 235, 16.72%, 0, 6, 2, 4.94, 19880, 2541, 0, 0
3426, 0, 15, 578, 578, 235, 16.72%, 0, 6, 2, 5.62, 19908, 2541, 0, 0
3431, 0, 15, 578, 578, 235, 16.72%, 0, 6, 2, 5.17, 19932, 2541, 0, 0
3437, 0, 15, 578, 578, 235, 16.72%, 0, 6, 2, 5.77, 19960, 2541, 0, 0
3442, 0, 15, 578, 578, 235, 16.72%, 0, 6, 2, 5.01, 19983, 2541, 0, 0
3447, 0, 15, 578, 578, 235, 16.72%, 0, 6, 2, 5.71, 20012, 2541, 0, 0
3453, 0, 15, 578, 578, 235, 16.72%, 0, 6, 2, 4.42, 20030, 2541, 0, 0
3458, 0, 15, 578, 578, 235, 16.72%, 0, 6, 2, 5.34, 20057, 2541, 0, 0
3463, 0, 15, 578, 578, 235, 16.72%, 0, 6, 2, 4.99, 20082, 2541, 0, 0
3468, 0, 15, 578, 578, 235, 16.72%, 0, 6, 2, 4.66, 20105, 2541, 0, 0
3474, 0, 15, 578, 578, 235, 16.72%, 0, 6, 2, 5.55, 20137, 2541, 0, 0
3479, 0, 15, 578, 578, 235, 16.72%, 0, 6, 2, 4.97, 20160, 2541, 0, 0
3484, 0, 15, 578, 578, 235, 16.72%, 0, 6, 2, 4.83, 20183, 2541, 0, 0
3489, 0, 15, 578, 578, 235, 16.72%, 0, 6, 2, 4.73, 20206, 2541, 0, 0
3495, 0, 15, 578, 578, 235, 16.72%, 0, 6, 2, 4.55, 20229, 2541, 0, 0
3500, 0, 15, 578, 578, 235, 16.72%, 0, 6, 2, 4.70, 20253, 2541, 0, 0
3505, 0, 15, 579, 579, 235, 16.72%, 0, 6, 2, 5.35, 20285, 2542, 0, 0
3510, 0, 15, 580, 580, 235, 16.74%, 0, 6, 2, 5.32, 20303, 2544, 0, 0
3515, 0, 15, 580, 580, 235, 16.74%, 0, 6, 2, 4.84, 20326, 2544, 0, 0
3520, 0, 15, 580, 580, 235, 16.74%, 0, 6, 2, 5.09, 20351, 2544, 0, 0
3526, 0, 15, 580, 580, 235, 16.74%, 0, 6, 2, 4.32, 20371, 2544, 0, 0
3531, 0, 15, 580, 580, 235, 16.74%, 0, 6, 2, 4.53, 20393, 2544, 0, 0
3536, 0, 15, 580, 580, 235, 16.74%, 0, 6, 2, 5.04, 20417, 2544, 0, 0
3541, 0, 15, 580, 580, 235, 16.74%, 0, 6, 2, 5.28, 20444, 2544, 0, 0
3547, 0, 15, 581, 581, 235, 16.74%, 0, 6, 2, 5.45, 20475, 2544, 0, 0
3553, 0, 15, 581, 581, 235, 16.74%, 0, 6, 2, 5.54, 20502, 2544, 0, 0
3558, 0, 15, 581, 581, 235, 16.74%, 0, 6, 2, 4.74, 20522, 2544, 0, 0
3563, 0, 15, 581, 581, 235, 16.74%, 0, 6, 2, 5.08, 20548, 2544, 0, 0
3568, 0, 15, 581, 581, 235, 16.74%, 0, 6, 2, 5.30, 20573, 2544, 0, 0
3574, 0, 15, 581, 581, 235, 16.74%, 0, 6, 2, 5.15, 20599, 2544, 0, 0
3579, 0, 15, 581, 581, 235, 16.74%, 0, 6, 2, 5.47, 20627, 2544, 0, 0
3584, 0, 15, 581, 581, 235, 16.74%, 0, 6, 2, 5.97, 20656, 2544, 0, 0
3589, 0, 15, 581, 581, 235, 16.74%, 0, 6, 2, 5.51, 20678, 2544, 0, 0
3594, 0, 15, 581, 581, 235, 16.74%, 0, 6, 2, 5.02, 20700, 2544, 0, 0
3599, 0, 15, 581, 581, 235, 16.74%, 0, 6, 2, 4.84, 20722, 2544, 0, 0
3605, 0, 15, 581, 581, 235, 16.74%, 0, 6, 2, 4.85, 20746, 2544, 0, 0
3610, 0, 15, 581, 581, 235, 16.74%, 0, 6, 2, 5.52, 20774, 2544, 0, 0
3615, 0, 15, 581, 581, 235, 16.74%, 0, 6, 2, 5.54, 20801, 2544, 0, 0
3620, 0, 15, 581, 581, 235, 16.74%, 0, 6, 2, 5.82, 20828, 2544, 0, 0
3626, 0, 15, 582, 582, 235, 16.74%, 0, 6, 2, 5.52, 20857, 2544, 0, 0
3631, 0, 15, 583, 583, 235, 16.74%, 0, 6, 2, 4.90, 20872, 2544, 0, 0
3636, 0, 15, 583, 583, 235, 16.74%, 0, 6, 2, 5.54, 20899, 2544, 0, 0
3641, 0, 15, 583, 583, 235, 16.74%, 0, 6, 2, 5.12, 20923, 2544, 0, 0
3646, 0, 15, 583, 583, 235, 16.74%, 0, 6, 2, 5.82, 20954, 2544, 0, 0
3652, 0, 15, 583, 583, 235, 16.74%, 0, 6, 2, 5.75, 20984, 2544, 0, 0
3657, 0, 15, 583, 583, 235, 16.74%, 0, 6, 2, 4.90, 21006, 2544, 0, 0
3662, 0, 15, 583, 583, 235, 16.74%, 0, 6, 2, 4.78, 21031, 2544, 0, 0
3667, 0, 15, 583, 583, 235, 16.74%, 0, 6, 2, 4.85, 21053, 2544, 0, 0
3673, 0, 15, 583, 583, 235, 16.74%, 0, 6, 2, 4.83, 21075, 2544, 0, 0
3678, 0, 15, 584, 584, 235, 16.74%, 0, 6, 2, 5.17, 21099, 2544, 0, 0
3683, 0, 15, 584, 584, 235, 16.74%, 0, 6, 2, 5.16, 21122, 2544, 0, 0
3688, 0, 15, 584, 584, 235, 16.74%, 0, 6, 2, 5.86, 21151, 2544, 0, 0
3693, 0, 15, 584, 584, 235, 16.74%, 0, 6, 2, 5.19, 21173, 2544, 0, 0
3698, 0, 15, 584, 584, 235, 16.74%, 0, 6, 2, 5.21, 21197, 2544, 0, 0
3703, 0, 15, 584, 584, 235, 16.74%, 0, 6, 2, 5.18, 21222, 2544, 0, 0
3708, 0, 15, 584, 584, 235, 16.74%, 0, 6, 2, 4.76, 21243, 2544, 0, 0
3713, 0, 15, 584, 584, 235, 16.74%, 0, 6, 2, 4.90, 21266, 2544, 0, 0
3718, 0, 15, 584, 584, 235, 16.74%, 0, 6, 2, 5.56, 21294, 2544, 0, 0
3724, 0, 15, 584, 584, 235, 16.74%, 0, 6, 2, 5.38, 21319, 2544, 0, 0
3729, 0, 15, 584, 584, 235, 16.74%, 0, 6, 2, 5.59, 21345, 2544, 0, 0
3734, 0, 15, 584, 584, 235, 16.74%, 0, 6, 2, 5.28, 21367, 2544, 0, 0
3739, 0, 15, 584, 584, 235, 16.74%, 0, 6, 2, 4.94, 21390, 2544, 0, 0
3744, 0, 15, 584, 584, 235, 16.74%, 0, 6, 2, 5.26, 21416, 2544, 0, 0
3749, 0, 15, 584, 584, 235, 16.74%, 0, 6, 2, 5.27, 21441, 2544, 0, 0
3754, 0, 15, 584, 584, 235, 16.74%, 0, 6, 2, 4.86, 21463, 2544, 0, 0
3760, 0, 15, 584, 584, 235, 16.74%, 0, 6, 2, 4.60, 21485, 2544, 0, 0
3765, 0, 15, 584, 584, 235, 16.74%, 0, 6, 2, 4.79, 21509, 2544, 0, 0
3770, 0, 15, 584, 584, 235, 16.74%, 0, 6, 2, 4.32, 21529, 2544, 0, 0
3775, 0, 15, 584, 584, 235, 16.74%, 0, 6, 2, 4.58, 21552, 2544, 0, 0
3780, 0, 15, 584, 584, 235, 16.74%, 0, 6, 2, 5.85, 21582, 2544, 0, 0
3786, 0, 15, 584, 584, 235, 16.74%, 0, 6, 2, 5.17, 21605, 2544, 0, 0
3791, 0, 15, 584, 584, 235, 16.74%, 0, 6, 2, 5.34, 21630, 2544, 0, 0
3796, 0, 15, 584, 584, 235, 16.74%, 0, 6, 2, 4.93, 21653, 2544, 0, 0
3801, 0, 15, 584, 584, 235, 16.74%, 0, 6, 2, 5.73, 21681, 2544, 0, 0
3807, 0, 17, 585, 585, 238, 16.74%, 0, 6, 2, 4.91, 21705, 2544, 0, 0
3813, 0, 17, 586, 586, 238, 16.76%, 0, 6, 2, 4.40, 21728, 2547, 0, 0
3819, 0, 17, 588, 588, 238, 16.76%, 0, 6, 2, 4.72, 21757, 2548, 0, 0
3824, 0, 17, 588, 588, 238, 16.76%, 0, 6, 2, 5.12, 21784, 2548, 0, 0
3829, 0, 17, 589, 589, 238, 16.76%, 0, 6, 2, 4.77, 21808, 2548, 0, 0
3834, 0, 17, 589, 589, 238, 16.76%, 0, 6, 2, 4.47, 21828, 2548, 0, 0
3840, 0, 17, 589, 589, 238, 16.76%, 0, 6, 2, 4.23, 21848, 2548, 0, 0
3845, 0, 17, 589, 589, 238, 16.76%, 0, 6, 2, 4.61, 21869, 2548, 0, 0
3850, 0, 17, 590, 590, 238, 16.78%, 0, 6, 2, 4.65, 21894, 2550, 0, 0
3855, 0, 17, 590, 590, 238, 16.78%, 0, 6, 2, 4.02, 21913, 2550, 0, 0
3860, 0, 17, 590, 590, 238, 16.78%, 0, 6, 2, 4.41, 21932, 2550, 0, 0
3865, 0, 17, 591, 591, 238, 16.79%, 0, 6, 2, 4.43, 21956, 2552, 0, 0
3871, 0, 17, 591, 591, 238, 16.79%, 0, 6, 2, 3.76, 21974, 2552, 0, 0
3876, 0, 17, 592, 592, 238, 16.79%, 0, 6, 2, 4.39, 22000, 2553, 0, 0
3882, 0, 17, 593, 593, 238, 16.79%, 0, 6, 2, 4.40, 22025, 2553, 0, 0
3887, 0, 17, 594, 594, 238, 16.79%, 0, 6, 2, 4.68, 22053, 2553, 0, 0
3893, 0, 17, 594, 594, 238, 16.79%, 0, 6, 2, 4.23, 22071, 2553, 0, 0
3898, 0, 17, 594, 594, 238, 16.79%, 0, 6, 2, 4.65, 22089, 2553, 0, 0
3903, 0, 17, 594, 594, 238, 16.79%, 0, 6, 2, 4.62, 22110, 2553, 0, 0
3908, 0, 17, 594, 594, 238, 16.79%, 0, 6, 2, 3.85, 22125, 2553, 0, 0
3913, 0, 17, 594, 594, 238, 16.79%, 0, 7, 2, 4.50, 22146, 2553, 0, 0
3918, 0, 17, 595, 595, 238, 16.79%, 0, 7, 2, 4.62, 22172, 2553, 0, 0
3923, 0, 17, 596, 596, 238, 16.81%, 0, 7, 2, 4.42, 22195, 2555, 0, 0
3930, 0, 17, 596, 596, 238, 16.81%, 0, 7, 2, 4.26, 22215, 2555, 0, 0
3935, 0, 17, 596, 596, 238, 16.81%, 0, 7, 2, 4.14, 22236, 2555, 0, 0
3941, 0, 17, 596, 596, 238, 16.81%, 0, 7, 2, 4.61, 22261, 2555, 0, 0
3946, 0, 17, 596, 596, 238, 16.81%, 0, 7, 2, 4.27, 22280, 2555, 0, 0
3951, 0, 17, 596, 596, 238, 16.81%, 0, 7, 2, 4.07, 22300, 2555, 0, 0
3957, 0, 17, 596, 596, 238, 16.81%, 0, 7, 2, 4.07, 22321, 2555, 0, 0
3962, 0, 17, 596, 596, 238, 16.81%, 0, 7, 2, 4.18, 22342, 2555, 0, 0
3967, 0, 17, 596, 596, 238, 16.81%, 0, 7, 2, 4.37, 22365, 2555, 0, 0
3972, 0, 17, 596, 596, 238, 16.81%, 0, 7, 2, 4.41, 22386, 2555, 0, 0
3978, 0, 17, 596, 596, 238, 16.81%, 0, 7, 2, 4.21, 22406, 2555, 0, 0
3983, 0, 17, 596, 596, 238, 16.81%, 0, 7, 2, 4.30, 22426, 2555, 0, 0
3988, 0, 17, 596, 596, 238, 16.81%, 0, 7, 2, 4.07, 22444, 2555, 0, 0
3994, 0, 17, 596, 596, 238, 16.81%, 0, 7, 2, 3.95, 22464, 2555, 0, 0
3999, 0, 17, 596, 596, 238, 16.81%, 0, 7, 2, 4.05, 22484, 2555, 0, 0
4004, 0, 17, 597, 597, 238, 16.81%, 0, 7, 2, 4.49, 22509, 2555, 0, 0
4009, 0, 17, 597, 597, 238, 16.81%, 0, 7, 2, 4.02, 22528, 2555, 0, 0
4015, 0, 17, 597, 597, 238, 16.81%, 0, 7, 2, 3.82, 22547, 2555, 0, 0
4020, 0, 17, 598, 598, 238, 16.81%, 0, 7, 2, 4.36, 22573, 2555, 0, 0
4025, 0, 17, 598, 598, 238, 16.81%, 0, 7, 2, 4.46, 22595, 2555, 0, 0
4030, 0, 17, 598, 598, 238, 16.81%, 0, 7, 2, 4.27, 22613, 2555, 0, 0
4035, 0, 17, 598, 598, 238, 16.81%, 0, 7, 2, 4.49, 22634, 2555, 0, 0
4040, 0, 17, 598, 598, 238, 16.81%, 0, 7, 2, 4.36, 22653, 2555, 0, 0
4046, 0, 17, 598, 598, 238, 16.81%, 0, 7, 2, 4.16, 22673, 2555, 0, 0
4051, 0, 17, 598, 598, 238, 16.81%, 0, 7, 2, 4.46, 22696, 2555, 0, 0
4056, 0, 17, 598, 598, 238, 16.81%, 0, 7, 2, 4.16, 22716, 2555, 0, 0
4062, 0, 17, 598, 598, 238, 16.81%, 0, 7, 2, 3.98, 22736, 2555, 0, 0
4067, 0, 17, 598, 598, 238, 16.81%, 0, 7, 2, 4.82, 22762, 2555, 0, 0
4073, 0, 17, 598, 598, 238, 16.81%, 0, 7, 2, 4.63, 22783, 2555, 0, 0
4078, 0, 17, 599, 599, 238, 16.82%, 0, 7, 2, 4.34, 22806, 2557, 0, 0
4080, 0, 18, 599, 599, 238, 16.82%, 0, 7, 2, 0.00, 22817, 2557, 0, 0
