# relative_time, cycles_done, cur_item, corpus_count, pending_total, pending_favs, map_size, saved_crashes, saved_hangs, max_depth, execs_per_sec, total_execs, edges_found, total_crashes, servers_count
60, 0, 7, 202, 52, 7, 4.60%, 0, 0, 2, 89.92, 6748, 160, 0, 0
65, 0, 7, 202, 52, 7, 4.60%, 0, 0, 2, 89.68, 7201, 160, 0, 0
70, 0, 7, 202, 52, 7, 4.60%, 0, 0, 2, 89.59, 7655, 160, 0, 0
75, 0, 7, 204, 54, 7, 4.65%, 0, 0, 2, 89.49, 8105, 162, 0, 0
81, 0, 7, 204, 54, 7, 4.65%, 0, 0, 2, 89.78, 8557, 162, 0, 0
86, 0, 7, 205, 55, 7, 4.68%, 0, 0, 2, 90.24, 9012, 163, 0, 0
91, 0, 7, 205, 55, 7, 4.68%, 0, 0, 2, 90.25, 9482, 163, 0, 0
96, 0, 7, 205, 55, 7, 4.68%, 0, 0, 2, 90.02, 9942, 163, 0, 0
101, 0, 7, 206, 56, 7, 4.71%, 0, 0, 2, 90.26, 10412, 164, 0, 0
106, 0, 7, 207, 57, 7, 4.74%, 0, 0, 2, 90.12, 10880, 165, 0, 0
111, 0, 7, 207, 57, 7, 4.74%, 0, 0, 2, 90.34, 11349, 165, 0, 0
116, 0, 7, 207, 57, 7, 4.74%, 0, 0, 2, 90.48, 11803, 165, 0, 0
122, 0, 7, 207, 57, 7, 4.74%, 0, 0, 2, 90.46, 12274, 165, 0, 0
127, 0, 7, 207, 57, 7, 4.74%, 0, 0, 2, 90.08, 12735, 165, 0, 0
132, 0, 7, 208, 58, 7, 4.74%, 0, 0, 2, 90.04, 13196, 165, 0, 0
137, 0, 7, 208, 58, 7, 4.74%, 0, 0, 2, 89.79, 13655, 165, 0, 0
142, 0, 7, 208, 58, 7, 4.74%, 0, 0, 2, 90.08, 14116, 165, 0, 0
147, 0, 7, 208, 58, 7, 4.74%, 0, 0, 2, 89.73, 14574, 165, 0, 0
152, 0, 7, 209, 59, 7, 4.77%, 0, 0, 2, 90.13, 15043, 166, 0, 0
158, 0, 7, 209, 59, 7, 4.77%, 0, 0, 2, 90.31, 15509, 166, 0, 0
163, 0, 7, 209, 59, 7, 4.77%, 0, 0, 2, 89.85, 15972, 166, 0, 0
168, 0, 7, 210, 60, 7, 4.77%, 0, 0, 2, 89.74, 16429, 166, 0, 0
173, 0, 7, 210, 60, 7, 4.77%, 0, 0, 2, 89.57, 16880, 166, 0, 0
178, 0, 7, 210, 60, 7, 4.77%, 0, 0, 2, 89.44, 17330, 166, 0, 0
183, 0, 7, 210, 60, 7, 4.77%, 0, 0, 2, 89.51, 17782, 166, 0, 0
188, 0, 7, 210, 60, 7, 4.77%, 0, 0, 2, 89.15, 18232, 166, 0, 0
193, 0, 7, 210, 60, 7, 4.77%, 0, 0, 2, 89.47, 18685, 166, 0, 0
198, 0, 7, 210, 60, 7, 4.77%, 0, 0, 2, 89.25, 19135, 166, 0, 0
203, 0, 7, 211, 61, 7, 4.80%, 0, 0, 2, 89.46, 19588, 167, 0, 0
208, 0, 7, 211, 61, 7, 4.80%, 0, 0, 2, 89.65, 20039, 167, 0, 0
213, 0, 7, 211, 61, 7, 4.80%, 0, 0, 2, 88.45, 20490, 167, 0, 0
218, 0, 7, 211, 61, 7, 4.80%, 0, 0, 2, 89.40, 20943, 167, 0, 0
224, 0, 7, 212, 62, 7, 4.83%, 0, 0, 2, 89.64, 21405, 168, 0, 0
229, 0, 7, 212, 62, 7, 4.83%, 0, 0, 2, 90.00, 21863, 168, 0, 0
234, 0, 7, 212, 62, 7, 4.83%, 0, 0, 2, 89.86, 22316, 168, 0, 0
239, 0, 7, 212, 62, 7, 4.83%, 0, 0, 2, 89.53, 22771, 168, 0, 0
244, 0, 7, 212, 62, 7, 4.83%, 0, 0, 2, 90.04, 23234, 168, 0, 0
249, 0, 7, 212, 62, 7, 4.83%, 0, 0, 2, 90.38, 23704, 168, 0, 0
254, 0, 7, 212, 62, 7, 4.83%, 0, 0, 2, 90.05, 24159, 168, 0, 0
259, 0, 7, 212, 62, 7, 4.83%, 0, 0, 2, 89.65, 24614, 168, 0, 0
264, 0, 7, 212, 62, 7, 4.83%, 0, 0, 2, 89.80, 25064, 168, 0, 0
269, 0, 7, 212, 62, 7, 4.83%, 0, 0, 2, 89.56, 25515, 168, 0, 0
274, 0, 7, 212, 62, 7, 4.83%, 0, 0, 2, 89.68, 25974, 168, 0, 0
279, 0, 7, 212, 62, 7, 4.83%, 0, 0, 2, 89.52, 26424, 168, 0, 0
284, 0, 7, 212, 62, 7, 4.83%, 0, 0, 2, 89.20, 26875, 168, 0, 0
290, 0, 7, 213, 63, 7, 4.85%, 0, 0, 2, 89.64, 27330, 169, 0, 0
295, 0, 7, 213, 63, 7, 4.85%, 0, 0, 2, 89.71, 27781, 169, 0, 0
300, 0, 7, 213, 63, 7, 4.85%, 0, 0, 2, 89.61, 28232, 169, 0, 0
305, 0, 8, 216, 65, 21, 4.97%, 0, 0, 2, 89.32, 28686, 173, 0, 0
310, 0, 8, 222, 71, 21, 5.08%, 0, 0, 2, 89.82, 29150, 177, 0, 0
315, 0, 8, 228, 77, 21, 5.23%, 0, 0, 2, 90.20, 29605, 182, 0, 0
320, 0, 8, 230, 79, 21, 5.29%, 0, 0, 2, 89.95, 30071, 184, 0, 0
325, 0, 8, 233, 82, 21, 5.34%, 0, 0, 2, 89.99, 30535, 186, 0, 0
330, 0, 8, 234, 83, 21, 5.34%, 0, 0, 2, 90.16, 30997, 186, 0, 0
336, 0, 8, 236, 85, 21, 5.40%, 0, 0, 2, 89.82, 31460, 188, 0, 0
341, 0, 8, 241, 90, 21, 5.43%, 0, 0, 2, 89.61, 31912, 189, 0, 0
346, 0, 8, 246, 95, 21, 5.49%, 0, 0, 2, 89.83, 32378, 191, 0, 0
351, 0, 8, 246, 95, 21, 5.49%, 0, 0, 2, 89.88, 32837, 191, 0, 0
356, 0, 8, 247, 96, 21, 5.49%, 0, 0, 2, 90.06, 33304, 191, 0, 0
361, 0, 8, 248, 97, 21, 5.49%, 0, 0, 2, 89.82, 33760, 191, 0, 0
366, 0, 8, 249, 98, 21, 5.52%, 0, 0, 2, 89.89, 34226, 192, 0, 0
371, 0, 8, 249, 98, 21, 5.52%, 0, 0, 2, 90.12, 34687, 192, 0, 0
377, 0, 8, 249, 98, 21, 5.52%, 0, 0, 2, 90.08, 35148, 192, 0, 0
382, 0, 127, 256, 104, 33, 5.60%, 0, 0, 2, 90.27, 35608, 195, 0, 0
387, 0, 127, 259, 107, 33, 5.60%, 0, 0, 2, 90.30, 36072, 195, 0, 0
392, 0, 127, 260, 108, 33, 5.60%, 0, 0, 2, 90.34, 36538, 195, 0, 0
397, 0, 127, 262, 110, 33, 5.63%, 0, 0, 2, 90.43, 36996, 196, 0, 0
402, 0, 127, 266, 114, 33, 5.63%, 0, 0, 2, 90.27, 37464, 196, 0, 0
407, 0, 127, 267, 115, 33, 5.63%, 0, 0, 2, 89.80, 37932, 196, 0, 0
412, 0, 127, 267, 115, 33, 5.63%, 0, 0, 2, 89.77, 38389, 196, 0, 0
418, 0, 127, 267, 115, 33, 5.63%, 0, 0, 2, 90.06, 38851, 196, 0, 0
423, 0, 127, 267, 115, 33, 5.63%, 0, 0, 2, 90.50, 39319, 196, 0, 0
428, 0, 127, 268, 116, 33, 5.63%, 0, 0, 2, 90.40, 39785, 196, 0, 0
433, 0, 127, 269, 117, 33, 5.63%, 0, 0, 2, 90.22, 40247, 196, 0, 0
438, 0, 127, 270, 118, 33, 5.63%, 0, 0, 2, 90.22, 40716, 196, 0, 0
443, 0, 127, 270, 118, 33, 5.63%, 0, 0, 2, 89.72, 41178, 196, 0, 0
449, 0, 127, 270, 118, 33, 5.63%, 0, 0, 2, 89.83, 41640, 196, 0, 0
454, 0, 187, 271, 117, 34, 5.63%, 0, 0, 2, 89.85, 42106, 196, 0, 0
459, 0, 201, 271, 112, 29, 5.63%, 0, 0, 2, 89.29, 42560, 196, 0, 0
464, 0, 210, 271, 108, 25, 5.63%, 0, 0, 2, 90.47, 43038, 196, 0, 0
469, 0, 225, 272, 102, 18, 5.63%, 0, 0, 3, 90.75, 43507, 196, 0, 0
474, 0, 229, 274, 100, 14, 5.63%, 0, 0, 3, 90.96, 43981, 196, 0, 0
480, 0, 244, 277, 97, 11, 5.72%, 0, 0, 3, 90.54, 44452, 199, 0, 0
486, 0, 251, 281, 97, 8, 5.72%, 0, 0, 3, 89.26, 45013, 199, 0, 0
491, 0, 274, 282, 94, 4, 5.72%, 0, 0, 4, 90.44, 45487, 199, 0, 0
497, 1, 15, 283, 90, 0, 5.72%, 0, 0, 4, 90.64, 46026, 199, 0, 0
504, 1, 124, 283, 87, 0, 5.72%, 0, 0, 4, 90.76, 46623, 199, 0, 0
509, 1, 164, 283, 85, 0, 5.72%, 0, 0, 4, 90.62, 47084, 199, 0, 0
514, 1, 166, 283, 83, 0, 5.72%, 0, 0, 4, 90.28, 47548, 199, 0, 0
519, 1, 197, 283, 81, 0, 5.72%, 0, 0, 4, 90.25, 48007, 199, 0, 0
524, 1, 203, 283, 78, 0, 5.72%, 0, 0, 4, 90.50, 48464, 199, 0, 0
529, 1, 212, 284, 77, 0, 5.72%, 0, 0, 4, 90.90, 48942, 199, 0, 0
534, 1, 220, 285, 74, 0, 5.72%, 0, 0, 4, 90.73, 49405, 199, 0, 0
541, 1, 265, 286, 74, 1, 5.72%, 0, 0, 4, 89.38, 49993, 199, 0, 0
547, 1, 286, 287, 72, 0, 5.72%, 0, 0, 4, 88.30, 50527, 199, 0, 0
552, 1, 286, 292, 77, 0, 5.72%, 0, 0, 5, 90.30, 50986, 199, 0, 0
557, 1, 286, 292, 77, 0, 5.72%, 0, 0, 5, 89.45, 51440, 199, 0, 0
562, 1, 286, 293, 78, 0, 5.72%, 0, 0, 5, 89.23, 51896, 199, 0, 0
567, 1, 286, 294, 79, 0, 5.72%, 0, 0, 5, 90.61, 52368, 199, 0, 0
573, 1, 286, 294, 79, 0, 5.72%, 0, 0, 5, 90.82, 52840, 199, 0, 0
578, 1, 286, 294, 79, 0, 5.72%, 0, 0, 5, 90.95, 53295, 199, 0, 0
583, 1, 286, 294, 79, 0, 5.72%, 0, 0, 5, 91.00, 53765, 199, 0, 0
588, 1, 286, 295, 80, 0, 5.72%, 0, 0, 5, 90.69, 54236, 199, 0, 0
593, 1, 286, 295, 80, 0, 5.72%, 0, 0, 5, 90.60, 54701, 199, 0, 0
598, 1, 286, 295, 80, 0, 5.72%, 0, 0, 5, 90.56, 55170, 199, 0, 0
603, 1, 286, 298, 83, 0, 5.72%, 0, 0, 5, 90.11, 55621, 199, 0, 0
608, 1, 286, 299, 84, 0, 5.72%, 0, 0, 5, 90.33, 56089, 199, 0, 0
614, 1, 286, 299, 84, 0, 5.72%, 0, 0, 5, 90.68, 56558, 199, 0, 0
619, 1, 287, 299, 83, 0, 5.72%, 0, 0, 5, 90.59, 57026, 199, 0, 0
624, 1, 287, 323, 107, 0, 5.72%, 0, 0, 5, 89.52, 57477, 199, 0, 0
629, 1, 287, 344, 128, 0, 5.72%, 0, 0, 5, 89.43, 57927, 199, 0, 0
634, 1, 299, 345, 128, 8, 5.72%, 0, 0, 5, 89.85, 58382, 199, 0, 0
640, 1, 309, 345, 125, 5, 5.72%, 0, 0, 5, 89.45, 58941, 199, 0, 0
645, 1, 332, 346, 123, 2, 5.72%, 0, 0, 5, 89.91, 59390, 199, 0, 0
650, 1, 338, 347, 122, 0, 5.72%, 0, 0, 5, 90.44, 59861, 199, 0, 0
657, 2, 16, 347, 118, 0, 5.72%, 0, 0, 5, 90.62, 60440, 199, 0, 0
662, 2, 135, 348, 116, 0, 5.72%, 0, 0, 5, 90.74, 60928, 199, 0, 0
667, 2, 163, 348, 114, 0, 5.72%, 0, 0, 5, 90.78, 61393, 199, 0, 0
672, 2, 210, 348, 113, 0, 5.72%, 0, 0, 5, 90.50, 61853, 199, 0, 0
677, 2, 221, 348, 111, 0, 5.72%, 0, 0, 5, 90.49, 62310, 199, 0, 0
683, 2, 234, 348, 111, 0, 5.72%, 0, 0, 5, 90.24, 62800, 199, 0, 0
688, 2, 255, 348, 109, 0, 5.72%, 0, 0, 5, 90.13, 63254, 199, 0, 0
693, 2, 262, 348, 107, 0, 5.72%, 0, 0, 5, 90.02, 63718, 199, 0, 0
698, 2, 307, 350, 106, 1, 5.75%, 0, 0, 5, 90.72, 64185, 200, 0, 0
704, 2, 348, 352, 107, 1, 5.75%, 0, 0, 5, 90.91, 64719, 200, 0, 0
709, 3, 0, 353, 105, 0, 5.75%, 0, 0, 5, 90.75, 65171, 200, 0, 0
714, 3, 201, 353, 101, 0, 5.75%, 0, 0, 5, 90.21, 65628, 200, 0, 0
719, 3, 224, 353, 101, 0, 5.75%, 0, 0, 5, 90.07, 66087, 200, 0, 0
724, 3, 242, 353, 100, 0, 5.75%, 0, 0, 5, 90.11, 66547, 200, 0, 0
729, 3, 268, 353, 98, 0, 5.75%, 0, 0, 5, 89.88, 67010, 200, 0, 0
735, 3, 292, 354, 97, 0, 5.75%, 0, 0, 5, 90.08, 67468, 200, 0, 0
740, 3, 296, 357, 99, 0, 5.75%, 0, 0, 6, 90.23, 67920, 200, 0, 0
745, 3, 296, 357, 99, 0, 5.75%, 0, 0, 6, 90.60, 68390, 200, 0, 0
750, 3, 296, 358, 100, 0, 5.75%, 0, 0, 6, 90.34, 68860, 200, 0, 0
755, 3, 296, 358, 100, 0, 5.75%, 0, 0, 6, 90.56, 69330, 200, 0, 0
760, 3, 296, 358, 100, 0, 5.75%, 0, 0, 6, 90.91, 69804, 200, 0, 0
766, 3, 296, 358, 100, 0, 5.75%, 0, 0, 6, 91.02, 70278, 200, 0, 0
771, 3, 296, 358, 100, 0, 5.75%, 0, 0, 6, 90.33, 70746, 200, 0, 0
776, 3, 301, 358, 98, 0, 5.75%, 0, 0, 6, 89.88, 71206, 200, 0, 0
781, 3, 322, 358, 96, 0, 5.75%, 0, 0, 6, 89.78, 71670, 200, 0, 0
786, 3, 326, 358, 94, 0, 5.75%, 0, 0, 6, 89.81, 72132, 200, 0, 0
791, 3, 337, 359, 92, 0, 5.75%, 0, 0, 6, 89.58, 72597, 200, 0, 0
796, 3, 348, 359, 90, 0, 5.75%, 0, 0, 6, 88.44, 73064, 200, 0, 0
802, 3, 355, 361, 91, 0, 5.75%, 0, 0, 7, 89.69, 73530, 200, 0, 0
807, 3, 355, 361, 91, 0, 5.75%, 0, 0, 7, 90.07, 73990, 200, 0, 0
812, 3, 358, 363, 91, 0, 5.75%, 0, 0, 7, 87.88, 74442, 200, 0, 0
818, 4, 117, 363, 89, 0, 5.75%, 0, 0, 7, 88.71, 74974, 200, 0, 0
823, 4, 195, 363, 83, 0, 5.75%, 0, 0, 7, 89.45, 75430, 200, 0, 0
828, 4, 219, 363, 83, 0, 5.75%, 0, 0, 7, 89.92, 75888, 200, 0, 0
833, 4, 232, 363, 83, 0, 5.75%, 0, 0, 7, 90.06, 76348, 200, 0, 0
838, 4, 254, 363, 80, 0, 5.75%, 0, 0, 7, 89.90, 76831, 200, 0, 0
844, 4, 278, 364, 80, 0, 5.75%, 0, 0, 7, 89.65, 77285, 200, 0, 0
849, 4, 290, 364, 77, 0, 5.75%, 0, 0, 7, 89.71, 77733, 200, 0, 0
854, 4, 294, 364, 75, 0, 5.75%, 0, 0, 7, 89.46, 78188, 200, 0, 0
859, 4, 303, 364, 73, 0, 5.75%, 0, 0, 7, 89.53, 78651, 200, 0, 0
864, 4, 317, 365, 72, 0, 5.75%, 0, 0, 7, 89.81, 79112, 200, 0, 0
869, 4, 335, 366, 71, 0, 5.75%, 0, 0, 7, 90.10, 79574, 200, 0, 0
874, 4, 345, 369, 73, 0, 5.75%, 0, 0, 7, 89.37, 80033, 200, 0, 0
879, 4, 345, 369, 73, 0, 5.75%, 0, 0, 7, 89.76, 80493, 200, 0, 0
884, 5, 122, 369, 70, 0, 5.75%, 0, 0, 7, 90.45, 80948, 200, 0, 0
889, 5, 204, 369, 68, 0, 5.75%, 0, 0, 7, 88.88, 81403, 200, 0, 0
895, 5, 225, 369, 67, 0, 5.75%, 0, 0, 7, 89.81, 81871, 200, 0, 0
901, 5, 258, 369, 67, 0, 5.75%, 0, 0, 7, 89.05, 82443, 200, 0, 0
906, 5, 284, 369, 64, 0, 5.75%, 0, 0, 7, 89.91, 82906, 200, 0, 0
912, 5, 297, 369, 63, 0, 5.75%, 0, 0, 7, 88.93, 83421, 200, 0, 0
917, 5, 309, 369, 62, 0, 5.75%, 0, 0, 7, 88.93, 83876, 200, 0, 0
922, 5, 311, 371, 64, 0, 5.75%, 0, 0, 7, 89.04, 84327, 200, 0, 0
927, 5, 336, 372, 63, 0, 5.75%, 0, 0, 7, 90.22, 84795, 200, 0, 0
933, 5, 354, 372, 61, 0, 5.75%, 0, 0, 7, 88.19, 85243, 200, 0, 0
938, 5, 363, 373, 61, 0, 5.75%, 0, 0, 7, 88.00, 85685, 200, 0, 0
943, 5, 363, 373, 61, 0, 5.75%, 0, 0, 7, 89.39, 86142, 200, 0, 0
948, 5, 369, 373, 59, 0, 5.75%, 0, 0, 7, 89.66, 86601, 200, 0, 0
953, 6, 196, 373, 58, 0, 5.75%, 0, 0, 7, 89.58, 87103, 200, 0, 0
958, 6, 221, 373, 57, 0, 5.75%, 0, 0, 7, 89.29, 87559, 200, 0, 0
964, 6, 236, 373, 57, 0, 5.75%, 0, 0, 7, 89.32, 88015, 200, 0, 0
969, 6, 272, 373, 53, 0, 5.75%, 0, 0, 7, 89.77, 88473, 200, 0, 0
974, 6, 304, 373, 53, 0, 5.75%, 0, 0, 7, 89.89, 88938, 200, 0, 0
979, 6, 313, 373, 51, 0, 5.75%, 0, 0, 7, 89.25, 89390, 200, 0, 0
984, 6, 339, 373, 48, 0, 5.75%, 0, 0, 7, 89.64, 89846, 200, 0, 0
989, 6, 361, 373, 46, 0, 5.75%, 0, 0, 7, 88.08, 90293, 200, 0, 0
994, 6, 365, 374, 46, 0, 5.75%, 0, 0, 7, 89.07, 90749, 200, 0, 0
999, 7, 199, 374, 43, 0, 5.75%, 0, 0, 7, 89.16, 91202, 200, 0, 0
1004, 7, 220, 374, 41, 0, 5.75%, 0, 0, 7, 89.86, 91660, 200, 0, 0
1009, 7, 236, 374, 41, 0, 5.75%, 0, 0, 7, 89.71, 92116, 200, 0, 0
1014, 7, 273, 374, 40, 0, 5.75%, 0, 0, 7, 90.05, 92566, 200, 0, 0
1020, 7, 288, 374, 38, 0, 5.75%, 0, 0, 7, 90.41, 93033, 200, 0, 0
1025, 7, 310, 374, 37, 0, 5.75%, 0, 0, 7, 89.03, 93545, 200, 0, 0
1032, 7, 360, 375, 37, 0, 5.75%, 0, 0, 7, 88.17, 94132, 200, 0, 0
1037, 8, 12, 375, 35, 0, 5.75%, 0, 0, 7, 89.12, 94588, 200, 0, 0
1042, 8, 199, 375, 33, 0, 5.75%, 0, 0, 7, 88.97, 95043, 200, 0, 0
1047, 8, 220, 375, 32, 0, 5.75%, 0, 0, 7, 88.28, 95491, 200, 0, 0
1052, 8, 235, 375, 32, 0, 5.75%, 0, 0, 7, 86.38, 95932, 200, 0, 0
1058, 8, 276, 375, 32, 0, 5.75%, 0, 0, 7, 86.20, 96375, 200, 0, 0
1063, 8, 303, 375, 31, 0, 5.75%, 0, 0, 7, 86.44, 96807, 200, 0, 0
1068, 8, 312, 375, 30, 0, 5.75%, 0, 0, 7, 85.13, 97240, 200, 0, 0
1073, 8, 348, 375, 29, 0, 5.75%, 0, 0, 7, 84.70, 97676, 200, 0, 0
1078, 8, 368, 375, 28, 0, 5.75%, 0, 0, 7, 88.83, 98135, 200, 0, 0
1083, 9, 186, 375, 25, 0, 5.75%, 0, 0, 7, 89.26, 98589, 200, 0, 0
1088, 9, 213, 375, 25, 0, 5.75%, 0, 0, 7, 89.41, 99041, 200, 0, 0
1093, 9, 230, 375, 25, 0, 5.75%, 0, 0, 7, 90.06, 99503, 200, 0, 0
1098, 9, 261, 375, 25, 0, 5.75%, 0, 0, 7, 90.00, 99960, 200, 0, 0
1104, 9, 291, 375, 24, 0, 5.75%, 0, 0, 7, 89.95, 100462, 200, 0, 0
1109, 9, 312, 375, 23, 0, 5.75%, 0, 0, 7, 89.51, 100924, 200, 0, 0
1114, 9, 351, 376, 24, 0, 5.75%, 0, 0, 7, 88.64, 101384, 200, 0, 0
1119, 9, 366, 376, 22, 0, 5.75%, 0, 0, 7, 86.54, 101830, 200, 0, 0
1124, 10, 201, 376, 22, 0, 5.75%, 0, 0, 7, 88.73, 102280, 200, 0, 0
1129, 10, 224, 376, 22, 0, 5.75%, 0, 0, 7, 89.70, 102738, 200, 0, 0
1135, 10, 248, 376, 22, 0, 5.75%, 0, 0, 7, 89.66, 103201, 200, 0, 0
1140, 10, 272, 376, 20, 0, 5.75%, 0, 0, 7, 89.80, 103665, 200, 0, 0
1145, 10, 296, 376, 19, 0, 5.75%, 0, 0, 7, 90.16, 104127, 200, 0, 0
1150, 10, 333, 376, 19, 0, 5.75%, 0, 0, 7, 89.75, 104589, 200, 0, 0
1155, 10, 350, 376, 18, 0, 5.75%, 0, 0, 7, 89.92, 105056, 200, 0, 0
1160, 10, 366, 377, 18, 0, 5.75%, 0, 0, 8, 89.22, 105512, 200, 0, 0
1165, 10, 373, 377, 17, 0, 5.75%, 0, 0, 8, 89.95, 105969, 200, 0, 0
1171, 11, 203, 377, 17, 0, 5.75%, 0, 0, 8, 88.70, 106423, 200, 0, 0
1176, 11, 225, 377, 17, 0, 5.75%, 0, 0, 8, 88.37, 106872, 200, 0, 0
1181, 11, 239, 377, 17, 0, 5.75%, 0, 0, 8, 88.99, 107322, 200, 0, 0
1186, 11, 272, 377, 15, 0, 5.75%, 0, 0, 8, 88.07, 107773, 200, 0, 0
1191, 11, 309, 377, 15, 0, 5.75%, 0, 0, 8, 87.36, 108220, 200, 0, 0
1196, 11, 334, 377, 15, 0, 5.75%, 0, 0, 8, 88.18, 108678, 200, 0, 0
1201, 11, 360, 378, 15, 0, 5.75%, 0, 0, 8, 86.58, 109116, 200, 0, 0
1206, 11, 360, 379, 16, 0, 5.75%, 0, 0, 8, 85.98, 109551, 200, 0, 0
1213, 11, 376, 379, 16, 0, 5.75%, 0, 0, 8, 86.02, 110157, 200, 0, 0
1218, 11, 376, 379, 16, 0, 5.75%, 0, 0, 8, 87.81, 110606, 200, 0, 0
1223, 12, 191, 379, 15, 0, 5.75%, 0, 0, 8, 88.17, 111056, 200, 0, 0
1228, 12, 215, 379, 15, 0, 5.75%, 0, 0, 8, 89.02, 111508, 200, 0, 0
1234, 12, 388, 391, 27, 1, 5.75%, 0, 0, 8, 89.29, 111975, 200, 0, 0
1239, 13, 117, 391, 26, 0, 5.75%, 0, 0, 8, 87.98, 112422, 200, 0, 0
1244, 13, 203, 391, 26, 0, 5.75%, 0, 0, 8, 88.91, 112876, 200, 0, 0
1249, 13, 226, 391, 26, 0, 5.75%, 0, 0, 8, 89.31, 113329, 200, 0, 0
1254, 13, 258, 391, 26, 0, 5.75%, 0, 0, 8, 89.65, 113785, 200, 0, 0
1259, 13, 277, 391, 25, 0, 5.75%, 0, 0, 8, 89.38, 114235, 200, 0, 0
1264, 13, 315, 391, 25, 0, 5.75%, 0, 0, 8, 88.21, 114683, 200, 0, 0
1269, 13, 380, 391, 24, 0, 5.75%, 0, 0, 8, 89.54, 115138, 200, 0, 0
1274, 13, 385, 392, 24, 0, 5.75%, 0, 0, 8, 89.48, 115592, 200, 0, 0
1279, 13, 385, 393, 25, 0, 5.75%, 0, 0, 8, 89.40, 116045, 200, 0, 0
1285, 13, 388, 394, 25, 0, 5.75%, 0, 0, 8, 87.66, 116497, 200, 0, 0
1290, 13, 389, 395, 26, 0, 5.75%, 0, 0, 8, 87.78, 116950, 200, 0, 0
1295, 13, 392, 396, 26, 0, 5.75%, 0, 0, 8, 87.86, 117399, 200, 0, 0
1300, 14, 188, 396, 25, 0, 5.75%, 0, 0, 8, 87.55, 117848, 200, 0, 0
1305, 14, 217, 396, 25, 0, 5.75%, 0, 0, 8, 87.64, 118297, 200, 0, 0
1310, 14, 236, 396, 25, 0, 5.75%, 0, 0, 8, 89.86, 118761, 200, 0, 0
1316, 14, 268, 396, 25, 0, 5.75%, 0, 0, 8, 90.15, 119236, 200, 0, 0
1321, 14, 299, 396, 25, 0, 5.75%, 0, 0, 8, 90.19, 119699, 200, 0, 0
1326, 14, 348, 396, 25, 0, 5.75%, 0, 0, 8, 89.08, 120153, 200, 0, 0
1331, 14, 370, 397, 26, 0, 5.75%, 0, 0, 8, 88.74, 120605, 200, 0, 0
1336, 14, 377, 397, 25, 0, 5.75%, 0, 0, 8, 88.13, 121059, 200, 0, 0
1341, 14, 377, 397, 25, 0, 5.75%, 0, 0, 8, 88.06, 121509, 200, 0, 0
1346, 14, 388, 397, 23, 0, 5.75%, 0, 0, 8, 89.21, 121966, 200, 0, 0
1351, 14, 391, 398, 24, 0, 5.75%, 0, 0, 8, 89.38, 122425, 200, 0, 0
1356, 15, 51, 398, 22, 0, 5.75%, 0, 0, 8, 89.34, 122884, 200, 0, 0
1362, 15, 204, 398, 22, 0, 5.75%, 0, 0, 8, 89.02, 123335, 200, 0, 0
1367, 15, 227, 398, 22, 0, 5.75%, 0, 0, 8, 89.63, 123792, 200, 0, 0
1372, 15, 256, 398, 22, 0, 5.75%, 0, 0, 8, 89.83, 124249, 200, 0, 0
1377, 15, 287, 398, 22, 0, 5.75%, 0, 0, 8, 90.16, 124715, 200, 0, 0
1382, 15, 356, 398, 21, 0, 5.75%, 0, 0, 8, 89.45, 125175, 200, 0, 0
1387, 15, 381, 398, 20, 0, 5.75%, 0, 0, 8, 88.64, 125625, 200, 0, 0
1392, 15, 386, 398, 18, 0, 5.75%, 0, 0, 8, 89.79, 126081, 200, 0, 0
1397, 16, 13, 398, 16, 0, 5.75%, 0, 0, 8, 88.25, 126533, 200, 0, 0
1402, 16, 201, 398, 15, 0, 5.75%, 0, 0, 8, 89.15, 126985, 200, 0, 0
1407, 16, 222, 398, 15, 0, 5.75%, 0, 0, 8, 89.47, 127442, 200, 0, 0
1413, 16, 239, 398, 15, 0, 5.75%, 0, 0, 8, 90.07, 127905, 200, 0, 0
1418, 16, 272, 398, 15, 0, 5.75%, 0, 0, 8, 90.03, 128369, 200, 0, 0
1423, 16, 321, 398, 15, 0, 5.75%, 0, 0, 8, 88.60, 128823, 200, 0, 0
1428, 17, 7, 398, 14, 0, 5.75%, 0, 0, 8, 88.46, 129269, 200, 0, 0
1433, 17, 203, 398, 14, 0, 5.75%, 0, 0, 8, 88.03, 129718, 200, 0, 0
1438, 17, 224, 398, 14, 0, 5.75%, 0, 0, 8, 88.70, 130176, 200, 0, 0
1443, 17, 249, 398, 14, 0, 5.75%, 0, 0, 8, 88.60, 130625, 200, 0, 0
1448, 17, 312, 398, 14, 0, 5.75%, 0, 0, 8, 87.85, 131076, 200, 0, 0
1455, 17, 395, 398, 13, 0, 5.75%, 0, 0, 8, 88.54, 131691, 200, 0, 0
1460, 18, 195, 398, 12, 0, 5.75%, 0, 0, 8, 88.92, 132144, 200, 0, 0
1465, 18, 223, 398, 12, 0, 5.75%, 0, 0, 8, 89.05, 132597, 200, 0, 0
1471, 18, 242, 398, 12, 0, 5.75%, 0, 0, 8, 89.68, 133056, 200, 0, 0
1476, 18, 299, 398, 12, 0, 5.75%, 0, 0, 8, 90.16, 133518, 200, 0, 0
1481, 18, 349, 398, 12, 0, 5.75%, 0, 0, 8, 89.81, 133976, 200, 0, 0
1486, 18, 377, 398, 11, 0, 5.75%, 0, 0, 8, 87.91, 134429, 200, 0, 0
1491, 18, 377, 398, 11, 0, 5.75%, 0, 0, 8, 86.00, 134870, 200, 0, 0
1496, 18, 383, 398, 10, 0, 5.75%, 0, 0, 8, 88.96, 135326, 200, 0, 0
1501, 18, 394, 398, 8, 0, 5.75%, 0, 0, 8, 89.63, 135788, 200, 0, 0
1506, 18, 397, 398, 8, 0, 5.75%, 0, 0, 8, 88.86, 136244, 200, 0, 0
1512, 19, 203, 398, 7, 0, 5.75%, 0, 0, 8, 89.44, 136697, 200, 0, 0
1517, 19, 226, 398, 7, 0, 5.75%, 0, 0, 8, 89.17, 137149, 200, 0, 0
1522, 19, 271, 398, 7, 0, 5.75%, 0, 0, 8, 89.86, 137610, 200, 0, 0
1527, 19, 312, 398, 7, 0, 5.75%, 0, 0, 8, 89.58, 138070, 200, 0, 0
1532, 19, 375, 398, 6, 0, 5.75%, 0, 0, 8, 89.65, 138526, 200, 0, 0
1537, 19, 397, 398, 5, 0, 5.75%, 0, 0, 8, 89.25, 138980, 200, 0, 0
1542, 20, 189, 398, 5, 0, 5.75%, 0, 0, 8, 89.19, 139441, 200, 0, 0
1547, 20, 213, 398, 5, 0, 5.75%, 0, 0, 8, 89.20, 139892, 200, 0, 0
1552, 20, 233, 398, 5, 0, 5.75%, 0, 0, 8, 89.16, 140345, 200, 0, 0
1557, 20, 277, 398, 5, 0, 5.75%, 0, 0, 8, 89.46, 140799, 200, 0, 0
1563, 20, 312, 398, 4, 0, 5.75%, 0, 0, 8, 89.25, 141252, 200, 0, 0
1568, 20, 366, 398, 4, 0, 5.75%, 0, 0, 8, 89.40, 141704, 200, 0, 0
1573, 20, 390, 398, 4, 0, 5.75%, 0, 0, 8, 89.25, 142157, 200, 0, 0
1578, 21, 203, 398, 3, 0, 5.75%, 0, 0, 8, 88.66, 142607, 200, 0, 0
1583, 21, 226, 398, 3, 0, 5.75%, 0, 0, 8, 88.84, 143060, 200, 0, 0
1589, 21, 270, 398, 3, 0, 5.75%, 0, 0, 8, 89.61, 143590, 200, 0, 0
1594, 21, 309, 398, 3, 0, 5.75%, 0, 0, 8, 89.12, 144042, 200, 0, 0
1599, 21, 370, 398, 2, 0, 5.75%, 0, 0, 8, 88.98, 144514, 200, 0, 0
1604, 21, 378, 398, 2, 0, 5.75%, 0, 0, 8, 88.34, 144964, 200, 0, 0
1609, 22, 194, 398, 1, 0, 5.75%, 0, 0, 8, 89.05, 145417, 200, 0, 0
1614, 22, 221, 398, 1, 0, 5.75%, 0, 0, 8, 89.02, 145866, 200, 0, 0
1619, 22, 242, 398, 1, 0, 5.75%, 0, 0, 8, 89.22, 146323, 200, 0, 0
1625, 22, 297, 398, 1, 0, 5.75%, 0, 0, 8, 89.37, 146779, 200, 0, 0
1630, 22, 355, 398, 1, 0, 5.75%, 0, 0, 8, 88.61, 147244, 200, 0, 0
1635, 22, 378, 398, 1, 0, 5.75%, 0, 0, 8, 87.57, 147692, 200, 0, 0
1640, 22, 378, 398, 1, 0, 5.75%, 0, 0, 8, 86.57, 148139, 200, 0, 0
1645, 22, 387, 398, 1, 0, 5.75%, 0, 0, 8, 88.82, 148594, 200, 0, 0
1650, 23, 203, 398, 0, 0, 5.75%, 0, 0, 8, 89.31, 149046, 200, 0, 0
1655, 23, 226, 398, 0, 0, 5.75%, 0, 0, 8, 89.82, 149504, 200, 0, 0
1660, 23, 272, 398, 0, 0, 5.75%, 0, 0, 8, 89.55, 149955, 200, 0, 0
1666, 23, 317, 398, 0, 0, 5.75%, 0, 0, 8, 88.45, 150472, 200, 0, 0
1672, 24, 121, 398, 0, 0, 5.75%, 0, 0, 8, 88.52, 150963, 200, 0, 0
1677, 24, 204, 398, 0, 0, 5.75%, 0, 0, 8, 88.39, 151413, 200, 0, 0
1682, 24, 227, 398, 0, 0, 5.75%, 0, 0, 8, 88.81, 151866, 200, 0, 0
1687, 24, 271, 398, 0, 0, 5.75%, 0, 0, 8, 88.83, 152316, 200, 0, 0
1692, 24, 296, 398, 0, 0, 5.75%, 0, 0, 8, 89.42, 152783, 200, 0, 0
1697, 24, 371, 398, 0, 0, 5.75%, 0, 0, 8, 89.67, 153242, 200, 0, 0
1702, 25, 188, 398, 0, 0, 5.75%, 0, 0, 8, 89.83, 153689, 200, 0, 0
1707, 25, 213, 398, 0, 0, 5.75%, 0, 0, 8, 89.55, 154141, 200, 0, 0
1712, 25, 230, 398, 0, 0, 5.75%, 0, 0, 8, 89.08, 154593, 200, 0, 0
1718, 25, 276, 398, 0, 0, 5.75%, 0, 0, 8, 88.83, 155043, 200, 0, 0
1723, 25, 332, 398, 0, 0, 5.75%, 0, 0, 8, 88.33, 155494, 200, 0, 0
1728, 26, 143, 398, 0, 0, 5.75%, 0, 0, 8, 86.36, 155950, 200, 0, 0
1733, 26, 210, 398, 0, 0, 5.75%, 0, 0, 8, 87.08, 156400, 200, 0, 0
1738, 26, 226, 398, 0, 0, 5.75%, 0, 0, 8, 87.53, 156844, 200, 0, 0
1743, 26, 249, 398, 0, 0, 5.75%, 0, 0, 8, 87.55, 157293, 200, 0, 0
1748, 26, 289, 398, 0, 0, 5.75%, 0, 0, 8, 88.24, 157747, 200, 0, 0
1754, 26, 335, 398, 0, 0, 5.75%, 0, 0, 8, 87.91, 158196, 200, 0, 0
1759, 27, 195, 398, 0, 0, 5.75%, 0, 0, 8, 87.78, 158647, 200, 0, 0
1764, 27, 220, 398, 0, 0, 5.75%, 0, 0, 8, 87.80, 159096, 200, 0, 0
1769, 27, 236, 398, 0, 0, 5.75%, 0, 0, 8, 88.41, 159546, 200, 0, 0
1774, 27, 277, 398, 0, 0, 5.75%, 0, 0, 8, 88.70, 159996, 200, 0, 0
1779, 27, 293, 398, 0, 0, 5.75%, 0, 0, 8, 87.60, 160442, 200, 0, 0
1784, 27, 332, 398, 0, 0, 5.75%, 0, 0, 8, 87.67, 160882, 200, 0, 0
1789, 27, 384, 398, 0, 0, 5.75%, 0, 0, 8, 88.30, 161327, 200, 0, 0
1794, 28, 188, 398, 0, 0, 5.75%, 0, 0, 8, 88.51, 161778, 200, 0, 0
1799, 28, 213, 398, 0, 0, 5.75%, 0, 0, 8, 86.41, 162221, 200, 0, 0
1804, 28, 233, 398, 0, 0, 5.75%, 0, 0, 8, 87.45, 162670, 200, 0, 0
1810, 28, 261, 398, 0, 0, 5.75%, 0, 0, 8, 87.90, 163117, 200, 0, 0
1815, 28, 301, 398, 0, 0, 5.75%, 0, 0, 8, 88.20, 163566, 200, 0, 0
1820, 28, 389, 398, 0, 0, 5.75%, 0, 0, 8, 88.28, 164014, 200, 0, 0
1825, 29, 195, 398, 0, 0, 5.75%, 0, 0, 8, 88.65, 164465, 200, 0, 0
1830, 29, 220, 398, 0, 0, 5.75%, 0, 0, 8, 88.49, 164923, 200, 0, 0
1835, 29, 232, 401, 3, 0, 5.75%, 0, 0, 8, 89.05, 165381, 200, 0, 0
1840, 29, 250, 401, 3, 0, 5.75%, 0, 0, 8, 88.80, 165831, 200, 0, 0
1845, 29, 309, 401, 3, 0, 5.75%, 0, 0, 8, 88.23, 166280, 200, 0, 0
1850, 29, 388, 401, 3, 0, 5.75%, 0, 0, 8, 87.75, 166727, 200, 0, 0
1855, 29, 399, 402, 4, 0, 5.75%, 0, 0, 8, 89.53, 167185, 200, 0, 0
1861, 30, 192, 402, 3, 0, 5.75%, 0, 0, 8, 89.40, 167647, 200, 0, 0
1866, 30, 215, 402, 3, 0, 5.75%, 0, 0, 8, 88.41, 168096, 200, 0, 0
1871, 30, 230, 402, 3, 0, 5.75%, 0, 0, 8, 87.96, 168544, 200, 0, 0
1877, 30, 259, 402, 3, 0, 5.75%, 0, 0, 8, 88.15, 169072, 200, 0, 0
1882, 30, 305, 402, 3, 0, 5.75%, 0, 0, 8, 88.06, 169522, 200, 0, 0
1889, 30, 400, 402, 3, 0, 5.75%, 0, 0, 8, 88.46, 170118, 200, 0, 0
1894, 30, 400, 404, 5, 0, 5.75%, 0, 0, 8, 89.11, 170578, 200, 0, 0
1899, 30, 401, 404, 4, 0, 5.75%, 0, 0, 8, 89.27, 171031, 200, 0, 0
1904, 31, 189, 404, 2, 0, 5.75%, 0, 0, 8, 86.91, 171477, 200, 0, 0
1909, 31, 213, 404, 2, 0, 5.75%, 0, 0, 8, 85.51, 171910, 200, 0, 0
1914, 31, 233, 404, 2, 0, 5.75%, 0, 0, 8, 87.66, 172357, 200, 0, 0
1919, 31, 277, 404, 2, 0, 5.75%, 0, 0, 8, 88.39, 172807, 200, 0, 0
1925, 31, 368, 404, 2, 0, 5.75%, 0, 0, 8, 88.63, 173281, 200, 0, 0
1930, 32, 164, 404, 2, 0, 5.75%, 0, 0, 8, 88.54, 173731, 200, 0, 0
1935, 32, 204, 404, 2, 0, 5.75%, 0, 0, 8, 88.32, 174180, 200, 0, 0
1940, 32, 225, 404, 2, 0, 5.75%, 0, 0, 8, 88.27, 174630, 200, 0, 0
1945, 32, 271, 404, 2, 0, 5.75%, 0, 0, 8, 88.43, 175082, 200, 0, 0
1950, 32, 309, 404, 2, 0, 5.75%, 0, 0, 8, 88.46, 175535, 200, 0, 0
1955, 32, 347, 404, 2, 0, 5.75%, 0, 0, 8, 87.58, 175970, 200, 0, 0
1960, 32, 366, 404, 2, 0, 5.75%, 0, 0, 8, 87.95, 176421, 200, 0, 0
1965, 32, 390, 404, 2, 0, 5.75%, 0, 0, 8, 87.99, 176862, 200, 0, 0
1970, 33, 144, 405, 2, 0, 5.75%, 0, 0, 8, 88.97, 177314, 200, 0, 0
1975, 33, 204, 405, 2, 0, 5.75%, 0, 0, 8, 88.30, 177764, 200, 0, 0
1981, 33, 226, 405, 2, 0, 5.75%, 0, 0, 8, 88.80, 178218, 200, 0, 0
1986, 33, 272, 405, 2, 0, 5.75%, 0, 0, 8, 88.73, 178669, 200, 0, 0
1991, 33, 300, 405, 2, 0, 5.75%, 0, 0, 8, 88.72, 179133, 200, 0, 0
1996, 33, 388, 405, 2, 0, 5.75%, 0, 0, 8, 88.46, 179582, 200, 0, 0
2001, 34, 203, 405, 2, 0, 5.75%, 0, 0, 8, 88.51, 180032, 200, 0, 0
2006, 34, 226, 405, 2, 0, 5.75%, 0, 0, 8, 89.03, 180484, 200, 0, 0
2011, 34, 272, 405, 2, 0, 5.75%, 0, 0, 8, 88.57, 180937, 200, 0, 0
2016, 34, 332, 405, 2, 0, 5.75%, 0, 0, 8, 88.60, 181389, 200, 0, 0
2021, 35, 199, 405, 2, 0, 5.75%, 0, 0, 8, 88.41, 181840, 200, 0, 0
2026, 35, 224, 405, 2, 0, 5.75%, 0, 0, 8, 88.26, 182289, 200, 0, 0
2032, 35, 244, 405, 2, 0, 5.75%, 0, 0, 8, 88.37, 182739, 200, 0, 0
2037, 35, 282, 405, 2, 0, 5.75%, 0, 0, 8, 88.94, 183220, 200, 0, 0
2042, 35, 334, 405, 2, 0, 5.75%, 0, 0, 8, 88.31, 183670, 200, 0, 0
2047, 35, 399, 405, 2, 0, 5.75%, 0, 0, 8, 89.30, 184133, 200, 0, 0
2052, 35, 403, 406, 3, 0, 5.75%, 0, 0, 8, 88.01, 184575, 200, 0, 0
2057, 36, 210, 406, 3, 0, 5.75%, 0, 0, 8, 87.36, 185024, 200, 0, 0
2062, 36, 229, 406, 3, 0, 5.75%, 0, 0, 8, 88.23, 185473, 200, 0, 0
2068, 36, 271, 406, 3, 0, 5.75%, 0, 0, 8, 88.68, 185923, 200, 0, 0
2073, 36, 301, 406, 3, 0, 5.75%, 0, 0, 8, 88.21, 186372, 200, 0, 0
2078, 36, 357, 406, 3, 0, 5.75%, 0, 0, 8, 88.45, 186828, 200, 0, 0
2083, 36, 388, 406, 3, 0, 5.75%, 0, 0, 8, 86.93, 187265, 200, 0, 0
2090, 36, 404, 407, 4, 0, 5.75%, 0, 0, 8, 87.53, 187856, 200, 0, 0
2095, 37, 194, 407, 3, 0, 5.75%, 0, 0, 8, 87.02, 188294, 200, 0, 0
2100, 37, 219, 407, 3, 0, 5.75%, 0, 0, 8, 88.04, 188743, 200, 0, 0
2105, 37, 233, 407, 3, 0, 5.75%, 0, 0, 8, 89.06, 189198, 200, 0, 0
2110, 37, 278, 407, 3, 0, 5.75%, 0, 0, 8, 89.36, 189647, 200, 0, 0
2115, 37, 316, 407, 3, 0, 5.75%, 0, 0, 8, 88.01, 190084, 200, 0, 0
2120, 37, 383, 408, 4, 0, 5.75%, 0, 0, 8, 88.87, 190535, 200, 0, 0
2125, 37, 405, 408, 4, 0, 5.75%, 0, 0, 8, 89.10, 190999, 200, 0, 0
2130, 38, 188, 408, 2, 0, 5.75%, 0, 0, 8, 89.33, 191452, 200, 0, 0
2135, 38, 213, 408, 2, 0, 5.75%, 0, 0, 8, 88.93, 191901, 200, 0, 0
2140, 38, 233, 408, 2, 0, 5.75%, 0, 0, 8, 89.02, 192351, 200, 0, 0
2145, 38, 276, 408, 2, 0, 5.75%, 0, 0, 8, 88.86, 192801, 200, 0, 0
2151, 38, 326, 408, 2, 0, 5.75%, 0, 0, 8, 88.56, 193280, 200, 0, 0
2156, 38, 372, 408, 2, 0, 5.75%, 0, 0, 8, 89.07, 193734, 200, 0, 0
2161, 38, 406, 408, 2, 0, 5.75%, 0, 0, 8, 88.94, 194178, 200, 0, 0
2166, 39, 194, 408, 1, 0, 5.75%, 0, 0, 8, 88.91, 194628, 200, 0, 0
2171, 39, 221, 408, 1, 0, 5.75%, 0, 0, 8, 88.65, 195077, 200, 0, 0
2176, 39, 242, 408, 1, 0, 5.75%, 0, 0, 8, 88.38, 195527, 200, 0, 0
2181, 39, 299, 408, 1, 0, 5.75%, 0, 0, 8, 88.48, 195976, 200, 0, 0
2186, 39, 332, 408, 1, 0, 5.75%, 0, 0, 8, 88.83, 196422, 200, 0, 0
2191, 39, 372, 408, 1, 0, 5.75%, 0, 0, 8, 88.48, 196867, 200, 0, 0
2196, 40, 194, 408, 1, 0, 5.75%, 0, 0, 8, 88.47, 197316, 200, 0, 0
2201, 40, 213, 408, 1, 0, 5.75%, 0, 0, 8, 89.37, 197772, 200, 0, 0
2207, 40, 230, 408, 1, 0, 5.75%, 0, 0, 8, 89.07, 198224, 200, 0, 0
2212, 40, 276, 408, 1, 0, 5.75%, 0, 0, 8, 88.80, 198674, 200, 0, 0
2217, 40, 332, 408, 1, 0, 5.75%, 0, 0, 8, 88.82, 199123, 200, 0, 0
2222, 41, 13, 408, 1, 0, 5.75%, 0, 0, 8, 89.21, 199580, 200, 0, 0
2227, 41, 199, 408, 1, 0, 5.75%, 0, 0, 8, 89.09, 200035, 200, 0, 0
2232, 41, 224, 408, 1, 0, 5.75%, 0, 0, 8, 89.05, 200489, 200, 0, 0
2237, 41, 249, 408, 1, 0, 5.75%, 0, 0, 8, 89.05, 200940, 200, 0, 0
2242, 41, 301, 408, 1, 0, 5.75%, 0, 0, 8, 89.32, 201393, 200, 0, 0
2247, 41, 351, 408, 1, 0, 5.75%, 0, 0, 8, 89.31, 201858, 200, 0, 0
2252, 41, 403, 409, 2, 0, 5.80%, 0, 0, 8, 87.67, 202307, 202, 0, 0
2258, 41, 408, 410, 3, 1, 5.86%, 0, 0, 8, 86.40, 202746, 204, 0, 0
2263, 41, 409, 410, 2, 1, 5.86%, 0, 0, 8, 86.62, 203182, 204, 0, 0
2268, 42, 189, 410, 1, 0, 5.86%, 0, 0, 8, 88.52, 203630, 204, 0, 0
2273, 42, 212, 410, 1, 0, 5.86%, 0, 0, 8, 89.84, 204089, 204, 0, 0
2278, 42, 233, 410, 1, 0, 5.86%, 0, 0, 8, 89.58, 204545, 204, 0, 0
2283, 42, 276, 410, 1, 0, 5.86%, 0, 0, 8, 89.97, 205003, 204, 0, 0
2288, 42, 348, 410, 1, 0, 5.86%, 0, 0, 8, 89.62, 205460, 204, 0, 0
2293, 42, 366, 410, 1, 0, 5.86%, 0, 0, 8, 87.44, 205906, 204, 0, 0
2298, 42, 401, 410, 1, 0, 5.86%, 0, 0, 8, 86.96, 206345, 204, 0, 0
2303, 42, 408, 410, 1, 0, 5.86%, 0, 0, 8, 88.11, 206809, 204, 0, 0
2308, 42, 409, 410, 1, 0, 5.86%, 0, 0, 8, 87.57, 207252, 204, 0, 0
2313, 43, 186, 410, 1, 0, 5.86%, 0, 0, 8, 88.89, 207701, 204, 0, 0
2318, 43, 213, 410, 1, 0, 5.86%, 0, 0, 8, 89.16, 208154, 204, 0, 0
2324, 43, 236, 410, 1, 0, 5.86%, 0, 0, 8, 88.86, 208606, 204, 0, 0
2329, 43, 296, 410, 1, 0, 5.86%, 0, 0, 8, 89.28, 209062, 204, 0, 0
2334, 43, 309, 410, 1, 0, 5.86%, 0, 0, 8, 89.39, 209525, 204, 0, 0
2339, 43, 387, 410, 1, 0, 5.86%, 0, 0, 8, 89.41, 209979, 204, 0, 0
2344, 43, 408, 410, 1, 0, 5.86%, 0, 0, 8, 88.42, 210436, 204, 0, 0
2349, 43, 409, 410, 1, 0, 5.86%, 0, 0, 8, 87.99, 210881, 204, 0, 0
2354, 44, 204, 410, 1, 0, 5.86%, 0, 0, 8, 89.19, 211334, 204, 0, 0
2359, 44, 230, 410, 1, 0, 5.86%, 0, 0, 8, 89.79, 211793, 204, 0, 0
2364, 44, 264, 410, 1, 0, 5.86%, 0, 0, 8, 90.19, 212246, 204, 0, 0
2369, 44, 296, 410, 1, 0, 5.86%, 0, 0, 8, 90.35, 212710, 204, 0, 0
2375, 44, 366, 410, 1, 0, 5.86%, 0, 0, 8, 89.73, 213170, 204, 0, 0
2380, 44, 376, 410, 1, 0, 5.86%, 0, 0, 8, 89.84, 213627, 204, 0, 0
2385, 44, 377, 410, 1, 0, 5.86%, 0, 0, 8, 87.46, 214081, 204, 0, 0
2390, 44, 408, 410, 1, 0, 5.86%, 0, 0, 8, 86.81, 214527, 204, 0, 0
2395, 44, 409, 410, 1, 0, 5.86%, 0, 0, 8, 88.06, 214974, 204, 0, 0
2400, 45, 202, 410, 1, 0, 5.86%, 0, 0, 8, 89.24, 215426, 204, 0, 0
2405, 45, 222, 410, 1, 0, 5.86%, 0, 0, 8, 89.59, 215891, 204, 0, 0
2410, 45, 244, 410, 1, 0, 5.86%, 0, 0, 8, 89.95, 216348, 204, 0, 0
2415, 45, 301, 410, 1, 0, 5.86%, 0, 0, 8, 87.71, 216799, 204, 0, 0
2421, 45, 408, 410, 1, 0, 5.86%, 0, 0, 8, 87.05, 217244, 204, 0, 0
2426, 45, 409, 410, 1, 0, 5.86%, 0, 0, 8, 87.56, 217689, 204, 0, 0
2431, 46, 210, 410, 1, 0, 5.86%, 0, 0, 8, 89.24, 218140, 204, 0, 0
2436, 46, 230, 414, 5, 0, 5.86%, 0, 0, 8, 89.92, 218608, 204, 0, 0
2441, 46, 269, 414, 5, 0, 5.86%, 0, 0, 8, 89.75, 219100, 204, 0, 0
2446, 46, 309, 414, 5, 0, 5.86%, 0, 0, 8, 89.17, 219563, 204, 0, 0
2453, 46, 362, 414, 5, 0, 5.86%, 0, 0, 8, 87.87, 220144, 204, 0, 0
2458, 46, 408, 414, 5, 0, 5.86%, 0, 0, 8, 87.49, 220597, 204, 0, 0
2463, 46, 408, 414, 5, 0, 5.86%, 0, 0, 8, 85.61, 221036, 204, 0, 0
2468, 46, 408, 414, 5, 0, 5.86%, 0, 0, 8, 84.52, 221462, 204, 0, 0
2474, 46, 408, 414, 5, 0, 5.86%, 0, 0, 8, 84.69, 221889, 204, 0, 0
2479, 46, 408, 414, 5, 0, 5.86%, 0, 0, 8, 84.72, 222319, 204, 0, 0
2484, 46, 408, 414, 5, 0, 5.86%, 0, 0, 8, 84.83, 222752, 204, 0, 0
2489, 46, 408, 414, 5, 0, 5.86%, 0, 0, 8, 84.66, 223181, 204, 0, 0
2494, 46, 408, 414, 5, 0, 5.86%, 0, 0, 8, 84.59, 223607, 204, 0, 0
2499, 46, 408, 414, 5, 0, 5.86%, 0, 0, 8, 84.44, 224033, 204, 0, 0
2504, 46, 409, 414, 5, 0, 5.86%, 0, 0, 8, 86.08, 224470, 204, 0, 0
2509, 47, 194, 414, 5, 0, 5.86%, 0, 0, 8, 88.32, 224920, 204, 0, 0
2514, 47, 218, 414, 5, 0, 5.86%, 0, 0, 8, 89.32, 225375, 204, 0, 0
2519, 47, 233, 414, 5, 0, 5.86%, 0, 0, 8, 89.51, 225830, 204, 0, 0
2524, 47, 272, 414, 5, 0, 5.86%, 0, 0, 8, 89.61, 226281, 204, 0, 0
2529, 47, 312, 414, 5, 0, 5.86%, 0, 0, 8, 88.81, 226738, 204, 0, 0
2535, 47, 375, 414, 5, 0, 5.86%, 0, 0, 8, 89.99, 227201, 204, 0, 0
2540, 47, 378, 414, 5, 0, 5.86%, 0, 0, 8, 89.40, 227654, 204, 0, 0
2545, 47, 386, 415, 6, 0, 5.86%, 0, 0, 8, 90.05, 228123, 204, 0, 0
2550, 47, 409, 415, 6, 0, 5.86%, 0, 0, 8, 87.63, 228567, 204, 0, 0
2555, 48, 186, 415, 6, 0, 5.86%, 0, 0, 8, 88.70, 229032, 204, 0, 0
2560, 48, 213, 415, 6, 0, 5.86%, 0, 0, 8, 89.24, 229485, 204, 0, 0
2565, 48, 230, 415, 6, 0, 5.86%, 0, 0, 8, 89.42, 229940, 204, 0, 0
2570, 48, 272, 415, 6, 0, 5.86%, 0, 0, 8, 83.98, 230374, 204, 0, 0
2575, 48, 312, 415, 6, 0, 5.86%, 0, 0, 8, 85.71, 230814, 204, 0, 0
2581, 48, 392, 415, 6, 0, 5.86%, 0, 0, 8, 87.15, 231260, 204, 0, 0
2586, 48, 409, 415, 6, 0, 5.86%, 0, 0, 8, 86.00, 231697, 204, 0, 0
2591, 48, 412, 415, 6, 0, 5.86%, 0, 0, 8, 87.10, 232149, 204, 0, 0
2596, 49, 142, 415, 5, 0, 5.86%, 0, 0, 8, 87.85, 232632, 204, 0, 0
2601, 49, 203, 415, 5, 0, 5.86%, 0, 0, 8, 88.33, 233082, 204, 0, 0
2607, 49, 225, 415, 5, 0, 5.86%, 0, 0, 8, 87.39, 233530, 204, 0, 0
2612, 49, 254, 415, 5, 0, 5.86%, 0, 0, 8, 87.71, 233978, 204, 0, 0
2618, 49, 281, 415, 5, 0, 5.86%, 0, 0, 8, 88.39, 234511, 204, 0, 0
2624, 49, 311, 415, 5, 0, 5.86%, 0, 0, 8, 88.01, 235049, 204, 0, 0
2629, 49, 359, 415, 5, 0, 5.86%, 0, 0, 8, 88.48, 235504, 204, 0, 0
2634, 49, 388, 415, 5, 0, 5.86%, 0, 0, 8, 87.36, 235953, 204, 0, 0
2639, 49, 409, 415, 5, 0, 5.86%, 0, 0, 8, 85.22, 236390, 204, 0, 0
2644, 50, 195, 415, 5, 0, 5.86%, 0, 0, 8, 85.60, 236821, 204, 0, 0
2649, 50, 220, 415, 5, 0, 5.86%, 0, 0, 8, 87.92, 237272, 204, 0, 0
2654, 50, 242, 415, 5, 0, 5.86%, 0, 0, 8, 88.06, 237720, 204, 0, 0
2660, 50, 299, 415, 5, 0, 5.86%, 0, 0, 8, 88.25, 238171, 204, 0, 0
2665, 50, 388, 415, 5, 0, 5.86%, 0, 0, 8, 87.21, 238618, 204, 0, 0
2670, 50, 404, 415, 4, 0, 5.86%, 0, 0, 8, 86.55, 239067, 204, 0, 0
2675, 50, 409, 415, 4, 0, 5.86%, 0, 0, 8, 84.44, 239495, 204, 0, 0
2680, 50, 411, 415, 4, 0, 5.86%, 0, 0, 8, 86.94, 239951, 204, 0, 0
2685, 51, 195, 415, 3, 0, 5.86%, 0, 0, 8, 87.90, 240404, 204, 0, 0
2690, 51, 223, 415, 3, 0, 5.86%, 0, 0, 8, 88.02, 240853, 204, 0, 0
2696, 51, 249, 415, 3, 0, 5.86%, 0, 0, 8, 87.27, 241299, 204, 0, 0
2701, 51, 309, 415, 3, 0, 5.86%, 0, 0, 8, 82.22, 241725, 204, 0, 0
2708, 51, 391, 415, 3, 0, 5.86%, 0, 0, 8, 86.37, 242323, 204, 0, 0
2713, 51, 409, 415, 3, 0, 5.86%, 0, 0, 8, 85.88, 242766, 204, 0, 0
2718, 52, 201, 415, 3, 0, 5.86%, 0, 0, 8, 87.34, 243216, 204, 0, 0
2723, 52, 223, 415, 3, 0, 5.86%, 0, 0, 8, 88.15, 243666, 204, 0, 0
2728, 52, 248, 415, 3, 0, 5.86%, 0, 0, 8, 88.16, 244116, 204, 0, 0
2733, 52, 295, 415, 3, 0, 5.86%, 0, 0, 8, 88.19, 244565, 204, 0, 0
2738, 52, 366, 415, 3, 0, 5.86%, 0, 0, 8, 87.67, 245010, 204, 0, 0
2743, 52, 396, 416, 4, 0, 5.86%, 0, 0, 8, 85.47, 245448, 204, 0, 0
2750, 52, 413, 416, 4, 0, 5.86%, 0, 0, 8, 85.38, 245978, 204, 0, 0
2755, 52, 414, 416, 3, 0, 5.86%, 0, 0, 8, 87.19, 246428, 204, 0, 0
2760, 53, 199, 416, 2, 0, 5.86%, 0, 0, 8, 87.83, 246878, 204, 0, 0
2765, 53, 224, 416, 2, 0, 5.86%, 0, 0, 8, 88.13, 247328, 204, 0, 0
2770, 53, 255, 416, 2, 0, 5.86%, 0, 0, 8, 88.13, 247778, 204, 0, 0
2775, 53, 301, 416, 2, 0, 5.86%, 0, 0, 8, 88.08, 248228, 204, 0, 0
2780, 53, 361, 416, 2, 0, 5.86%, 0, 0, 8, 87.97, 248669, 204, 0, 0
2785, 53, 408, 416, 2, 0, 5.86%, 0, 0, 8, 87.24, 249123, 204, 0, 0
2790, 54, 46, 416, 1, 0, 5.86%, 0, 0, 8, 87.99, 249574, 204, 0, 0
2795, 54, 210, 416, 1, 0, 5.86%, 0, 0, 8, 87.75, 250023, 204, 0, 0
2801, 54, 233, 416, 1, 0, 5.86%, 0, 0, 8, 88.12, 250474, 204, 0, 0
2806, 54, 276, 416, 1, 0, 5.86%, 0, 0, 8, 88.18, 250930, 204, 0, 0
2811, 54, 325, 416, 1, 0, 5.86%, 0, 0, 8, 87.44, 251376, 204, 0, 0
2817, 54, 398, 416, 1, 0, 5.86%, 0, 0, 8, 87.89, 251888, 204, 0, 0
2822, 54, 402, 416, 1, 0, 5.86%, 0, 0, 8, 87.42, 252335, 204, 0, 0
2827, 55, 188, 416, 1, 0, 5.86%, 0, 0, 8, 86.92, 252781, 204, 0, 0
2832, 55, 214, 416, 1, 0, 5.86%, 0, 0, 8, 87.52, 253231, 204, 0, 0
2837, 55, 234, 416, 1, 0, 5.86%, 0, 0, 8, 88.02, 253681, 204, 0, 0
2842, 55, 277, 416, 1, 0, 5.86%, 0, 0, 8, 87.91, 254131, 204, 0, 0
2847, 55, 305, 416, 1, 0, 5.86%, 0, 0, 8, 87.90, 254582, 204, 0, 0
2853, 55, 353, 416, 1, 0, 5.86%, 0, 0, 8, 87.63, 255028, 204, 0, 0
2858, 56, 188, 416, 1, 0, 5.86%, 0, 0, 8, 87.17, 255475, 204, 0, 0
2863, 56, 220, 416, 1, 0, 5.86%, 0, 0, 8, 87.86, 255925, 204, 0, 0
2868, 56, 242, 416, 1, 0, 5.86%, 0, 0, 8, 88.13, 256376, 204, 0, 0
2873, 56, 285, 416, 1, 0, 5.86%, 0, 0, 8, 88.03, 256826, 204, 0, 0
2880, 56, 364, 416, 1, 0, 5.86%, 0, 0, 8, 87.94, 257427, 204, 0, 0
2885, 56, 409, 416, 1, 0, 5.86%, 0, 0, 8, 85.17, 257863, 204, 0, 0
2890, 57, 203, 416, 1, 0, 5.86%, 0, 0, 8, 87.06, 258313, 204, 0, 0
2895, 57, 227, 416, 1, 0, 5.86%, 0, 0, 8, 87.55, 258763, 204, 0, 0
2900, 57, 273, 416, 1, 0, 5.86%, 0, 0, 8, 87.19, 259209, 204, 0, 0
2906, 57, 309, 416, 1, 0, 5.86%, 0, 0, 8, 87.16, 259656, 204, 0, 0
2911, 57, 404, 416, 1, 0, 5.86%, 0, 0, 8, 85.25, 260097, 204, 0, 0
2916, 58, 195, 416, 1, 0, 5.86%, 0, 0, 8, 86.12, 260539, 204, 0, 0
2921, 58, 221, 416, 1, 0, 5.86%, 0, 0, 8, 87.17, 260988, 204, 0, 0
2926, 58, 244, 416, 1, 0, 5.86%, 0, 0, 8, 87.66, 261438, 204, 0, 0
2931, 58, 296, 416, 1, 0, 5.86%, 0, 0, 8, 87.64, 261888, 204, 0, 0
2936, 58, 372, 416, 1, 0, 5.86%, 0, 0, 8, 87.51, 262335, 204, 0, 0
2942, 58, 409, 416, 1, 0, 5.86%, 0, 0, 8, 85.62, 262777, 204, 0, 0
2947, 58, 415, 416, 1, 0, 5.86%, 0, 0, 8, 85.43, 263203, 204, 0, 0
2952, 59, 186, 416, 0, 0, 5.86%, 0, 0, 8, 85.13, 263637, 204, 0, 0
2957, 59, 210, 416, 0, 0, 5.86%, 0, 0, 8, 87.21, 264087, 204, 0, 0
2962, 59, 233, 416, 0, 0, 5.86%, 0, 0, 8, 88.00, 264537, 204, 0, 0
2967, 59, 276, 416, 0, 0, 5.86%, 0, 0, 8, 88.00, 264986, 204, 0, 0
2972, 59, 312, 416, 0, 0, 5.86%, 0, 0, 8, 85.35, 265424, 204, 0, 0
2977, 59, 400, 416, 0, 0, 5.86%, 0, 0, 8, 86.99, 265873, 204, 0, 0
2982, 59, 406, 416, 0, 0, 5.86%, 0, 0, 8, 87.36, 266323, 204, 0, 0
2988, 60, 14, 416, 0, 0, 5.86%, 0, 0, 8, 86.11, 266766, 204, 0, 0
2993, 60, 204, 416, 0, 0, 5.86%, 0, 0, 8, 87.26, 267217, 204, 0, 0
2998, 60, 230, 416, 0, 0, 5.86%, 0, 0, 8, 88.04, 267667, 204, 0, 0
3003, 60, 271, 416, 0, 0, 5.86%, 0, 0, 8, 87.61, 268117, 204, 0, 0
3008, 60, 332, 416, 0, 0, 5.86%, 0, 0, 8, 87.17, 268562, 204, 0, 0
3014, 60, 401, 416, 0, 0, 5.86%, 0, 0, 8, 87.22, 269072, 204, 0, 0
3019, 60, 408, 416, 0, 0, 5.86%, 0, 0, 8, 86.22, 269518, 204, 0, 0
3024, 61, 124, 416, 0, 0, 5.86%, 0, 0, 8, 87.48, 269967, 204, 0, 0
3029, 61, 203, 416, 0, 0, 5.86%, 0, 0, 8, 87.59, 270417, 204, 0, 0
3034, 61, 225, 416, 0, 0, 5.86%, 0, 0, 8, 87.78, 270866, 204, 0, 0
3039, 61, 271, 417, 1, 0, 5.86%, 0, 0, 8, 88.20, 271315, 204, 0, 0
3045, 61, 332, 417, 1, 0, 5.86%, 0, 0, 8, 88.25, 271766, 204, 0, 0
3050, 61, 378, 417, 1, 0, 5.86%, 0, 0, 8, 88.67, 272220, 204, 0, 0
3055, 61, 409, 417, 1, 0, 5.86%, 0, 0, 8, 87.39, 272666, 204, 0, 0
3060, 62, 201, 417, 1, 0, 5.86%, 0, 0, 8, 88.07, 273115, 204, 0, 0
3065, 62, 225, 417, 1, 0, 5.86%, 0, 0, 8, 88.28, 273565, 204, 0, 0
3070, 62, 272, 417, 1, 0, 5.86%, 0, 0, 8, 88.15, 274015, 204, 0, 0
3075, 62, 309, 417, 1, 0, 5.86%, 0, 0, 8, 87.05, 274462, 204, 0, 0
3080, 62, 366, 417, 1, 0, 5.86%, 0, 0, 8, 88.39, 274914, 204, 0, 0
3085, 62, 398, 417, 1, 0, 5.86%, 0, 0, 8, 88.41, 275370, 204, 0, 0
3091, 63, 199, 417, 1, 0, 5.86%, 0, 0, 8, 87.52, 275817, 204, 0, 0
3096, 63, 223, 417, 1, 0, 5.86%, 0, 0, 8, 87.97, 276267, 204, 0, 0
3101, 63, 247, 417, 1, 0, 5.86%, 0, 0, 8, 87.06, 276715, 204, 0, 0
3106, 63, 276, 417, 1, 0, 5.86%, 0, 0, 8, 88.26, 277166, 204, 0, 0
3111, 63, 320, 417, 1, 0, 5.86%, 0, 0, 8, 87.16, 277612, 204, 0, 0
3116, 63, 388, 417, 1, 0, 5.86%, 0, 0, 8, 87.81, 278061, 204, 0, 0
3121, 64, 194, 417, 1, 0, 5.86%, 0, 0, 8, 87.20, 278504, 204, 0, 0
3126, 64, 221, 417, 1, 0, 5.86%, 0, 0, 8, 88.07, 278954, 204, 0, 0
3131, 64, 244, 417, 1, 0, 5.86%, 0, 0, 8, 87.79, 279404, 204, 0, 0
3137, 64, 309, 417, 1, 0, 5.86%, 0, 0, 8, 87.97, 279856, 204, 0, 0
3142, 64, 369, 417, 1, 0, 5.86%, 0, 0, 8, 87.67, 280300, 204, 0, 0
3147, 65, 195, 417, 1, 0, 5.86%, 0, 0, 8, 85.97, 280738, 204, 0, 0
3152, 65, 223, 417, 1, 0, 5.86%, 0, 0, 8, 87.75, 281189, 204, 0, 0
3157, 65, 249, 417, 1, 0, 5.86%, 0, 0, 8, 88.03, 281640, 204, 0, 0
3162, 65, 296, 417, 1, 0, 5.86%, 0, 0, 8, 88.09, 282088, 204, 0, 0
3167, 65, 351, 417, 1, 0, 5.86%, 0, 0, 8, 87.96, 282536, 204, 0, 0
3172, 65, 356, 417, 1, 0, 5.86%, 0, 0, 8, 87.32, 282985, 204, 0, 0
3178, 65, 389, 417, 1, 0, 5.86%, 0, 0, 8, 87.97, 283438, 204, 0, 0
3183, 66, 36, 417, 1, 0, 5.86%, 0, 0, 8, 87.18, 283883, 204, 0, 0
3188, 66, 205, 417, 1, 0, 5.86%, 0, 0, 8, 87.45, 284329, 204, 0, 0
3193, 66, 227, 417, 1, 0, 5.86%, 0, 0, 8, 88.33, 284779, 204, 0, 0
3198, 66, 272, 417, 1, 0, 5.86%, 0, 0, 8, 87.86, 285228, 204, 0, 0
3203, 66, 332, 417, 1, 0, 5.86%, 0, 0, 8, 87.69, 285675, 204, 0, 0
3208, 66, 387, 417, 1, 0, 5.86%, 0, 0, 8, 87.51, 286124, 204, 0, 0
3213, 67, 195, 417, 1, 0, 5.86%, 0, 0, 8, 87.18, 286571, 204, 0, 0
3218, 67, 221, 417, 1, 0, 5.86%, 0, 0, 8, 87.79, 287021, 204, 0, 0
3224, 67, 242, 417, 1, 0, 5.86%, 0, 0, 8, 87.89, 287469, 204, 0, 0
3229, 67, 286, 417, 1, 0, 5.86%, 0, 0, 8, 87.91, 287919, 204, 0, 0
3234, 67, 337, 417, 1, 0, 5.86%, 0, 0, 8, 87.47, 288363, 204, 0, 0
3239, 67, 410, 417, 1, 0, 5.86%, 0, 0, 8, 87.31, 288809, 204, 0, 0
3244, 67, 415, 417, 1, 0, 5.86%, 0, 0, 8, 84.21, 289237, 204, 0, 0
3249, 68, 204, 417, 1, 0, 5.86%, 0, 0, 8, 86.96, 289684, 204, 0, 0
3254, 68, 227, 417, 1, 0, 5.86%, 0, 0, 8, 87.91, 290134, 204, 0, 0
3259, 68, 252, 417, 1, 0, 5.86%, 0, 0, 8, 87.66, 290583, 204, 0, 0
3264, 68, 299, 417, 1, 0, 5.86%, 0, 0, 8, 87.87, 291033, 204, 0, 0
3271, 68, 373, 417, 1, 0, 5.86%, 0, 0, 8, 87.83, 291563, 204, 0, 0
3276, 68, 401, 417, 1, 0, 5.86%, 0, 0, 8, 87.91, 292010, 204, 0, 0
3281, 68, 404, 417, 1, 0, 5.86%, 0, 0, 8, 85.56, 292452, 204, 0, 0
3286, 68, 416, 417, 1, 0, 5.86%, 0, 0, 8, 85.06, 292891, 204, 0, 0
3291, 69, 203, 417, 0, 0, 5.86%, 0, 0, 8, 86.83, 293340, 204, 0, 0
3296, 69, 225, 417, 0, 0, 5.86%, 0, 0, 8, 88.04, 293789, 204, 0, 0
3301, 69, 255, 417, 0, 0, 5.86%, 0, 0, 8, 87.41, 294237, 204, 0, 0
3306, 69, 299, 417, 0, 0, 5.86%, 0, 0, 8, 87.89, 294686, 204, 0, 0
3311, 69, 408, 417, 0, 0, 5.86%, 0, 0, 8, 87.49, 295128, 204, 0, 0
3317, 70, 186, 417, 0, 0, 5.86%, 0, 0, 8, 87.56, 295575, 204, 0, 0
3322, 70, 210, 417, 0, 0, 5.86%, 0, 0, 8, 87.98, 296022, 204, 0, 0
3327, 70, 233, 417, 0, 0, 5.86%, 0, 0, 8, 88.36, 296472, 204, 0, 0
3332, 70, 276, 417, 0, 0, 5.86%, 0, 0, 8, 88.21, 296922, 204, 0, 0
3337, 70, 309, 417, 0, 0, 5.86%, 0, 0, 8, 87.62, 297375, 204, 0, 0
3342, 70, 354, 417, 0, 0, 5.86%, 0, 0, 8, 85.28, 297814, 204, 0, 0
3347, 70, 399, 417, 0, 0, 5.86%, 0, 0, 8, 87.39, 298263, 204, 0, 0
3352, 71, 117, 417, 0, 0, 5.86%, 0, 0, 8, 87.11, 298709, 204, 0, 0
3358, 71, 204, 417, 0, 0, 5.86%, 0, 0, 8, 87.76, 299158, 204, 0, 0
3363, 71, 230, 417, 0, 0, 5.86%, 0, 0, 8, 87.91, 299608, 204, 0, 0
3368, 71, 276, 417, 0, 0, 5.86%, 0, 0, 8, 88.28, 300058, 204, 0, 0
3373, 71, 366, 417, 0, 0, 5.86%, 0, 0, 8, 87.31, 300505, 204, 0, 0
3378, 71, 409, 417, 0, 0, 5.86%, 0, 0, 8, 86.35, 300951, 204, 0, 0
3383, 72, 204, 417, 0, 0, 5.86%, 0, 0, 8, 87.62, 301401, 204, 0, 0
3388, 72, 230, 417, 0, 0, 5.86%, 0, 0, 8, 87.89, 301850, 204, 0, 0
3393, 72, 271, 417, 0, 0, 5.86%, 0, 0, 8, 87.48, 302298, 204, 0, 0
3399, 72, 301, 417, 0, 0, 5.86%, 0, 0, 8, 87.84, 302747, 204, 0, 0
3404, 72, 365, 417, 0, 0, 5.86%, 0, 0, 8, 88.04, 303194, 204, 0, 0
3409, 72, 397, 417, 0, 0, 5.86%, 0, 0, 8, 87.47, 303642, 204, 0, 0
3414, 72, 401, 418, 1, 0, 5.86%, 0, 0, 8, 79.98, 304054, 204, 0, 0
3419, 72, 417, 418, 1, 0, 5.86%, 0, 0, 8, 83.20, 304489, 204, 0, 0
3424, 73, 122, 418, 0, 0, 5.86%, 0, 0, 8, 83.50, 304918, 204, 0, 0
3429, 73, 204, 418, 0, 0, 5.86%, 0, 0, 8, 85.77, 305356, 204, 0, 0
3434, 73, 230, 418, 0, 0, 5.86%, 0, 0, 8, 87.57, 305805, 204, 0, 0
3439, 73, 276, 418, 0, 0, 5.86%, 0, 0, 8, 87.92, 306254, 204, 0, 0
3445, 73, 330, 418, 0, 0, 5.86%, 0, 0, 8, 88.16, 306704, 204, 0, 0
3450, 73, 391, 418, 0, 0, 5.86%, 0, 0, 8, 88.12, 307154, 204, 0, 0
3455, 74, 133, 418, 0, 0, 5.86%, 0, 0, 8, 87.61, 307600, 204, 0, 0
3460, 74, 204, 418, 0, 0, 5.86%, 0, 0, 8, 87.79, 308049, 204, 0, 0
3465, 74, 225, 418, 0, 0, 5.86%, 0, 0, 8, 88.18, 308500, 204, 0, 0
3470, 74, 244, 418, 0, 0, 5.86%, 0, 0, 8, 87.99, 308949, 204, 0, 0
3475, 74, 299, 418, 0, 0, 5.86%, 0, 0, 8, 88.45, 309400, 204, 0, 0
3480, 74, 381, 418, 0, 0, 5.86%, 0, 0, 8, 88.39, 309849, 204, 0, 0
3485, 74, 400, 418, 0, 0, 5.86%, 0, 0, 8, 88.17, 310299, 204, 0, 0
3491, 75, 15, 418, 0, 0, 5.86%, 0, 0, 8, 86.95, 310746, 204, 0, 0
3496, 75, 203, 418, 0, 0, 5.86%, 0, 0, 8, 87.49, 311195, 204, 0, 0
3501, 75, 225, 418, 0, 0, 5.86%, 0, 0, 8, 88.40, 311649, 204, 0, 0
3506, 75, 266, 418, 0, 0, 5.86%, 0, 0, 8, 88.19, 312099, 204, 0, 0
3511, 75, 301, 418, 0, 0, 5.86%, 0, 0, 8, 88.26, 312550, 204, 0, 0
3516, 75, 388, 418, 0, 0, 5.86%, 0, 0, 8, 87.90, 313000, 204, 0, 0
3521, 76, 12, 418, 0, 0, 5.86%, 0, 0, 8, 86.73, 313444, 204, 0, 0
3526, 76, 204, 418, 0, 0, 5.86%, 0, 0, 8, 86.96, 313891, 204, 0, 0
3532, 76, 227, 418, 0, 0, 5.86%, 0, 0, 8, 87.67, 314341, 204, 0, 0
3537, 76, 263, 418, 0, 0, 5.86%, 0, 0, 8, 87.82, 314791, 204, 0, 0
3542, 76, 309, 418, 0, 0, 5.86%, 0, 0, 8, 87.45, 315238, 204, 0, 0
3547, 76, 413, 418, 0, 0, 5.86%, 0, 0, 8, 87.91, 315685, 204, 0, 0
3552, 77, 194, 418, 0, 0, 5.86%, 0, 0, 8, 82.90, 316116, 204, 0, 0
3557, 77, 221, 418, 0, 0, 5.86%, 0, 0, 8, 87.16, 316566, 204, 0, 0
3562, 77, 244, 418, 0, 0, 5.86%, 0, 0, 8, 88.40, 317017, 204, 0, 0
3567, 77, 285, 418, 0, 0, 5.86%, 0, 0, 8, 88.51, 317468, 204, 0, 0
3572, 77, 366, 418, 0, 0, 5.86%, 0, 0, 8, 87.75, 317917, 204, 0, 0
3577, 77, 406, 418, 0, 0, 5.86%, 0, 0, 8, 87.06, 318362, 204, 0, 0
3583, 78, 186, 418, 0, 0, 5.86%, 0, 0, 8, 87.01, 318809, 204, 0, 0
3588, 78, 208, 418, 0, 0, 5.86%, 0, 0, 8, 87.50, 319257, 204, 0, 0
3593, 78, 230, 418, 0, 0, 5.86%, 0, 0, 8, 88.22, 319708, 204, 0, 0
3598, 78, 277, 418, 0, 0, 5.86%, 0, 0, 8, 88.48, 320158, 204, 0, 0
3603, 78, 319, 418, 0, 0, 5.86%, 0, 0, 8, 88.27, 320607, 204, 0, 0
3608, 78, 409, 418, 0, 0, 5.86%, 0, 0, 8, 87.41, 321055, 204, 0, 0
3613, 79, 199, 418, 0, 0, 5.86%, 0, 0, 8, 87.90, 321505, 204, 0, 0
3618, 79, 223, 418, 0, 0, 5.86%, 0, 0, 8, 88.09, 321954, 204, 0, 0
3623, 79, 244, 418, 0, 0, 5.86%, 0, 0, 8, 88.31, 322405, 204, 0, 0
3629, 79, 286, 418, 0, 0, 5.86%, 0, 0, 8, 88.23, 322852, 204, 0, 0
3634, 79, 327, 418, 0, 0, 5.86%, 0, 0, 8, 88.25, 323304, 204, 0, 0
3639, 79, 388, 419, 1, 0, 5.86%, 0, 0, 8, 87.99, 323758, 204, 0, 0
3644, 79, 409, 419, 1, 0, 5.86%, 0, 0, 8, 87.56, 324206, 204, 0, 0
3649, 80, 203, 419, 1, 0, 5.86%, 0, 0, 8, 87.94, 324656, 204, 0, 0
3654, 80, 225, 419, 1, 0, 5.86%, 0, 0, 8, 88.20, 325105, 204, 0, 0
3659, 80, 260, 419, 1, 0, 5.86%, 0, 0, 8, 87.82, 325552, 204, 0, 0
3664, 80, 309, 419, 1, 0, 5.86%, 0, 0, 8, 87.39, 326001, 204, 0, 0
3669, 80, 388, 419, 1, 0, 5.86%, 0, 0, 8, 88.52, 326452, 204, 0, 0
3674, 81, 194, 419, 1, 0, 5.86%, 0, 0, 8, 87.07, 326884, 204, 0, 0
3680, 81, 213, 419, 1, 0, 5.86%, 0, 0, 8, 85.45, 327316, 204, 0, 0
3685, 81, 233, 419, 1, 0, 5.86%, 0, 0, 8, 87.40, 327764, 204, 0, 0
3690, 81, 285, 419, 1, 0, 5.86%, 0, 0, 8, 87.70, 328214, 204, 0, 0
3695, 81, 355, 419, 1, 0, 5.86%, 0, 0, 8, 87.33, 328660, 204, 0, 0
3700, 81, 376, 419, 1, 0, 5.86%, 0, 0, 8, 87.71, 329109, 204, 0, 0
3705, 81, 409, 419, 1, 0, 5.86%, 0, 0, 8, 87.22, 329558, 204, 0, 0
3710, 81, 418, 419, 1, 0, 5.86%, 0, 0, 8, 85.90, 329995, 204, 0, 0
3715, 82, 204, 419, 0, 0, 5.86%, 0, 0, 8, 87.19, 330443, 204, 0, 0
3720, 82, 227, 419, 0, 0, 5.86%, 0, 0, 8, 87.96, 330893, 204, 0, 0
3726, 82, 271, 419, 0, 0, 5.86%, 0, 0, 8, 87.55, 331341, 204, 0, 0
3731, 82, 301, 419, 0, 0, 5.86%, 0, 0, 8, 87.67, 331792, 204, 0, 0
3736, 82, 359, 419, 0, 0, 5.86%, 0, 0, 8, 88.44, 332250, 204, 0, 0
3741, 82, 391, 419, 0, 0, 5.86%, 0, 0, 8, 88.05, 332700, 204, 0, 0
3746, 82, 409, 419, 0, 0, 5.86%, 0, 0, 8, 88.05, 333147, 204, 0, 0
3751, 83, 195, 419, 0, 0, 5.86%, 0, 0, 8, 88.54, 333598, 204, 0, 0
3756, 83, 221, 419, 0, 0, 5.86%, 0, 0, 8, 88.88, 334050, 204, 0, 0
3761, 83, 242, 419, 0, 0, 5.86%, 0, 0, 8, 89.12, 334502, 204, 0, 0
3766, 83, 285, 419, 0, 0, 5.86%, 0, 0, 8, 89.58, 334958, 204, 0, 0
3771, 83, 388, 419, 0, 0, 5.86%, 0, 0, 8, 88.92, 335411, 204, 0, 0
3777, 84, 195, 419, 0, 0, 5.86%, 0, 0, 8, 88.84, 335861, 204, 0, 0
3782, 84, 221, 419, 0, 0, 5.86%, 0, 0, 8, 89.24, 336315, 204, 0, 0
3787, 84, 242, 419, 0, 0, 5.86%, 0, 0, 8, 89.93, 336774, 204, 0, 0
3792, 84, 299, 419, 0, 0, 5.86%, 0, 0, 8, 89.54, 337226, 204, 0, 0
3797, 84, 336, 419, 0, 0, 5.86%, 0, 0, 8, 89.26, 337685, 204, 0, 0
3802, 84, 378, 419, 0, 0, 5.86%, 0, 0, 8, 89.66, 338144, 204, 0, 0
3807, 84, 418, 419, 0, 0, 5.86%, 0, 0, 8, 87.92, 338592, 204, 0, 0
3812, 85, 194, 419, 0, 0, 5.86%, 0, 0, 8, 89.11, 339045, 204, 0, 0
3817, 85, 213, 419, 0, 0, 5.86%, 0, 0, 8, 90.05, 339508, 204, 0, 0
3822, 85, 233, 419, 0, 0, 5.86%, 0, 0, 8, 90.02, 339966, 204, 0, 0
3828, 85, 299, 419, 0, 0, 5.86%, 0, 0, 8, 90.00, 340428, 204, 0, 0
3833, 85, 366, 419, 0, 0, 5.86%, 0, 0, 8, 88.90, 340876, 204, 0, 0
3838, 85, 408, 419, 0, 0, 5.86%, 0, 0, 8, 86.07, 341313, 204, 0, 0
3843, 86, 198, 419, 0, 0, 5.86%, 0, 0, 8, 88.82, 341766, 204, 0, 0
3848, 86, 224, 419, 0, 0, 5.86%, 0, 0, 8, 89.04, 342219, 204, 0, 0
3853, 86, 244, 419, 0, 0, 5.86%, 0, 0, 8, 89.66, 342678, 204, 0, 0
3858, 86, 285, 419, 0, 0, 5.86%, 0, 0, 8, 89.68, 343139, 204, 0, 0
3863, 86, 366, 419, 0, 0, 5.86%, 0, 0, 8, 89.73, 343599, 204, 0, 0
3868, 87, 195, 419, 0, 0, 5.86%, 0, 0, 8, 89.41, 344051, 204, 0, 0
3873, 87, 221, 419, 0, 0, 5.86%, 0, 0, 8, 89.79, 344508, 204, 0, 0
3879, 87, 249, 419, 0, 0, 5.86%, 0, 0, 8, 90.55, 344978, 204, 0, 0
3884, 87, 301, 419, 0, 0, 5.86%, 0, 0, 8, 90.23, 345447, 204, 0, 0
3889, 87, 374, 419, 0, 0, 5.86%, 0, 0, 8, 89.63, 345910, 204, 0, 0
3894, 87, 414, 419, 0, 0, 5.86%, 0, 0, 8, 88.62, 346361, 204, 0, 0
3899, 88, 201, 419, 0, 0, 5.86%, 0, 0, 8, 88.89, 346811, 204, 0, 0
3904, 88, 225, 419, 0, 0, 5.86%, 0, 0, 8, 89.90, 347271, 204, 0, 0
3909, 88, 271, 419, 0, 0, 5.86%, 0, 0, 8, 89.93, 347731, 204, 0, 0
3914, 88, 312, 419, 0, 0, 5.86%, 0, 0, 8, 89.17, 348189, 204, 0, 0
3920, 88, 388, 419, 0, 0, 5.86%, 0, 0, 8, 88.52, 348644, 204, 0, 0
3925, 89, 127, 419, 0, 0, 5.86%, 0, 0, 8, 88.10, 349089, 204, 0, 0
3930, 89, 204, 419, 0, 0, 5.86%, 0, 0, 8, 88.92, 349539, 204, 0, 0
3935, 89, 227, 419, 0, 0, 5.86%, 0, 0, 8, 89.31, 349994, 204, 0, 0
3940, 89, 272, 419, 0, 0, 5.86%, 0, 0, 8, 89.68, 350448, 204, 0, 0
3945, 89, 332, 419, 0, 0, 5.86%, 0, 0, 8, 89.21, 350904, 204, 0, 0
3950, 90, 194, 419, 0, 0, 5.86%, 0, 0, 8, 89.11, 351354, 204, 0, 0
3955, 90, 213, 419, 0, 0, 5.86%, 0, 0, 8, 89.98, 351812, 204, 0, 0
3960, 90, 242, 419, 0, 0, 5.86%, 0, 0, 8, 89.85, 352271, 204, 0, 0
3965, 90, 285, 419, 0, 0, 5.86%, 0, 0, 8, 90.00, 352730, 204, 0, 0
3970, 90, 366, 419, 0, 0, 5.86%, 0, 0, 8, 89.81, 353189, 204, 0, 0
3976, 91, 46, 419, 0, 0, 5.86%, 0, 0, 8, 89.21, 353642, 204, 0, 0
3981, 91, 210, 419, 0, 0, 5.86%, 0, 0, 8, 89.58, 354093, 204, 0, 0
3986, 91, 233, 419, 0, 0, 5.86%, 0, 0, 8, 90.14, 354552, 204, 0, 0
3991, 91, 299, 419, 0, 0, 5.86%, 0, 0, 8, 90.43, 355019, 204, 0, 0
3996, 91, 370, 419, 0, 0, 5.86%, 0, 0, 8, 90.20, 355483, 204, 0, 0
4001, 91, 397, 419, 0, 0, 5.86%, 0, 0, 8, 89.89, 355943, 204, 0, 0
4006, 91, 413, 419, 0, 0, 5.86%, 0, 0, 8, 89.24, 356399, 204, 0, 0
4011, 92, 130, 420, 1, 0, 5.86%, 0, 0, 8, 89.50, 356856, 204, 0, 0
4016, 92, 204, 420, 1, 0, 5.86%, 0, 0, 8, 89.75, 357311, 204, 0, 0
4022, 92, 230, 420, 1, 0, 5.86%, 0, 0, 8, 89.18, 357764, 204, 0, 0
4027, 92, 272, 420, 1, 0, 5.86%, 0, 0, 8, 89.38, 358217, 204, 0, 0
4032, 92, 312, 420, 1, 0, 5.86%, 0, 0, 8, 88.39, 358668, 204, 0, 0
4037, 92, 400, 420, 1, 0, 5.86%, 0, 0, 8, 89.08, 359122, 204, 0, 0
4042, 92, 406, 420, 1, 0, 5.86%, 0, 0, 8, 86.92, 359570, 204, 0, 0
4047, 92, 418, 420, 1, 0, 5.86%, 0, 0, 8, 88.08, 360018, 204, 0, 0
4052, 93, 194, 420, 1, 0, 5.86%, 0, 0, 8, 89.51, 360473, 204, 0, 0
4057, 93, 221, 420, 1, 0, 5.86%, 0, 0, 8, 89.34, 360924, 204, 0, 0
4062, 93, 248, 420, 1, 0, 5.86%, 0, 0, 8, 89.41, 361380, 204, 0, 0
4067, 93, 293, 420, 1, 0, 5.86%, 0, 0, 8, 89.75, 361835, 204, 0, 0
4072, 93, 366, 420, 1, 0, 5.86%, 0, 0, 8, 89.66, 362292, 204, 0, 0
4077, 93, 419, 420, 1, 0, 5.86%, 0, 0, 8, 89.03, 362742, 204, 0, 0
4083, 94, 197, 420, 0, 0, 5.86%, 0, 0, 8, 89.64, 363195, 204, 0, 0
4088, 94, 224, 420, 0, 0, 5.86%, 0, 0, 8, 90.12, 363655, 204, 0, 0
4093, 94, 249, 420, 0, 0, 5.86%, 0, 0, 8, 89.96, 364111, 204, 0, 0
4098, 94, 301, 420, 0, 0, 5.86%, 0, 0, 8, 89.80, 364572, 204, 0, 0
4103, 94, 372, 420, 0, 0, 5.86%, 0, 0, 8, 90.34, 365037, 204, 0, 0
4108, 94, 409, 420, 0, 0, 5.86%, 0, 0, 8, 89.28, 365497, 204, 0, 0
4113, 95, 201, 420, 0, 0, 5.86%, 0, 0, 8, 89.67, 365952, 204, 0, 0
4118, 95, 225, 420, 0, 0, 5.86%, 0, 0, 8, 90.68, 366422, 204, 0, 0
4123, 95, 252, 420, 0, 0, 5.86%, 0, 0, 8, 89.83, 366878, 204, 0, 0
4129, 95, 290, 420, 0, 0, 5.86%, 0, 0, 8, 89.62, 367337, 204, 0, 0
4134, 95, 327, 420, 0, 0, 5.86%, 0, 0, 8, 90.06, 367800, 204, 0, 0
4139, 95, 408, 420, 0, 0, 5.86%, 0, 0, 8, 88.52, 368253, 204, 0, 0
4144, 96, 195, 420, 0, 0, 5.86%, 0, 0, 8, 89.87, 368715, 204, 0, 0
4149, 96, 221, 420, 0, 0, 5.86%, 0, 0, 8, 90.04, 369173, 204, 0, 0
4154, 96, 242, 420, 0, 0, 5.86%, 0, 0, 8, 89.75, 369628, 204, 0, 0
4159, 96, 285, 420, 0, 0, 5.86%, 0, 0, 8, 89.62, 370084, 204, 0, 0
4164, 96, 332, 420, 0, 0, 5.86%, 0, 0, 8, 90.05, 370545, 204, 0, 0
4169, 96, 408, 420, 0, 0, 5.86%, 0, 0, 8, 88.56, 371001, 204, 0, 0
4175, 97, 201, 420, 0, 0, 5.86%, 0, 0, 8, 89.27, 371451, 204, 0, 0
4180, 97, 223, 420, 0, 0, 5.86%, 0, 0, 8, 89.46, 371904, 204, 0, 0
4185, 97, 249, 420, 0, 0, 5.86%, 0, 0, 8, 89.25, 372357, 204, 0, 0
4190, 97, 301, 420, 0, 0, 5.86%, 0, 0, 8, 89.66, 372811, 204, 0, 0
4195, 97, 409, 420, 0, 0, 5.86%, 0, 0, 8, 88.10, 373262, 204, 0, 0
4200, 98, 194, 420, 0, 0, 5.86%, 0, 0, 8, 89.38, 373719, 204, 0, 0
4205, 98, 220, 420, 0, 0, 5.86%, 0, 0, 8, 89.49, 374175, 204, 0, 0
4210, 98, 242, 420, 0, 0, 5.86%, 0, 0, 8, 89.67, 374629, 204, 0, 0
4215, 98, 279, 420, 0, 0, 5.86%, 0, 0, 8, 90.09, 375091, 204, 0, 0
4220, 98, 351, 420, 0, 0, 5.86%, 0, 0, 8, 88.91, 375542, 204, 0, 0
4225, 98, 376, 421, 1, 0, 5.86%, 0, 0, 9, 88.62, 375995, 204, 0, 0
4231, 98, 416, 421, 1, 0, 5.86%, 0, 0, 9, 88.79, 376446, 204, 0, 0
4236, 99, 201, 421, 1, 0, 5.86%, 0, 0, 9, 89.49, 376899, 204, 0, 0
4241, 99, 225, 422, 2, 0, 5.86%, 0, 0, 9, 89.97, 377361, 204, 0, 0
4246, 99, 251, 422, 2, 0, 5.86%, 0, 0, 9, 89.53, 377820, 204, 0, 0
4251, 99, 310, 422, 2, 0, 5.86%, 0, 0, 9, 89.33, 378278, 204, 0, 0
4256, 99, 408, 422, 2, 0, 5.86%, 0, 0, 9, 89.81, 378740, 204, 0, 0
4261, 99, 416, 422, 2, 0, 5.86%, 0, 0, 9, 89.82, 379200, 204, 0, 0
4266, 100, 201, 422, 2, 0, 5.86%, 0, 0, 9, 89.80, 379657, 204, 0, 0
4271, 100, 223, 422, 2, 0, 5.86%, 0, 0, 9, 90.13, 380119, 204, 0, 0
4277, 100, 249, 422, 2, 0, 5.86%, 0, 0, 9, 89.80, 380579, 204, 0, 0
4282, 100, 293, 422, 2, 0, 5.86%, 0, 0, 9, 90.33, 381042, 204, 0, 0
4287, 100, 345, 422, 2, 0, 5.86%, 0, 0, 9, 89.33, 381496, 204, 0, 0
4292, 100, 402, 422, 2, 0, 5.86%, 0, 0, 9, 89.36, 381951, 204, 0, 0
4297, 101, 194, 422, 2, 0, 5.86%, 0, 0, 9, 89.21, 382404, 204, 0, 0
4302, 101, 220, 422, 2, 0, 5.86%, 0, 0, 9, 90.05, 382867, 204, 0, 0
4307, 101, 244, 422, 2, 0, 5.86%, 0, 0, 9, 90.26, 383332, 204, 0, 0
4312, 101, 293, 422, 2, 0, 5.86%, 0, 0, 9, 90.41, 383801, 204, 0, 0
4318, 101, 357, 422, 2, 0, 5.86%, 0, 0, 9, 89.63, 384260, 204, 0, 0
4323, 101, 400, 422, 2, 0, 5.86%, 0, 0, 9, 90.17, 384728, 204, 0, 0
4328, 102, 199, 422, 2, 0, 5.86%, 0, 0, 9, 89.18, 385176, 204, 0, 0
4333, 102, 223, 422, 2, 0, 5.86%, 0, 0, 9, 89.86, 385636, 204, 0, 0
4338, 102, 249, 422, 2, 0, 5.86%, 0, 0, 9, 89.92, 386093, 204, 0, 0
4343, 102, 312, 422, 2, 0, 5.86%, 0, 0, 9, 89.36, 386550, 204, 0, 0
4348, 102, 374, 422, 2, 0, 5.86%, 0, 0, 9, 88.97, 387007, 204, 0, 0
4353, 102, 414, 422, 2, 0, 5.86%, 0, 0, 9, 88.35, 387454, 204, 0, 0
4358, 103, 194, 422, 2, 0, 5.86%, 0, 0, 9, 89.40, 387908, 204, 0, 0
4363, 103, 220, 422, 2, 0, 5.86%, 0, 0, 9, 89.67, 388362, 204, 0, 0
4369, 103, 241, 422, 2, 0, 5.86%, 0, 0, 9, 89.59, 388819, 204, 0, 0
4374, 103, 300, 422, 2, 0, 5.86%, 0, 0, 9, 90.03, 389281, 204, 0, 0
4379, 103, 367, 422, 2, 0, 5.86%, 0, 0, 9, 89.42, 389740, 204, 0, 0
4384, 104, 188, 422, 2, 0, 5.86%, 0, 0, 9, 88.85, 390188, 204, 0, 0
4389, 104, 213, 422, 2, 0, 5.86%, 0, 0, 9, 89.64, 390643, 204, 0, 0
4394, 104, 236, 422, 2, 0, 5.86%, 0, 0, 9, 89.79, 391099, 204, 0, 0
4399, 104, 299, 422, 2, 0, 5.86%, 0, 0, 9, 89.86, 391557, 204, 0, 0
4404, 104, 353, 422, 2, 0, 5.86%, 0, 0, 9, 90.13, 392022, 204, 0, 0
4409, 104, 400, 422, 2, 0, 5.86%, 0, 0, 9, 89.78, 392481, 204, 0, 0
4414, 104, 406, 422, 2, 0, 5.86%, 0, 0, 9, 89.97, 392941, 204, 0, 0
4422, 104, 420, 422, 2, 0, 5.86%, 0, 0, 9, 89.59, 393572, 204, 0, 0
4427, 104, 420, 422, 2, 0, 5.86%, 0, 0, 9, 86.86, 394018, 204, 0, 0
4432, 105, 201, 422, 1, 0, 5.86%, 0, 0, 9, 88.44, 394468, 204, 0, 0
4437, 105, 227, 422, 1, 0, 5.86%, 0, 0, 9, 89.80, 394927, 204, 0, 0
4442, 105, 268, 422, 1, 0, 5.86%, 0, 0, 9, 89.97, 395388, 204, 0, 0
4447, 105, 312, 422, 1, 0, 5.86%, 0, 0, 9, 89.48, 395843, 204, 0, 0
4452, 105, 417, 422, 1, 0, 5.86%, 0, 0, 9, 88.57, 396295, 204, 0, 0
4457, 106, 36, 422, 1, 0, 5.86%, 0, 0, 9, 89.08, 396748, 204, 0, 0
4462, 106, 204, 422, 1, 0, 5.86%, 0, 0, 9, 89.40, 397201, 204, 0, 0
4467, 106, 227, 422, 1, 0, 5.86%, 0, 0, 9, 89.45, 397656, 204, 0, 0
4472, 106, 268, 422, 1, 0, 5.86%, 0, 0, 9, 89.56, 398108, 204, 0, 0
4478, 106, 301, 422, 1, 0, 5.86%, 0, 0, 9, 89.66, 398563, 204, 0, 0
4483, 106, 363, 422, 1, 0, 5.86%, 0, 0, 9, 89.62, 399016, 204, 0, 0
4488, 106, 412, 422, 1, 0, 5.86%, 0, 0, 9, 89.24, 399474, 204, 0, 0
4493, 106, 415, 422, 1, 0, 5.86%, 0, 0, 9, 85.66, 399905, 204, 0, 0
4498, 107, 210, 422, 1, 0, 5.86%, 0, 0, 9, 88.78, 400358, 204, 0, 0
4503, 107, 233, 422, 1, 0, 5.86%, 0, 0, 9, 89.70, 400815, 204, 0, 0
4508, 107, 285, 422, 1, 0, 5.86%, 0, 0, 9, 90.19, 401277, 204, 0, 0
4513, 107, 335, 422, 1, 0, 5.86%, 0, 0, 9, 89.76, 401736, 204, 0, 0
4518, 107, 409, 422, 1, 0, 5.86%, 0, 0, 9, 88.73, 402188, 204, 0, 0
4523, 107, 418, 422, 1, 0, 5.86%, 0, 0, 9, 89.46, 402641, 204, 0, 0
4529, 108, 133, 422, 1, 0, 5.86%, 0, 0, 9, 89.84, 403101, 204, 0, 0
4534, 108, 204, 422, 1, 0, 5.86%, 0, 0, 9, 89.48, 403553, 204, 0, 0
4539, 108, 227, 422, 1, 0, 5.86%, 0, 0, 9, 89.78, 404010, 204, 0, 0
4544, 108, 272, 422, 1, 0, 5.86%, 0, 0, 9, 89.50, 404465, 204, 0, 0
4549, 108, 312, 422, 1, 0, 5.86%, 0, 0, 9, 88.68, 404920, 204, 0, 0
4554, 108, 388, 422, 1, 0, 5.86%, 0, 0, 9, 89.05, 405377, 204, 0, 0
4559, 109, 186, 422, 1, 0, 5.86%, 0, 0, 9, 89.08, 405827, 204, 0, 0
4564, 109, 209, 422, 1, 0, 5.86%, 0, 0, 9, 89.67, 406280, 204, 0, 0
4569, 109, 230, 422, 1, 0, 5.86%, 0, 0, 9, 90.01, 406741, 204, 0, 0
4574, 109, 272, 422, 1, 0, 5.86%, 0, 0, 9, 90.19, 407200, 204, 0, 0
4579, 109, 288, 422, 1, 0, 5.86%, 0, 0, 9, 90.09, 407658, 204, 0, 0
4585, 109, 348, 422, 1, 0, 5.86%, 0, 0, 9, 89.63, 408117, 204, 0, 0
4590, 109, 400, 422, 1, 0, 5.86%, 0, 0, 9, 89.23, 408569, 204, 0, 0
4595, 110, 194, 422, 1, 0, 5.86%, 0, 0, 9, 89.04, 409018, 204, 0, 0
4600, 110, 221, 422, 1, 0, 5.86%, 0, 0, 9, 89.22, 409469, 204, 0, 0
4605, 110, 242, 422, 1, 0, 5.86%, 0, 0, 9, 89.85, 409929, 204, 0, 0
4610, 110, 299, 422, 1, 0, 5.86%, 0, 0, 9, 90.29, 410397, 204, 0, 0
4615, 110, 409, 422, 1, 0, 5.86%, 0, 0, 9, 88.79, 410851, 204, 0, 0
4620, 111, 186, 422, 0, 0, 5.86%, 0, 0, 9, 88.05, 411305, 204, 0, 0
4625, 111, 209, 422, 0, 0, 5.86%, 0, 0, 9, 89.26, 411759, 204, 0, 0
4630, 111, 230, 422, 0, 0, 5.86%, 0, 0, 9, 89.93, 412221, 204, 0, 0
4636, 111, 272, 422, 0, 0, 5.86%, 0, 0, 9, 89.79, 412680, 204, 0, 0
4641, 111, 325, 422, 0, 0, 5.86%, 0, 0, 9, 89.11, 413136, 204, 0, 0
4646, 111, 409, 422, 0, 0, 5.86%, 0, 0, 9, 88.60, 413591, 204, 0, 0
4651, 112, 203, 422, 0, 0, 5.86%, 0, 0, 9, 89.16, 414041, 204, 0, 0
4656, 112, 227, 422, 0, 0, 5.86%, 0, 0, 9, 89.88, 414501, 204, 0, 0
4661, 112, 249, 422, 0, 0, 5.86%, 0, 0, 9, 89.90, 414961, 204, 0, 0
4666, 112, 301, 422, 0, 0, 5.86%, 0, 0, 9, 89.57, 415420, 204, 0, 0
4671, 112, 372, 422, 0, 0, 5.86%, 0, 0, 9, 89.51, 415877, 204, 0, 0
4677, 112, 407, 423, 1, 0, 5.86%, 0, 0, 9, 89.13, 416340, 204, 0, 0
4682, 113, 135, 423, 1, 0, 5.86%, 0, 0, 9, 89.15, 416801, 204, 0, 0
4687, 113, 203, 423, 1, 0, 5.86%, 0, 0, 9, 89.95, 417263, 204, 0, 0
4692, 113, 225, 423, 1, 0, 5.86%, 0, 0, 9, 90.25, 417730, 204, 0, 0
4697, 113, 249, 423, 1, 0, 5.86%, 0, 0, 9, 90.39, 418190, 204, 0, 0
4702, 113, 301, 423, 1, 0, 5.86%, 0, 0, 9, 90.39, 418657, 204, 0, 0
4707, 113, 388, 423, 1, 0, 5.86%, 0, 0, 9, 89.74, 419116, 204, 0, 0
4712, 114, 194, 423, 1, 0, 5.86%, 0, 0, 9, 89.61, 419571, 204, 0, 0
4718, 114, 220, 423, 1, 0, 5.86%, 0, 0, 9, 90.03, 420033, 204, 0, 0
4723, 114, 242, 423, 1, 0, 5.86%, 0, 0, 9, 90.18, 420491, 204, 0, 0
4728, 114, 301, 423, 1, 0, 5.86%, 0, 0, 9, 89.97, 420950, 204, 0, 0
4733, 114, 388, 423, 1, 0, 5.86%, 0, 0, 9, 89.86, 421406, 204, 0, 0
4738, 115, 188, 423, 1, 0, 5.86%, 0, 0, 9, 89.08, 421854, 204, 0, 0
4743, 115, 220, 423, 1, 0, 5.86%, 0, 0, 9, 89.53, 422307, 204, 0, 0
4748, 115, 242, 423, 1, 0, 5.86%, 0, 0, 9, 89.56, 422760, 204, 0, 0
4753, 115, 274, 423, 1, 0, 5.86%, 0, 0, 9, 89.92, 423218, 204, 0, 0
4758, 115, 301, 423, 1, 0, 5.86%, 0, 0, 9, 89.95, 423683, 204, 0, 0
4763, 115, 388, 423, 1, 0, 5.86%, 0, 0, 9, 89.81, 424143, 204, 0, 0
4769, 115, 416, 423, 1, 0, 5.86%, 0, 0, 9, 88.71, 424591, 204, 0, 0
4774, 116, 9, 423, 0, 0, 5.86%, 0, 0, 9, 89.49, 425041, 204, 0, 0
4779, 116, 201, 423, 0, 0, 5.86%, 0, 0, 9, 89.64, 425498, 204, 0, 0
4784, 116, 223, 423, 0, 0, 5.86%, 0, 0, 9, 89.97, 425960, 204, 0, 0
4789, 116, 249, 423, 0, 0, 5.86%, 0, 0, 9, 89.83, 426421, 204, 0, 0
4794, 116, 312, 423, 0, 0, 5.86%, 0, 0, 9, 89.55, 426880, 204, 0, 0
4799, 116, 393, 423, 0, 0, 5.86%, 0, 0, 9, 89.18, 427337, 204, 0, 0
4804, 117, 186, 423, 0, 0, 5.86%, 0, 0, 9, 88.36, 427784, 204, 0, 0
4809, 117, 213, 423, 0, 0, 5.86%, 0, 0, 9, 89.34, 428237, 204, 0, 0
4814, 117, 233, 423, 0, 0, 5.86%, 0, 0, 9, 89.80, 428695, 204, 0, 0
4819, 117, 276, 423, 0, 0, 5.86%, 0, 0, 9, 89.56, 429146, 204, 0, 0
4825, 117, 332, 423, 0, 0, 5.86%, 0, 0, 9, 89.65, 429605, 204, 0, 0
4830, 117, 408, 423, 0, 0, 5.86%, 0, 0, 9, 88.71, 430063, 204, 0, 0
4835, 117, 416, 423, 0, 0, 5.86%, 0, 0, 9, 88.63, 430515, 204, 0, 0
4840, 118, 204, 423, 0, 0, 5.86%, 0, 0, 9, 89.32, 430971, 204, 0, 0
4845, 118, 230, 423, 0, 0, 5.86%, 0, 0, 9, 89.83, 431429, 204, 0, 0
4850, 118, 276, 423, 0, 0, 5.86%, 0, 0, 9, 89.70, 431883, 204, 0, 0
4855, 118, 366, 423, 0, 0, 5.86%, 0, 0, 9, 89.32, 432340, 204, 0, 0
4860, 119, 195, 423, 0, 0, 5.86%, 0, 0, 9, 88.96, 432789, 204, 0, 0
4865, 119, 213, 423, 0, 0, 5.86%, 0, 0, 9, 89.57, 433248, 204, 0, 0
4870, 119, 233, 423, 0, 0, 5.86%, 0, 0, 9, 89.72, 433708, 204, 0, 0
4875, 119, 277, 423, 0, 0, 5.86%, 0, 0, 9, 89.69, 434162, 204, 0, 0
4881, 119, 357, 423, 0, 0, 5.86%, 0, 0, 9, 89.54, 434623, 204, 0, 0
4886, 119, 408, 423, 0, 0, 5.86%, 0, 0, 9, 89.17, 435080, 204, 0, 0
4891, 120, 186, 423, 0, 0, 5.86%, 0, 0, 9, 88.61, 435530, 204, 0, 0
4896, 120, 213, 423, 0, 0, 5.86%, 0, 0, 9, 88.81, 435980, 204, 0, 0
4901, 120, 236, 423, 0, 0, 5.86%, 0, 0, 9, 89.61, 436437, 204, 0, 0
4906, 120, 285, 423, 0, 0, 5.86%, 0, 0, 9, 90.34, 436901, 204, 0, 0
4911, 120, 338, 423, 0, 0, 5.86%, 0, 0, 9, 89.56, 437359, 204, 0, 0
4916, 120, 409, 423, 0, 0, 5.86%, 0, 0, 9, 87.84, 437808, 204, 0, 0
4921, 121, 197, 423, 0, 0, 5.86%, 0, 0, 9, 88.57, 438258, 204, 0, 0
4927, 121, 221, 423, 0, 0, 5.86%, 0, 0, 9, 89.33, 438713, 204, 0, 0
4932, 121, 244, 423, 0, 0, 5.86%, 0, 0, 9, 89.30, 439164, 204, 0, 0
4937, 121, 309, 423, 0, 0, 5.86%, 0, 0, 9, 89.76, 439625, 204, 0, 0
4942, 121, 409, 423, 0, 0, 5.86%, 0, 0, 9, 88.25, 440074, 204, 0, 0
4947, 121, 417, 423, 0, 0, 5.86%, 0, 0, 9, 84.83, 440508, 204, 0, 0
4952, 122, 201, 423, 0, 0, 5.86%, 0, 0, 9, 88.33, 440958, 204, 0, 0
4957, 122, 224, 423, 0, 0, 5.86%, 0, 0, 9, 89.67, 441417, 204, 0, 0
4962, 122, 249, 423, 0, 0, 5.86%, 0, 0, 9, 90.06, 441877, 204, 0, 0
4967, 122, 299, 423, 0, 0, 5.86%, 0, 0, 9, 89.93, 442337, 204, 0, 0
4972, 122, 340, 423, 0, 0, 5.86%, 0, 0, 9, 90.04, 442799, 204, 0, 0
4978, 122, 393, 424, 1, 0, 5.86%, 0, 0, 9, 88.96, 443255, 204, 0, 0
4983, 122, 409, 424, 1, 0, 5.86%, 0, 0, 9, 88.44, 443706, 204, 0, 0
4988, 123, 201, 424, 1, 0, 5.86%, 0, 0, 9, 88.88, 444159, 204, 0, 0
4993, 123, 225, 424, 1, 0, 5.86%, 0, 0, 9, 89.90, 444621, 204, 0, 0
4998, 123, 249, 424, 1, 0, 5.86%, 0, 0, 9, 89.82, 445080, 204, 0, 0
5003, 123, 312, 424, 1, 0, 5.86%, 0, 0, 9, 89.18, 445539, 204, 0, 0
5008, 123, 375, 424, 1, 0, 5.86%, 0, 0, 9, 90.12, 446004, 204, 0, 0
5013, 123, 423, 424, 1, 0, 5.86%, 0, 0, 9, 88.49, 446461, 204, 0, 0
5018, 124, 186, 424, 0, 0, 5.86%, 0, 0, 9, 89.55, 446917, 204, 0, 0
5024, 124, 213, 424, 0, 0, 5.86%, 0, 0, 9, 89.31, 447368, 204, 0, 0
5029, 124, 233, 424, 0, 0, 5.86%, 0, 0, 9, 89.63, 447828, 204, 0, 0
5034, 124, 276, 424, 0, 0, 5.86%, 0, 0, 9, 89.96, 448286, 204, 0, 0
5039, 124, 332, 424, 0, 0, 5.86%, 0, 0, 9, 89.74, 448744, 204, 0, 0
5044, 124, 408, 424, 0, 0, 5.86%, 0, 0, 9, 88.88, 449201, 204, 0, 0
5049, 125, 203, 424, 0, 0, 5.86%, 0, 0, 9, 89.16, 449652, 204, 0, 0
5054, 125, 227, 424, 0, 0, 5.86%, 0, 0, 9, 89.81, 450111, 204, 0, 0
5059, 125, 276, 424, 0, 0, 5.86%, 0, 0, 9, 89.70, 450566, 204, 0, 0
5064, 125, 299, 424, 0, 0, 5.86%, 0, 0, 9, 89.67, 451024, 204, 0, 0
5069, 125, 408, 424, 0, 0, 5.86%, 0, 0, 9, 88.96, 451480, 204, 0, 0
5075, 126, 199, 424, 0, 0, 5.86%, 0, 0, 9, 89.39, 451932, 204, 0, 0
5080, 126, 223, 424, 0, 0, 5.86%, 0, 0, 9, 90.15, 452394, 204, 0, 0
5085, 126, 249, 424, 0, 0, 5.86%, 0, 0, 9, 89.79, 452852, 204, 0, 0
5090, 126, 312, 424, 0, 0, 5.86%, 0, 0, 9, 89.49, 453311, 204, 0, 0
5095, 126, 368, 424, 0, 0, 5.86%, 0, 0, 9, 90.14, 453776, 204, 0, 0
5100, 126, 415, 424, 0, 0, 5.86%, 0, 0, 9, 86.88, 454222, 204, 0, 0
5105, 127, 188, 424, 0, 0, 5.86%, 0, 0, 9, 87.37, 454660, 204, 0, 0
5110, 127, 220, 424, 0, 0, 5.86%, 0, 0, 9, 89.39, 455115, 204, 0, 0
5115, 127, 236, 424, 0, 0, 5.86%, 0, 0, 9, 89.82, 455571, 204, 0, 0
5120, 127, 285, 424, 0, 0, 5.86%, 0, 0, 9, 90.26, 456033, 204, 0, 0
5126, 127, 332, 424, 0, 0, 5.86%, 0, 0, 9, 89.87, 456490, 204, 0, 0
5131, 127, 408, 424, 0, 0, 5.86%, 0, 0, 9, 86.83, 456933, 204, 0, 0
5136, 128, 135, 424, 0, 0, 5.86%, 0, 0, 9, 89.14, 457393, 204, 0, 0
5141, 128, 204, 424, 0, 0, 5.86%, 0, 0, 9, 89.58, 457848, 204, 0, 0
5146, 128, 227, 424, 0, 0, 5.86%, 0, 0, 9, 89.97, 458305, 204, 0, 0
5151, 128, 274, 424, 0, 0, 5.86%, 0, 0, 9, 90.30, 458769, 204, 0, 0
5156, 128, 323, 424, 0, 0, 5.86%, 0, 0, 9, 89.28, 459226, 204, 0, 0
5161, 128, 410, 424, 0, 0, 5.86%, 0, 0, 9, 88.66, 459678, 204, 0, 0
5166, 129, 195, 424, 0, 0, 5.86%, 0, 0, 9, 89.61, 460141, 204, 0, 0
5172, 129, 221, 424, 0, 0, 5.86%, 0, 0, 9, 89.60, 460600, 204, 0, 0
5177, 129, 241, 424, 0, 0, 5.86%, 0, 0, 9, 89.98, 461061, 204, 0, 0
5182, 129, 277, 424, 0, 0, 5.86%, 0, 0, 9, 90.03, 461520, 204, 0, 0
5187, 129, 332, 424, 0, 0, 5.86%, 0, 0, 9, 89.28, 461972, 204, 0, 0
5192, 129, 411, 424, 0, 0, 5.86%, 0, 0, 9, 89.38, 462427, 204, 0, 0
5197, 130, 201, 424, 0, 0, 5.86%, 0, 0, 9, 89.66, 462883, 204, 0, 0
5202, 130, 225, 424, 0, 0, 5.86%, 0, 0, 9, 90.09, 463343, 204, 0, 0
5207, 130, 272, 424, 0, 0, 5.86%, 0, 0, 9, 89.98, 463806, 204, 0, 0
5212, 130, 314, 424, 0, 0, 5.86%, 0, 0, 9, 89.34, 464262, 204, 0, 0
5217, 130, 377, 424, 0, 0, 5.86%, 0, 0, 9, 88.97, 464717, 204, 0, 0
5223, 130, 409, 424, 0, 0, 5.86%, 0, 0, 9, 88.24, 465167, 204, 0, 0
5228, 130, 411, 425, 1, 0, 5.86%, 0, 0, 9, 90.76, 465638, 204, 0, 0
5233, 131, 188, 425, 1, 0, 5.86%, 0, 0, 9, 89.52, 466091, 204, 0, 0
5238, 131, 203, 425, 1, 0, 5.86%, 0, 0, 9, 89.36, 466542, 204, 0, 0
5243, 131, 227, 425, 1, 0, 5.86%, 0, 0, 9, 89.85, 467001, 204, 0, 0
5248, 131, 258, 425, 1, 0, 5.86%, 0, 0, 9, 89.91, 467458, 204, 0, 0
5253, 131, 301, 425, 1, 0, 5.86%, 0, 0, 9, 89.21, 467914, 204, 0, 0
5258, 131, 377, 425, 1, 0, 5.86%, 0, 0, 9, 89.79, 468373, 204, 0, 0
5263, 131, 409, 425, 1, 0, 5.86%, 0, 0, 9, 89.43, 468832, 204, 0, 0
5268, 132, 199, 425, 1, 0, 5.86%, 0, 0, 9, 89.30, 469284, 204, 0, 0
5274, 132, 224, 425, 1, 0, 5.86%, 0, 0, 9, 89.91, 469744, 204, 0, 0
5279, 132, 249, 425, 1, 0, 5.86%, 0, 0, 9, 89.68, 470201, 204, 0, 0
5284, 132, 309, 425, 1, 0, 5.86%, 0, 0, 9, 89.84, 470669, 204, 0, 0
5289, 132, 384, 425, 1, 0, 5.86%, 0, 0, 9, 90.01, 471132, 204, 0, 0
5294, 132, 421, 425, 1, 0, 5.86%, 0, 0, 9, 87.28, 471579, 204, 0, 0
5299, 133, 0, 425, 0, 0, 5.86%, 0, 0, 9, 89.36, 472033, 204, 0, 0
5304, 133, 201, 425, 0, 0, 5.86%, 0, 0, 9, 89.68, 472492, 204, 0, 0
5309, 133, 225, 425, 0, 0, 5.86%, 0, 0, 9, 90.16, 472954, 204, 0, 0
5314, 133, 271, 425, 0, 0, 5.86%, 0, 0, 9, 89.23, 473405, 204, 0, 0
5320, 133, 298, 425, 0, 0, 5.86%, 0, 0, 9, 90.05, 473868, 204, 0, 0
5325, 133, 362, 425, 0, 0, 5.86%, 0, 0, 9, 89.50, 474324, 204, 0, 0
5330, 133, 408, 425, 0, 0, 5.86%, 0, 0, 9, 87.66, 474773, 204, 0, 0
5335, 134, 194, 425, 0, 0, 5.86%, 0, 0, 9, 89.26, 475227, 204, 0, 0
5340, 134, 221, 425, 0, 0, 5.86%, 0, 0, 9, 89.26, 475678, 204, 0, 0
5345, 134, 244, 425, 0, 0, 5.86%, 0, 0, 9, 89.61, 476132, 204, 0, 0
5350, 134, 279, 425, 0, 0, 5.86%, 0, 0, 9, 89.88, 476588, 204, 0, 0
5355, 134, 312, 425, 0, 0, 5.86%, 0, 0, 9, 88.85, 477043, 204, 0, 0
5360, 134, 405, 425, 0, 0, 5.86%, 0, 0, 9, 90.34, 477509, 204, 0, 0
5365, 134, 418, 425, 0, 0, 5.86%, 0, 0, 9, 89.42, 477961, 204, 0, 0
5370, 135, 12, 425, 0, 0, 5.86%, 0, 0, 9, 89.38, 478414, 204, 0, 0
5376, 135, 194, 425, 0, 0, 5.86%, 0, 0, 9, 89.83, 478873, 204, 0, 0
5381, 135, 221, 425, 0, 0, 5.86%, 0, 0, 9, 89.98, 479332, 204, 0, 0
5386, 135, 242, 425, 0, 0, 5.86%, 0, 0, 9, 90.05, 479793, 204, 0, 0
5391, 135, 292, 425, 0, 0, 5.86%, 0, 0, 9, 90.15, 480253, 204, 0, 0
5396, 135, 366, 425, 0, 0, 5.86%, 0, 0, 9, 89.47, 480708, 204, 0, 0
5401, 135, 418, 425, 0, 0, 5.86%, 0, 0, 9, 88.03, 481160, 204, 0, 0
5406, 136, 199, 425, 0, 0, 5.86%, 0, 0, 9, 89.17, 481613, 204, 0, 0
5411, 136, 223, 425, 0, 0, 5.86%, 0, 0, 9, 90.08, 482076, 204, 0, 0
5416, 136, 249, 425, 0, 0, 5.86%, 0, 0, 9, 89.34, 482527, 204, 0, 0
5421, 136, 309, 425, 0, 0, 5.86%, 0, 0, 9, 89.93, 482989, 204, 0, 0
5427, 136, 366, 425, 0, 0, 5.86%, 0, 0, 9, 89.73, 483451, 204, 0, 0
5432, 136, 406, 425, 0, 0, 5.86%, 0, 0, 9, 87.89, 483903, 204, 0, 0
5437, 137, 199, 425, 0, 0, 5.86%, 0, 0, 9, 88.97, 484356, 204, 0, 0
5442, 137, 224, 425, 0, 0, 5.86%, 0, 0, 9, 89.63, 484812, 204, 0, 0
5447, 137, 259, 425, 0, 0, 5.86%, 0, 0, 9, 89.41, 485263, 204, 0, 0
5452, 137, 309, 425, 0, 0, 5.86%, 0, 0, 9, 89.67, 485725, 204, 0, 0
5457, 137, 409, 425, 0, 0, 5.86%, 0, 0, 9, 88.74, 486177, 204, 0, 0
5462, 137, 422, 425, 0, 0, 5.86%, 0, 0, 9, 90.09, 486640, 204, 0, 0
5467, 138, 203, 425, 0, 0, 5.86%, 0, 0, 9, 89.72, 487096, 204, 0, 0
5473, 138, 225, 425, 0, 0, 5.86%, 0, 0, 9, 89.76, 487555, 204, 0, 0
5478, 138, 272, 425, 0, 0, 5.86%, 0, 0, 9, 89.82, 488009, 204, 0, 0
5483, 138, 349, 425, 0, 0, 5.86%, 0, 0, 9, 90.21, 488472, 204, 0, 0
5488, 139, 186, 425, 0, 0, 5.86%, 0, 0, 9, 89.26, 488924, 204, 0, 0
5493, 139, 210, 425, 0, 0, 5.86%, 0, 0, 9, 89.64, 489380, 204, 0, 0
5498, 139, 233, 425, 0, 0, 5.86%, 0, 0, 9, 89.65, 489840, 204, 0, 0
5503, 139, 271, 425, 0, 0, 5.86%, 0, 0, 9, 89.53, 490297, 204, 0, 0
5508, 139, 332, 425, 0, 0, 5.86%, 0, 0, 9, 89.38, 490757, 204, 0, 0
5513, 139, 380, 425, 0, 0, 5.86%, 0, 0, 9, 88.80, 491209, 204, 0, 0
5518, 139, 420, 425, 0, 0, 5.86%, 0, 0, 9, 88.17, 491656, 204, 0, 0
5524, 139, 420, 425, 0, 0, 5.86%, 0, 0, 9, 85.83, 492096, 204, 0, 0
5529, 140, 186, 425, 0, 0, 5.86%, 0, 0, 9, 88.92, 492556, 204, 0, 0
5534, 140, 213, 425, 0, 0, 5.86%, 0, 0, 9, 89.50, 493009, 204, 0, 0
5539, 140, 233, 425, 0, 0, 5.86%, 0, 0, 9, 89.67, 493468, 204, 0, 0
5544, 140, 272, 425, 0, 0, 5.86%, 0, 0, 9, 89.67, 493923, 204, 0, 0
5549, 140, 304, 425, 0, 0, 5.86%, 0, 0, 9, 90.05, 494389, 204, 0, 0
5554, 140, 388, 425, 0, 0, 5.86%, 0, 0, 9, 88.33, 494839, 204, 0, 0
5559, 141, 188, 425, 0, 0, 5.86%, 0, 0, 9, 88.97, 495287, 204, 0, 0
5564, 141, 213, 425, 0, 0, 5.86%, 0, 0, 9, 89.77, 495742, 204, 0, 0
5570, 141, 236, 425, 0, 0, 5.86%, 0, 0, 9, 90.14, 496205, 204, 0, 0
5575, 141, 277, 425, 0, 0, 5.86%, 0, 0, 9, 90.38, 496670, 204, 0, 0
5580, 141, 328, 425, 0, 0, 5.86%, 0, 0, 9, 89.35, 497130, 204, 0, 0
5585, 141, 399, 425, 0, 0, 5.86%, 0, 0, 9, 90.41, 497594, 204, 0, 0
5590, 141, 414, 425, 0, 0, 5.86%, 0, 0, 9, 90.01, 498055, 204, 0, 0
5595, 142, 9, 425, 0, 0, 5.86%, 0, 0, 9, 89.12, 498510, 204, 0, 0
5600, 142, 204, 425, 0, 0, 5.86%, 0, 0, 9, 89.65, 498964, 204, 0, 0
5605, 142, 227, 425, 0, 0, 5.86%, 0, 0, 9, 90.09, 499425, 204, 0, 0
5610, 142, 276, 425, 0, 0, 5.86%, 0, 0, 9, 89.92, 499881, 204, 0, 0
5616, 142, 314, 425, 0, 0, 5.86%, 0, 0, 9, 88.96, 500336, 204, 0, 0
5621, 142, 405, 425, 0, 0, 5.86%, 0, 0, 9, 89.81, 500798, 204, 0, 0
5626, 143, 20, 425, 0, 0, 5.86%, 0, 0, 9, 89.10, 501250, 204, 0, 0
5631, 143, 210, 425, 0, 0, 5.86%, 0, 0, 9, 89.72, 501704, 204, 0, 0
5636, 143, 232, 425, 0, 0, 5.86%, 0, 0, 9, 89.84, 502162, 204, 0, 0
5641, 143, 269, 425, 0, 0, 5.86%, 0, 0, 9, 89.83, 502617, 204, 0, 0
5646, 143, 301, 425, 0, 0, 5.86%, 0, 0, 9, 89.84, 503075, 204, 0, 0
5651, 143, 366, 425, 0, 0, 5.86%, 0, 0, 9, 90.15, 503540, 204, 0, 0
5656, 143, 408, 425, 0, 0, 5.86%, 0, 0, 9, 86.06, 503975, 204, 0, 0
5661, 144, 201, 425, 0, 0, 5.86%, 0, 0, 9, 88.54, 504427, 204, 0, 0
5666, 144, 225, 425, 0, 0, 5.86%, 0, 0, 9, 89.36, 504882, 204, 0, 0
5672, 144, 249, 425, 0, 0, 5.86%, 0, 0, 9, 89.10, 505334, 204, 0, 0
5677, 144, 285, 425, 0, 0, 5.86%, 0, 0, 9, 88.35, 505789, 204, 0, 0
5682, 144, 387, 425, 0, 0, 5.86%, 0, 0, 9, 89.09, 506242, 204, 0, 0
5687, 145, 117, 425, 0, 0, 5.86%, 0, 0, 9, 89.20, 506696, 204, 0, 0
5692, 145, 210, 425, 0, 0, 5.86%, 0, 0, 9, 89.14, 507146, 204, 0, 0
5697, 145, 230, 425, 0, 0, 5.86%, 0, 0, 9, 90.13, 507610, 204, 0, 0
5702, 145, 275, 425, 0, 0, 5.86%, 0, 0, 9, 90.12, 508067, 204, 0, 0
5707, 145, 309, 425, 0, 0, 5.86%, 0, 0, 9, 89.02, 508523, 204, 0, 0
5712, 145, 384, 425, 0, 0, 5.86%, 0, 0, 9, 90.12, 508986, 204, 0, 0
5718, 145, 420, 425, 0, 0, 5.86%, 0, 0, 9, 87.27, 509433, 204, 0, 0
5723, 145, 420, 425, 0, 0, 5.86%, 0, 0, 9, 86.26, 509879, 204, 0, 0
5728, 146, 201, 425, 0, 0, 5.86%, 0, 0, 9, 89.09, 510335, 204, 0, 0
5733, 146, 223, 425, 0, 0, 5.86%, 0, 0, 9, 90.11, 510796, 204, 0, 0
5738, 146, 244, 425, 0, 0, 5.86%, 0, 0, 9, 89.98, 511256, 204, 0, 0
5743, 146, 294, 425, 0, 0, 5.86%, 0, 0, 9, 90.35, 511719, 204, 0, 0
5748, 146, 371, 425, 0, 0, 5.86%, 0, 0, 9, 89.72, 512180, 204, 0, 0
5753, 147, 127, 425, 0, 0, 5.86%, 0, 0, 9, 89.16, 512632, 204, 0, 0
5758, 147, 203, 425, 0, 0, 5.86%, 0, 0, 9, 89.13, 513086, 204, 0, 0
5764, 147, 227, 425, 0, 0, 5.86%, 0, 0, 9, 89.56, 513541, 204, 0, 0
5769, 147, 262, 425, 0, 0, 5.86%, 0, 0, 9, 89.54, 513994, 204, 0, 0
5774, 147, 297, 425, 0, 0, 5.86%, 0, 0, 9, 90.13, 514451, 204, 0, 0
5779, 147, 366, 425, 0, 0, 5.86%, 0, 0, 9, 89.41, 514904, 204, 0, 0
5784, 148, 13, 425, 0, 0, 5.86%, 0, 0, 9, 88.53, 515357, 204, 0, 0
5789, 148, 201, 425, 0, 0, 5.86%, 0, 0, 9, 89.04, 515809, 204, 0, 0
5794, 148, 224, 425, 0, 0, 5.86%, 0, 0, 9, 89.28, 516260, 204, 0, 0
5799, 148, 271, 425, 0, 0, 5.86%, 0, 0, 9, 89.61, 516715, 204, 0, 0
5804, 148, 301, 425, 0, 0, 5.86%, 0, 0, 9, 89.83, 517173, 204, 0, 0
5809, 148, 388, 425, 0, 0, 5.86%, 0, 0, 9, 89.48, 517630, 204, 0, 0
5814, 149, 194, 425, 0, 0, 5.86%, 0, 0, 9, 89.38, 518083, 204, 0, 0
5819, 149, 213, 425, 0, 0, 5.86%, 0, 0, 9, 89.70, 518540, 204, 0, 0
5825, 149, 234, 425, 0, 0, 5.86%, 0, 0, 9, 89.90, 519002, 204, 0, 0
5830, 149, 276, 425, 0, 0, 5.86%, 0, 0, 9, 90.39, 519468, 204, 0, 0
5835, 149, 315, 425, 0, 0, 5.86%, 0, 0, 9, 89.72, 519929, 204, 0, 0
5840, 149, 397, 425, 0, 0, 5.86%, 0, 0, 9, 88.60, 520383, 204, 0, 0
5845, 149, 406, 425, 0, 0, 5.86%, 0, 0, 9, 87.00, 520832, 204, 0, 0
5850, 149, 417, 425, 0, 0, 5.86%, 0, 0, 9, 87.35, 521279, 204, 0, 0
5855, 149, 423, 425, 0, 0, 5.86%, 0, 0, 9, 89.53, 521742, 204, 0, 0
5861, 150, 199, 425, 0, 0, 5.86%, 0, 0, 9, 89.52, 522196, 204, 0, 0
5866, 150, 224, 425, 0, 0, 5.86%, 0, 0, 9, 89.62, 522650, 204, 0, 0
5871, 150, 249, 425, 0, 0, 5.86%, 0, 0, 9, 89.62, 523103, 204, 0, 0
5876, 150, 301, 425, 0, 0, 5.86%, 0, 0, 9, 89.59, 523559, 204, 0, 0
5881, 150, 409, 425, 0, 0, 5.86%, 0, 0, 9, 88.24, 524009, 204, 0, 0
5886, 150, 418, 425, 0, 0, 5.86%, 0, 0, 9, 87.65, 524458, 204, 0, 0
5891, 151, 194, 425, 0, 0, 5.86%, 0, 0, 9, 89.02, 524914, 204, 0, 0
5896, 151, 220, 425, 0, 0, 5.86%, 0, 0, 9, 89.52, 525370, 204, 0, 0
5901, 151, 242, 425, 0, 0, 5.86%, 0, 0, 9, 89.76, 525825, 204, 0, 0
5906, 151, 286, 425, 0, 0, 5.86%, 0, 0, 9, 90.28, 526289, 204, 0, 0
5911, 151, 345, 425, 0, 0, 5.86%, 0, 0, 9, 89.73, 526747, 204, 0, 0
5917, 151, 408, 425, 0, 0, 5.86%, 0, 0, 9, 89.10, 527206, 204, 0, 0
5922, 151, 422, 425, 0, 0, 5.86%, 0, 0, 9, 88.84, 527657, 204, 0, 0
5927, 151, 423, 426, 1, 0, 5.86%, 0, 0, 9, 90.07, 528122, 204, 0, 0
5932, 152, 186, 426, 1, 0, 5.86%, 0, 0, 9, 90.22, 528589, 204, 0, 0
5937, 152, 204, 426, 1, 0, 5.86%, 0, 0, 9, 89.33, 529040, 204, 0, 0
5942, 152, 225, 426, 1, 0, 5.86%, 0, 0, 9, 89.66, 529496, 204, 0, 0
5947, 152, 271, 426, 1, 0, 5.86%, 0, 0, 9, 89.79, 529957, 204, 0, 0
5952, 152, 308, 426, 1, 0, 5.86%, 0, 0, 9, 89.61, 530417, 204, 0, 0
5958, 152, 404, 426, 1, 0, 5.86%, 0, 0, 9, 88.29, 530873, 204, 0, 0
5963, 152, 406, 426, 1, 0, 5.86%, 0, 0, 9, 88.31, 531318, 204, 0, 0
5968, 152, 425, 426, 1, 0, 5.86%, 0, 0, 9, 87.68, 531765, 204, 0, 0
5973, 153, 135, 426, 0, 0, 5.86%, 0, 0, 9, 89.29, 532222, 204, 0, 0
5978, 153, 204, 426, 0, 0, 5.86%, 0, 0, 9, 89.47, 532673, 204, 0, 0
5983, 153, 224, 426, 0, 0, 5.86%, 0, 0, 9, 90.18, 533136, 204, 0, 0
5988, 153, 244, 426, 0, 0, 5.86%, 0, 0, 9, 90.08, 533596, 204, 0, 0
5993, 153, 301, 426, 0, 0, 5.86%, 0, 0, 9, 89.77, 534051, 204, 0, 0
5998, 153, 408, 426, 0, 0, 5.86%, 0, 0, 9, 88.61, 534503, 204, 0, 0
6003, 154, 195, 426, 0, 0, 5.86%, 0, 0, 9, 89.31, 534955, 204, 0, 0
6008, 154, 223, 426, 0, 0, 5.86%, 0, 0, 9, 89.96, 535416, 204, 0, 0
6013, 154, 249, 426, 0, 0, 5.86%, 0, 0, 9, 89.79, 535873, 204, 0, 0
6019, 154, 299, 426, 0, 0, 5.86%, 0, 0, 9, 90.51, 536338, 204, 0, 0
6024, 154, 366, 426, 0, 0, 5.86%, 0, 0, 9, 90.32, 536804, 204, 0, 0
6029, 154, 418, 426, 0, 0, 5.86%, 0, 0, 9, 89.17, 537257, 204, 0, 0
6034, 154, 420, 426, 0, 0, 5.86%, 0, 0, 9, 86.64, 537701, 204, 0, 0
6039, 155, 194, 426, 0, 0, 5.86%, 0, 0, 9, 88.46, 538152, 204, 0, 0
6044, 155, 221, 426, 0, 0, 5.86%, 0, 0, 9, 88.59, 538603, 204, 0, 0
6049, 155, 244, 426, 0, 0, 5.86%, 0, 0, 9, 89.23, 539056, 204, 0, 0
6054, 155, 296, 426, 0, 0, 5.86%, 0, 0, 9, 89.98, 539517, 204, 0, 0
6060, 155, 366, 426, 0, 0, 5.86%, 0, 0, 9, 89.70, 539976, 204, 0, 0
6065, 156, 51, 426, 0, 0, 5.86%, 0, 0, 9, 88.96, 540431, 204, 0, 0
6070, 156, 203, 426, 0, 0, 5.86%, 0, 0, 9, 89.32, 540883, 204, 0, 0
6075, 156, 227, 426, 0, 0, 5.86%, 0, 0, 9, 89.59, 541339, 204, 0, 0
6080, 156, 276, 426, 0, 0, 5.86%, 0, 0, 9, 89.19, 541791, 204, 0, 0
6085, 156, 309, 426, 0, 0, 5.86%, 0, 0, 9, 89.37, 542251, 204, 0, 0
6090, 156, 409, 426, 0, 0, 5.86%, 0, 0, 9, 88.99, 542709, 204, 0, 0
6095, 157, 201, 426, 0, 0, 5.86%, 0, 0, 9, 89.38, 543160, 204, 0, 0
6100, 157, 227, 426, 0, 0, 5.86%, 0, 0, 9, 89.93, 543617, 204, 0, 0
6105, 157, 272, 426, 0, 0, 5.86%, 0, 0, 9, 89.42, 544072, 204, 0, 0
6110, 157, 312, 426, 0, 0, 5.86%, 0, 0, 9, 88.70, 544524, 204, 0, 0
6116, 157, 396, 426, 0, 0, 5.86%, 0, 0, 9, 88.52, 544981, 204, 0, 0
6121, 157, 415, 426, 0, 0, 5.86%, 0, 0, 9, 88.67, 545431, 204, 0, 0
6126, 157, 419, 426, 0, 0, 5.86%, 0, 0, 9, 89.11, 545885, 204, 0, 0
6131, 158, 197, 426, 0, 0, 5.86%, 0, 0, 9, 89.50, 546336, 204, 0, 0
6136, 158, 221, 426, 0, 0, 5.86%, 0, 0, 9, 89.62, 546789, 204, 0, 0
6141, 158, 244, 426, 0, 0, 5.86%, 0, 0, 9, 89.98, 547251, 204, 0, 0
6146, 158, 301, 426, 0, 0, 5.86%, 0, 0, 9, 90.20, 547713, 204, 0, 0
6151, 158, 388, 426, 0, 0, 5.86%, 0, 0, 9, 90.42, 548182, 204, 0, 0
6156, 159, 194, 426, 0, 0, 5.86%, 0, 0, 9, 89.45, 548635, 204, 0, 0
6161, 159, 221, 426, 0, 0, 5.86%, 0, 0, 9, 89.70, 549091, 204, 0, 0
6167, 159, 244, 426, 0, 0, 5.86%, 0, 0, 9, 89.91, 549550, 204, 0, 0
6172, 159, 296, 426, 0, 0, 5.86%, 0, 0, 9, 90.15, 550017, 204, 0, 0
6177, 159, 388, 426, 0, 0, 5.86%, 0, 0, 9, 89.88, 550477, 204, 0, 0
6182, 159, 416, 426, 0, 0, 5.86%, 0, 0, 9, 89.28, 550928, 204, 0, 0
6187, 160, 199, 426, 0, 0, 5.86%, 0, 0, 9, 89.43, 551382, 204, 0, 0
6192, 160, 222, 426, 0, 0, 5.86%, 0, 0, 9, 89.83, 551839, 204, 0, 0
6197, 160, 237, 426, 0, 0, 5.86%, 0, 0, 9, 90.03, 552301, 204, 0, 0
6202, 160, 285, 426, 0, 0, 5.86%, 0, 0, 9, 89.94, 552754, 204, 0, 0
6207, 160, 332, 426, 0, 0, 5.86%, 0, 0, 9, 89.08, 553208, 204, 0, 0
6213, 160, 406, 426, 0, 0, 5.86%, 0, 0, 9, 88.85, 553666, 204, 0, 0
6218, 160, 410, 426, 0, 0, 5.86%, 0, 0, 9, 88.51, 554115, 204, 0, 0
6223, 161, 200, 426, 0, 0, 5.86%, 0, 0, 9, 89.52, 554570, 204, 0, 0
6228, 161, 223, 426, 0, 0, 5.86%, 0, 0, 9, 90.11, 555030, 204, 0, 0
6233, 161, 244, 426, 0, 0, 5.86%, 0, 0, 9, 89.81, 555487, 204, 0, 0
6238, 161, 277, 426, 0, 0, 5.86%, 0, 0, 9, 90.22, 555948, 204, 0, 0
6243, 161, 317, 426, 0, 0, 5.86%, 0, 0, 9, 89.66, 556408, 204, 0, 0
6248, 161, 396, 426, 0, 0, 5.86%, 0, 0, 9, 89.60, 556866, 204, 0, 0
6253, 162, 127, 426, 0, 0, 5.86%, 0, 0, 9, 89.49, 557322, 204, 0, 0
6258, 162, 204, 426, 0, 0, 5.86%, 0, 0, 9, 89.36, 557776, 204, 0, 0
6264, 162, 230, 426, 0, 0, 5.86%, 0, 0, 9, 90.06, 558240, 204, 0, 0
6269, 162, 259, 426, 0, 0, 5.86%, 0, 0, 9, 89.73, 558703, 204, 0, 0
6274, 162, 284, 426, 0, 0, 5.86%, 0, 0, 9, 89.85, 559165, 204, 0, 0
6279, 162, 342, 426, 0, 0, 5.86%, 0, 0, 9, 89.74, 559623, 204, 0, 0
6284, 162, 403, 426, 0, 0, 5.86%, 0, 0, 9, 89.28, 560083, 204, 0, 0
6289, 162, 421, 426, 0, 0, 5.86%, 0, 0, 9, 88.25, 560534, 204, 0, 0
6294, 163, 199, 426, 0, 0, 5.86%, 0, 0, 9, 89.53, 560989, 204, 0, 0
6299, 163, 223, 426, 0, 0, 5.86%, 0, 0, 9, 89.88, 561446, 204, 0, 0
6305, 163, 249, 426, 0, 0, 5.86%, 0, 0, 9, 90.16, 561908, 204, 0, 0
6310, 163, 285, 426, 0, 0, 5.86%, 0, 0, 9, 89.00, 562360, 204, 0, 0
6315, 163, 388, 426, 0, 0, 5.86%, 0, 0, 9, 88.98, 562812, 204, 0, 0
6320, 164, 199, 426, 0, 0, 5.86%, 0, 0, 9, 88.58, 563258, 204, 0, 0
6325, 164, 221, 426, 0, 0, 5.86%, 0, 0, 9, 89.59, 563711, 204, 0, 0
6330, 164, 249, 426, 0, 0, 5.86%, 0, 0, 9, 89.85, 564170, 204, 0, 0
6335, 164, 309, 426, 0, 0, 5.86%, 0, 0, 9, 89.45, 564628, 204, 0, 0
6340, 164, 378, 426, 0, 0, 5.86%, 0, 0, 9, 90.06, 565095, 204, 0, 0
6345, 164, 412, 426, 0, 0, 5.86%, 0, 0, 9, 88.99, 565547, 204, 0, 0
6350, 165, 201, 426, 0, 0, 5.86%, 0, 0, 9, 88.94, 565997, 204, 0, 0
6355, 165, 225, 426, 0, 0, 5.86%, 0, 0, 9, 88.84, 566443, 204, 0, 0
6361, 165, 270, 426, 0, 0, 5.86%, 0, 0, 9, 88.98, 566896, 204, 0, 0
6366, 165, 309, 426, 0, 0, 5.86%, 0, 0, 9, 89.28, 567353, 204, 0, 0
6371, 165, 409, 426, 0, 0, 5.86%, 0, 0, 9, 88.54, 567807, 204, 0, 0
6376, 166, 201, 426, 0, 0, 5.86%, 0, 0, 9, 88.80, 568257, 204, 0, 0
6381, 166, 225, 426, 0, 0, 5.86%, 0, 0, 9, 89.46, 568715, 204, 0, 0
6386, 166, 271, 426, 0, 0, 5.86%, 0, 0, 9, 89.78, 569172, 204, 0, 0
6391, 166, 301, 426, 0, 0, 5.86%, 0, 0, 9, 89.68, 569634, 204, 0, 0
6396, 166, 372, 426, 0, 0, 5.86%, 0, 0, 9, 89.33, 570087, 204, 0, 0
6401, 166, 400, 426, 0, 0, 5.86%, 0, 0, 9, 89.80, 570550, 204, 0, 0
6406, 167, 194, 426, 0, 0, 5.86%, 0, 0, 9, 89.00, 570999, 204, 0, 0
6412, 167, 216, 426, 0, 0, 5.86%, 0, 0, 9, 89.32, 571454, 204, 0, 0
6417, 167, 234, 426, 0, 0, 5.86%, 0, 0, 9, 89.44, 571908, 204, 0, 0
6422, 167, 285, 426, 0, 0, 5.86%, 0, 0, 9, 89.97, 572366, 204, 0, 0
6427, 167, 335, 426, 0, 0, 5.86%, 0, 0, 9, 88.82, 572815, 204, 0, 0
6432, 168, 28, 426, 0, 0, 5.86%, 0, 0, 9, 88.28, 573267, 204, 0, 0
6437, 168, 203, 426, 0, 0, 5.86%, 0, 0, 9, 88.90, 573719, 204, 0, 0
6442, 168, 223, 426, 0, 0, 5.86%, 0, 0, 9, 89.63, 574175, 204, 0, 0
6447, 168, 244, 426, 0, 0, 5.86%, 0, 0, 9, 89.86, 574632, 204, 0, 0
6452, 168, 285, 426, 0, 0, 5.86%, 0, 0, 9, 90.22, 575095, 204, 0, 0
6457, 168, 361, 426, 0, 0, 5.86%, 0, 0, 9, 89.63, 575550, 204, 0, 0
6462, 168, 412, 426, 0, 0, 5.86%, 0, 0, 9, 88.76, 575997, 204, 0, 0
6468, 169, 195, 426, 0, 0, 5.86%, 0, 0, 9, 89.54, 576452, 204, 0, 0
6473, 169, 221, 426, 0, 0, 5.86%, 0, 0, 9, 89.56, 576906, 204, 0, 0
6478, 169, 244, 426, 0, 0, 5.86%, 0, 0, 9, 89.73, 577363, 204, 0, 0
6483, 169, 301, 426, 0, 0, 5.86%, 0, 0, 9, 89.67, 577822, 204, 0, 0
6488, 169, 363, 426, 0, 0, 5.86%, 0, 0, 9, 89.77, 578280, 204, 0, 0
6493, 169, 417, 426, 0, 0, 5.86%, 0, 0, 9, 88.55, 578733, 204, 0, 0
6498, 169, 424, 427, 1, 0, 5.86%, 0, 0, 9, 89.01, 579189, 204, 0, 0
6503, 170, 194, 427, 1, 0, 5.86%, 0, 0, 9, 90.26, 579656, 204, 0, 0
6508, 170, 221, 427, 1, 0, 5.86%, 0, 0, 9, 89.72, 580112, 204, 0, 0
6511, 170, 234, 427, 1, 0, 5.86%, 0, 0, 9, 0.00, 580387, 204, 0, 0
6511, 170, 234, 427, 1, 0, 5.86%, 0, 0, 9, 0.00, 580387, 204, 0, 0
6511, 170, 234, 427, 1, 0, 5.86%, 0, 0, 9, 0.00, 580387, 204, 0, 0
6511, 170, 234, 427, 1, 0, 5.86%, 0, 0, 9, 0.00, 580387, 204, 0, 0
