# relative_time, cycles_done, cur_item, corpus_count, pending_total, pending_favs, map_size, saved_crashes, saved_hangs, max_depth, execs_per_sec, total_execs, edges_found, total_crashes, servers_count
62, 0, 1, 153, 146, 47, 19.10%, 0, 0, 2, 28.13, 3022, 587, 0, 0
67, 0, 1, 155, 148, 47, 19.10%, 0, 0, 2, 27.52, 3146, 587, 0, 0
72, 0, 1, 160, 153, 47, 19.13%, 0, 0, 2, 28.21, 3270, 588, 0, 0
77, 0, 1, 163, 156, 47, 19.13%, 0, 0, 2, 26.01, 3395, 588, 0, 0
83, 0, 1, 167, 160, 47, 19.23%, 0, 0, 2, 19.69, 3469, 591, 0, 0
88, 0, 1, 168, 161, 47, 19.23%, 0, 0, 2, 23.15, 3594, 591, 0, 0
93, 0, 1, 174, 167, 47, 19.36%, 0, 0, 2, 25.39, 3728, 595, 0, 0
98, 0, 1, 182, 175, 47, 19.36%, 0, 0, 2, 26.98, 3871, 595, 0, 0
103, 0, 1, 189, 182, 47, 19.36%, 0, 0, 2, 23.62, 3969, 595, 0, 0
108, 0, 1, 193, 186, 47, 19.46%, 0, 0, 2, 24.01, 4085, 598, 0, 0
113, 0, 1, 201, 194, 47, 19.49%, 0, 0, 2, 26.20, 4231, 599, 0, 0
119, 0, 1, 207, 200, 47, 19.49%, 0, 0, 2, 24.25, 4354, 599, 0, 0
124, 0, 1, 213, 206, 47, 19.59%, 0, 0, 2, 24.59, 4471, 602, 0, 0
129, 0, 1, 218, 211, 47, 19.59%, 0, 0, 2, 25.30, 4585, 602, 0, 0
134, 0, 1, 223, 216, 47, 19.66%, 0, 0, 2, 24.17, 4699, 604, 0, 0
139, 0, 1, 227, 220, 47, 19.66%, 0, 0, 2, 25.51, 4827, 604, 0, 0
145, 0, 1, 230, 223, 47, 19.66%, 0, 0, 2, 26.47, 4970, 604, 0, 0
150, 0, 1, 234, 227, 47, 19.69%, 0, 0, 2, 27.59, 5106, 605, 0, 0
155, 0, 1, 236, 229, 47, 19.69%, 0, 0, 2, 26.88, 5226, 605, 0, 0
160, 0, 1, 238, 231, 47, 19.69%, 0, 0, 2, 26.03, 5341, 605, 0, 0
166, 0, 1, 243, 236, 47, 19.72%, 0, 0, 2, 26.29, 5467, 606, 0, 0
171, 0, 1, 247, 240, 47, 19.75%, 0, 0, 2, 27.65, 5610, 607, 0, 0
176, 0, 1, 250, 243, 47, 19.75%, 0, 0, 2, 25.25, 5724, 607, 0, 0
181, 0, 1, 254, 247, 47, 19.75%, 0, 0, 2, 27.05, 5846, 607, 0, 0
187, 0, 1, 258, 251, 47, 19.75%, 0, 0, 2, 25.38, 5985, 607, 0, 0
192, 0, 1, 261, 254, 47, 19.75%, 0, 0, 2, 24.26, 6082, 607, 0, 0
197, 0, 1, 262, 255, 47, 19.75%, 0, 0, 2, 25.23, 6201, 607, 0, 0
202, 0, 1, 264, 257, 47, 19.75%, 0, 0, 2, 26.13, 6309, 607, 0, 0
207, 0, 1, 266, 259, 47, 19.79%, 0, 0, 2, 25.69, 6435, 608, 0, 0
212, 0, 1, 269, 262, 47, 19.79%, 0, 0, 2, 27.46, 6573, 608, 0, 0
218, 0, 1, 271, 264, 47, 19.79%, 0, 0, 2, 26.17, 6708, 608, 0, 0
223, 0, 1, 272, 265, 47, 19.79%, 0, 0, 2, 27.77, 6853, 608, 0, 0
228, 0, 1, 275, 268, 47, 19.79%, 0, 0, 2, 26.47, 6977, 608, 0, 0
233, 0, 1, 277, 270, 47, 19.82%, 0, 0, 2, 26.38, 7101, 609, 0, 0
239, 0, 1, 281, 274, 47, 19.88%, 0, 0, 2, 23.31, 7203, 611, 0, 0
244, 0, 1, 281, 274, 47, 19.88%, 0, 0, 2, 24.90, 7330, 611, 0, 0
249, 0, 1, 282, 275, 47, 19.88%, 0, 0, 2, 25.99, 7460, 611, 0, 0
254, 0, 1, 285, 278, 47, 19.88%, 0, 0, 2, 26.03, 7593, 611, 0, 0
260, 0, 1, 285, 278, 47, 19.88%, 0, 0, 2, 25.87, 7722, 611, 0, 0
265, 0, 1, 287, 280, 47, 19.92%, 0, 0, 2, 26.88, 7869, 612, 0, 0
270, 0, 1, 288, 281, 47, 19.92%, 0, 0, 2, 24.01, 7988, 612, 0, 0
275, 0, 1, 289, 282, 47, 19.92%, 0, 0, 2, 24.99, 8118, 612, 0, 0
281, 0, 1, 290, 283, 47, 19.92%, 0, 0, 2, 25.50, 8237, 612, 0, 0
286, 0, 1, 292, 285, 47, 19.92%, 0, 0, 2, 26.72, 8365, 612, 0, 0
291, 0, 1, 294, 287, 47, 19.92%, 0, 0, 2, 26.08, 8487, 612, 0, 0
296, 0, 1, 296, 289, 47, 19.92%, 0, 0, 2, 24.26, 8597, 612, 0, 0
301, 0, 1, 298, 291, 47, 19.95%, 0, 0, 2, 25.23, 8720, 613, 0, 0
306, 0, 1, 302, 295, 47, 19.98%, 0, 0, 2, 24.77, 8856, 614, 0, 0
311, 0, 1, 304, 297, 47, 19.98%, 0, 0, 2, 24.44, 8967, 614, 0, 0
316, 0, 1, 304, 297, 47, 19.98%, 0, 0, 2, 25.51, 9093, 614, 0, 0
321, 0, 1, 305, 298, 47, 19.98%, 0, 0, 2, 24.63, 9207, 614, 0, 0
326, 0, 1, 306, 299, 47, 19.98%, 0, 0, 2, 24.67, 9334, 614, 0, 0
332, 0, 1, 306, 299, 47, 19.98%, 0, 0, 2, 26.59, 9471, 614, 0, 0
337, 0, 1, 308, 301, 47, 19.98%, 0, 0, 2, 26.12, 9595, 614, 0, 0
342, 0, 1, 308, 301, 47, 19.98%, 0, 0, 2, 25.93, 9721, 614, 0, 0
347, 0, 1, 309, 302, 47, 19.98%, 0, 0, 2, 24.15, 9842, 614, 0, 0
352, 0, 1, 310, 303, 47, 20.01%, 0, 0, 2, 25.29, 9972, 615, 0, 0
357, 0, 1, 310, 303, 47, 20.01%, 0, 0, 2, 25.18, 10101, 615, 0, 0
362, 0, 1, 310, 303, 47, 20.01%, 0, 0, 2, 25.43, 10231, 615, 0, 0
367, 0, 1, 312, 305, 47, 20.08%, 0, 0, 2, 25.98, 10360, 617, 0, 0
372, 0, 1, 314, 307, 47, 20.11%, 0, 0, 2, 27.78, 10499, 618, 0, 0
377, 0, 1, 314, 307, 47, 20.11%, 0, 0, 2, 24.72, 10624, 618, 0, 0
383, 0, 1, 315, 308, 47, 20.11%, 0, 0, 2, 28.30, 10775, 618, 0, 0
388, 0, 1, 315, 308, 47, 20.11%, 0, 0, 2, 25.67, 10896, 618, 0, 0
393, 0, 1, 315, 308, 47, 20.11%, 0, 0, 2, 27.25, 11036, 618, 0, 0
398, 0, 1, 315, 308, 47, 20.11%, 0, 0, 2, 27.62, 11175, 618, 0, 0
403, 0, 1, 316, 309, 47, 20.11%, 0, 0, 2, 27.07, 11316, 618, 0, 0
408, 0, 1, 317, 310, 47, 20.11%, 0, 0, 2, 25.25, 11439, 618, 0, 0
413, 0, 1, 319, 312, 47, 20.11%, 0, 0, 2, 25.73, 11567, 618, 0, 0
418, 0, 1, 319, 312, 47, 20.11%, 0, 0, 2, 25.98, 11698, 618, 0, 0
424, 0, 1, 320, 313, 47, 20.11%, 0, 0, 2, 26.49, 11845, 618, 0, 0
429, 0, 1, 320, 313, 47, 20.11%, 0, 0, 2, 26.43, 11982, 618, 0, 0
434, 0, 1, 321, 314, 47, 20.11%, 0, 0, 2, 25.81, 12106, 618, 0, 0
440, 0, 1, 321, 314, 47, 20.11%, 0, 0, 2, 25.16, 12232, 618, 0, 0
445, 0, 1, 321, 314, 47, 20.11%, 0, 0, 2, 24.92, 12357, 618, 0, 0
450, 0, 1, 322, 315, 47, 20.18%, 0, 0, 2, 26.78, 12490, 620, 0, 0
455, 0, 1, 323, 316, 47, 20.18%, 0, 0, 2, 26.02, 12627, 620, 0, 0
460, 0, 1, 325, 318, 47, 20.18%, 0, 0, 2, 26.62, 12769, 620, 0, 0
465, 0, 1, 326, 319, 47, 20.18%, 0, 0, 2, 27.08, 12903, 620, 0, 0
470, 0, 1, 327, 320, 47, 20.18%, 0, 0, 2, 24.76, 13028, 620, 0, 0
476, 0, 1, 328, 321, 47, 20.18%, 0, 0, 2, 25.89, 13149, 620, 0, 0
481, 0, 1, 329, 322, 47, 20.18%, 0, 0, 2, 25.74, 13266, 620, 0, 0
486, 0, 1, 329, 322, 47, 20.18%, 0, 0, 2, 25.35, 13396, 620, 0, 0
491, 0, 1, 330, 323, 47, 20.18%, 0, 0, 2, 25.82, 13525, 620, 0, 0
496, 0, 1, 330, 323, 47, 20.18%, 0, 0, 2, 25.03, 13652, 620, 0, 0
501, 0, 1, 331, 324, 47, 20.18%, 0, 0, 2, 25.45, 13774, 620, 0, 0
506, 0, 1, 331, 324, 47, 20.18%, 0, 0, 2, 25.04, 13904, 620, 0, 0
511, 0, 1, 332, 325, 47, 20.21%, 0, 0, 2, 26.33, 14041, 621, 0, 0
516, 0, 1, 332, 325, 47, 20.21%, 0, 0, 2, 26.36, 14170, 621, 0, 0
522, 0, 1, 332, 325, 47, 20.21%, 0, 0, 2, 25.45, 14299, 621, 0, 0
527, 0, 1, 332, 325, 47, 20.21%, 0, 0, 2, 26.68, 14434, 621, 0, 0
532, 0, 1, 332, 325, 47, 20.21%, 0, 0, 2, 26.11, 14562, 621, 0, 0
537, 0, 1, 332, 325, 47, 20.21%, 0, 0, 2, 24.82, 14691, 621, 0, 0
542, 0, 1, 333, 326, 47, 20.21%, 0, 0, 2, 26.76, 14823, 621, 0, 0
547, 0, 1, 334, 327, 47, 20.21%, 0, 0, 2, 27.72, 14962, 621, 0, 0
552, 0, 1, 336, 329, 47, 20.21%, 0, 0, 2, 27.58, 15087, 621, 0, 0
557, 0, 1, 336, 329, 47, 20.21%, 0, 0, 2, 27.36, 15229, 621, 0, 0
562, 0, 1, 337, 330, 47, 20.21%, 0, 0, 2, 26.58, 15353, 621, 0, 0
568, 0, 1, 338, 331, 47, 20.21%, 0, 0, 2, 28.14, 15496, 621, 0, 0
573, 0, 1, 338, 331, 47, 20.21%, 0, 0, 2, 26.93, 15631, 621, 0, 0
578, 0, 10, 342, 333, 72, 20.24%, 0, 0, 2, 30.99, 15807, 622, 0, 0
583, 0, 10, 343, 334, 72, 20.27%, 0, 0, 2, 35.22, 15995, 623, 0, 0
588, 0, 10, 343, 334, 72, 20.27%, 0, 0, 2, 35.05, 16180, 623, 0, 0
593, 0, 10, 343, 334, 72, 20.27%, 0, 0, 2, 20.80, 16262, 623, 0, 0
599, 0, 10, 343, 334, 72, 20.27%, 0, 0, 2, 17.85, 16343, 623, 0, 0
605, 0, 11, 343, 333, 73, 20.27%, 0, 0, 2, 21.55, 16488, 623, 0, 0
610, 0, 12, 345, 334, 73, 20.31%, 0, 0, 2, 22.94, 16617, 624, 0, 0
615, 0, 13, 345, 333, 72, 20.31%, 0, 0, 2, 22.59, 16739, 624, 0, 0
620, 0, 13, 349, 337, 72, 20.31%, 0, 0, 2, 20.40, 16839, 624, 0, 0
625, 0, 13, 357, 345, 72, 20.63%, 0, 0, 2, 21.90, 16953, 634, 0, 0
631, 0, 13, 363, 351, 72, 20.63%, 0, 0, 2, 19.66, 17039, 634, 0, 0
636, 0, 13, 371, 359, 72, 20.76%, 0, 0, 2, 20.83, 17151, 638, 0, 0
641, 0, 13, 374, 362, 72, 20.79%, 0, 0, 2, 23.02, 17264, 639, 0, 0
647, 0, 13, 377, 365, 72, 20.79%, 0, 0, 2, 23.46, 17401, 639, 0, 0
652, 0, 13, 381, 369, 72, 20.79%, 0, 0, 2, 21.65, 17489, 639, 0, 0
658, 0, 13, 389, 377, 72, 20.86%, 0, 0, 2, 20.49, 17600, 641, 0, 0
663, 0, 13, 391, 379, 72, 20.86%, 0, 0, 2, 20.05, 17695, 641, 0, 0
668, 0, 13, 393, 381, 72, 20.86%, 0, 0, 2, 19.88, 17796, 641, 0, 0
673, 0, 13, 399, 387, 72, 21.05%, 0, 0, 2, 21.97, 17908, 647, 0, 0
679, 0, 22, 399, 386, 83, 21.05%, 0, 0, 2, 21.65, 18063, 647, 0, 0
684, 0, 23, 399, 385, 82, 21.05%, 0, 0, 2, 21.90, 18184, 647, 0, 0
691, 0, 25, 399, 383, 80, 21.05%, 0, 0, 2, 21.89, 18349, 647, 0, 0
696, 0, 29, 399, 382, 79, 21.05%, 0, 0, 2, 21.70, 18469, 647, 0, 0
702, 0, 34, 399, 380, 77, 21.05%, 0, 0, 2, 24.71, 18652, 647, 0, 0
707, 0, 35, 400, 380, 77, 21.12%, 0, 0, 2, 24.20, 18777, 649, 0, 0
713, 0, 37, 400, 379, 76, 21.12%, 0, 0, 2, 23.74, 18906, 649, 0, 0
718, 0, 50, 401, 378, 74, 21.15%, 0, 0, 2, 24.85, 19047, 650, 0, 0
723, 0, 51, 402, 378, 74, 21.15%, 0, 0, 2, 25.20, 19176, 650, 0, 0
728, 0, 52, 403, 378, 73, 21.18%, 0, 0, 2, 23.22, 19298, 651, 0, 0
735, 0, 54, 404, 377, 73, 21.22%, 0, 0, 2, 20.78, 19468, 652, 0, 0
740, 0, 57, 407, 379, 72, 21.31%, 0, 0, 2, 26.58, 19615, 655, 0, 0
745, 0, 57, 408, 380, 72, 21.35%, 0, 0, 2, 33.32, 19798, 656, 0, 0
750, 0, 57, 408, 380, 72, 21.35%, 0, 0, 2, 29.58, 19949, 656, 0, 0
755, 0, 57, 408, 380, 72, 21.35%, 0, 0, 2, 22.94, 20053, 656, 0, 0
760, 0, 57, 408, 380, 72, 21.35%, 0, 0, 2, 21.65, 20161, 656, 0, 0
767, 0, 59, 408, 378, 72, 21.35%, 0, 0, 2, 24.28, 20350, 656, 0, 0
772, 0, 60, 408, 377, 71, 21.35%, 0, 0, 2, 21.40, 20457, 656, 0, 0
779, 0, 63, 408, 375, 69, 21.35%, 0, 0, 2, 22.30, 20639, 656, 0, 0
785, 0, 65, 408, 374, 68, 21.35%, 0, 0, 2, 24.31, 20783, 656, 0, 0
791, 0, 68, 408, 372, 66, 21.35%, 0, 0, 2, 21.62, 20935, 656, 0, 0
797, 0, 77, 408, 370, 64, 21.35%, 0, 0, 2, 21.96, 21089, 656, 0, 0
802, 0, 80, 408, 368, 62, 21.35%, 0, 0, 2, 25.95, 21245, 656, 0, 0
807, 0, 93, 408, 366, 60, 21.35%, 0, 0, 2, 27.49, 21394, 656, 0, 0
812, 0, 103, 408, 364, 58, 21.35%, 0, 0, 2, 28.57, 21542, 656, 0, 0
818, 0, 128, 408, 361, 55, 21.35%, 0, 0, 2, 30.10, 21703, 656, 0, 0
823, 0, 139, 408, 359, 53, 21.35%, 0, 0, 2, 26.26, 21829, 656, 0, 0
828, 0, 169, 408, 357, 51, 21.35%, 0, 0, 2, 25.69, 21961, 656, 0, 0
833, 0, 189, 408, 354, 48, 21.35%, 0, 0, 2, 27.93, 22102, 656, 0, 0
838, 0, 192, 408, 352, 46, 21.35%, 0, 0, 2, 25.53, 22223, 656, 0, 0
844, 0, 210, 408, 349, 43, 21.35%, 0, 0, 2, 28.48, 22406, 656, 0, 0
849, 0, 218, 410, 349, 41, 21.41%, 0, 0, 3, 29.30, 22549, 658, 0, 0
854, 0, 222, 411, 349, 41, 21.41%, 0, 0, 3, 24.16, 22665, 658, 0, 0
859, 0, 252, 411, 346, 38, 21.41%, 0, 0, 3, 27.63, 22802, 658, 0, 0
865, 0, 276, 411, 344, 36, 21.41%, 0, 0, 3, 26.37, 22961, 658, 0, 0
870, 0, 279, 411, 343, 35, 21.41%, 0, 0, 3, 22.80, 23051, 658, 0, 0
875, 0, 285, 411, 342, 34, 21.41%, 0, 0, 3, 22.11, 23175, 658, 0, 0
880, 0, 296, 411, 340, 32, 21.41%, 0, 0, 3, 24.45, 23301, 658, 0, 0
885, 0, 309, 412, 339, 30, 21.41%, 0, 0, 3, 24.99, 23421, 658, 0, 0
890, 0, 311, 413, 338, 28, 21.44%, 0, 0, 3, 22.04, 23531, 659, 0, 0
896, 0, 321, 413, 336, 27, 21.44%, 0, 0, 3, 21.52, 23647, 659, 0, 0
901, 0, 342, 414, 333, 24, 21.44%, 0, 0, 3, 26.16, 23790, 659, 0, 0
906, 0, 354, 414, 331, 22, 21.44%, 0, 0, 3, 21.89, 23895, 659, 0, 0
911, 0, 356, 415, 331, 21, 21.48%, 0, 0, 3, 22.03, 24013, 660, 0, 0
916, 0, 363, 415, 329, 21, 21.48%, 0, 0, 3, 20.62, 24117, 660, 0, 0
921, 0, 373, 415, 326, 18, 21.48%, 0, 0, 3, 22.44, 24233, 660, 0, 0
926, 0, 382, 415, 324, 16, 21.48%, 0, 0, 3, 22.15, 24349, 660, 0, 0
931, 0, 392, 416, 324, 15, 21.48%, 0, 0, 3, 24.72, 24495, 660, 0, 0
936, 0, 392, 417, 325, 15, 21.48%, 0, 0, 3, 24.55, 24625, 660, 0, 0
942, 0, 392, 417, 325, 15, 21.48%, 0, 0, 3, 22.46, 24739, 660, 0, 0
947, 0, 392, 417, 325, 15, 21.48%, 0, 0, 3, 22.19, 24845, 660, 0, 0
952, 0, 392, 417, 325, 15, 21.48%, 0, 0, 3, 19.23, 24937, 660, 0, 0
957, 0, 392, 417, 325, 15, 21.48%, 0, 0, 3, 18.13, 25036, 660, 0, 0
962, 0, 392, 417, 325, 15, 21.48%, 0, 0, 3, 20.31, 25128, 660, 0, 0
967, 0, 392, 421, 329, 15, 21.51%, 0, 0, 3, 22.69, 25256, 661, 0, 0
972, 0, 392, 423, 331, 15, 21.51%, 0, 0, 3, 23.39, 25376, 661, 0, 0
977, 0, 392, 424, 332, 15, 21.51%, 0, 0, 3, 22.43, 25485, 661, 0, 0
983, 0, 392, 424, 332, 15, 21.51%, 0, 0, 3, 24.08, 25613, 661, 0, 0
988, 0, 392, 424, 332, 15, 21.51%, 0, 0, 3, 22.31, 25727, 661, 0, 0
993, 0, 392, 424, 332, 15, 21.51%, 0, 0, 3, 23.69, 25849, 661, 0, 0
998, 0, 392, 424, 332, 15, 21.51%, 0, 0, 3, 25.10, 25974, 661, 0, 0
1003, 0, 392, 424, 332, 15, 21.51%, 0, 0, 3, 25.10, 26100, 661, 0, 0
1008, 0, 392, 424, 332, 15, 21.51%, 0, 0, 3, 26.10, 26238, 661, 0, 0
1013, 0, 392, 424, 332, 15, 21.51%, 0, 0, 3, 23.53, 26350, 661, 0, 0
1018, 0, 392, 425, 333, 15, 21.51%, 0, 0, 3, 24.20, 26476, 661, 0, 0
1023, 0, 392, 425, 333, 15, 21.51%, 0, 0, 3, 25.36, 26606, 661, 0, 0
1028, 0, 392, 425, 333, 15, 21.51%, 0, 0, 3, 23.57, 26718, 661, 0, 0
1033, 0, 392, 426, 334, 15, 21.54%, 0, 0, 3, 24.15, 26824, 662, 0, 0
1038, 0, 392, 426, 334, 15, 21.54%, 0, 0, 3, 24.60, 26947, 662, 0, 0
1044, 0, 392, 426, 334, 15, 21.54%, 0, 0, 3, 24.43, 27074, 662, 0, 0
1049, 0, 392, 426, 334, 15, 21.54%, 0, 0, 3, 25.29, 27198, 662, 0, 0
1054, 0, 392, 427, 335, 15, 21.54%, 0, 0, 3, 22.65, 27309, 662, 0, 0
1059, 0, 392, 427, 335, 15, 21.54%, 0, 0, 3, 23.17, 27428, 662, 0, 0
1065, 0, 392, 427, 335, 15, 21.54%, 0, 0, 3, 24.86, 27565, 662, 0, 0
1070, 0, 392, 427, 335, 15, 21.54%, 0, 0, 3, 25.18, 27696, 662, 0, 0
1075, 0, 392, 427, 335, 15, 21.54%, 0, 0, 3, 24.95, 27821, 662, 0, 0
1080, 0, 392, 427, 335, 15, 21.54%, 0, 0, 3, 25.66, 27953, 662, 0, 0
1085, 0, 392, 427, 335, 15, 21.54%, 0, 0, 3, 26.95, 28094, 662, 0, 0
1090, 0, 392, 428, 336, 15, 21.54%, 0, 0, 3, 24.88, 28219, 662, 0, 0
1095, 0, 392, 429, 337, 15, 21.54%, 0, 0, 3, 24.17, 28334, 662, 0, 0
1101, 0, 392, 429, 337, 15, 21.54%, 0, 0, 3, 24.19, 28460, 662, 0, 0
1106, 0, 392, 429, 337, 15, 21.54%, 0, 0, 3, 24.72, 28586, 662, 0, 0
1111, 0, 392, 429, 337, 15, 21.54%, 0, 0, 3, 25.10, 28717, 662, 0, 0
1116, 0, 392, 429, 337, 15, 21.54%, 0, 0, 3, 23.64, 28837, 662, 0, 0
1121, 0, 392, 430, 338, 15, 21.54%, 0, 0, 3, 23.76, 28959, 662, 0, 0
1126, 0, 392, 431, 339, 15, 21.54%, 0, 0, 3, 24.96, 29094, 662, 0, 0
1132, 0, 392, 432, 340, 15, 21.54%, 0, 0, 3, 23.48, 29210, 662, 0, 0
1137, 0, 392, 433, 341, 15, 21.54%, 0, 0, 3, 24.15, 29340, 662, 0, 0
1142, 0, 392, 433, 341, 15, 21.54%, 0, 0, 3, 22.67, 29451, 662, 0, 0
1147, 0, 392, 433, 341, 15, 21.54%, 0, 0, 3, 24.38, 29574, 662, 0, 0
1152, 0, 392, 434, 342, 15, 21.54%, 0, 0, 3, 23.55, 29690, 662, 0, 0
1157, 0, 392, 434, 342, 15, 21.54%, 0, 0, 3, 24.90, 29821, 662, 0, 0
1162, 0, 392, 435, 343, 15, 21.54%, 0, 0, 3, 25.43, 29948, 662, 0, 0
1167, 0, 392, 435, 343, 15, 21.54%, 0, 0, 3, 24.77, 30076, 662, 0, 0
1172, 0, 392, 435, 343, 15, 21.54%, 0, 0, 3, 25.11, 30199, 662, 0, 0
1177, 0, 392, 435, 343, 15, 21.54%, 0, 0, 3, 24.78, 30318, 662, 0, 0
1183, 0, 392, 435, 343, 15, 21.54%, 0, 0, 3, 22.87, 30433, 662, 0, 0
1188, 0, 392, 436, 344, 15, 21.54%, 0, 0, 3, 24.41, 30561, 662, 0, 0
1193, 0, 392, 436, 344, 15, 21.54%, 0, 0, 3, 23.81, 30681, 662, 0, 0
1198, 0, 392, 437, 345, 15, 21.54%, 0, 0, 3, 23.90, 30796, 662, 0, 0
1203, 0, 392, 437, 345, 15, 21.54%, 0, 0, 3, 23.57, 30919, 662, 0, 0
1208, 0, 392, 437, 345, 15, 21.54%, 0, 0, 3, 24.30, 31048, 662, 0, 0
1213, 0, 392, 437, 345, 15, 21.54%, 0, 0, 3, 25.89, 31179, 662, 0, 0
1219, 0, 392, 438, 346, 15, 21.54%, 0, 0, 3, 25.90, 31322, 662, 0, 0
1224, 0, 392, 438, 346, 15, 21.54%, 0, 0, 3, 25.34, 31450, 662, 0, 0
1229, 0, 392, 439, 347, 15, 21.54%, 0, 0, 3, 25.60, 31578, 662, 0, 0
1234, 0, 392, 439, 347, 15, 21.54%, 0, 0, 3, 24.00, 31698, 662, 0, 0
1239, 0, 392, 439, 347, 15, 21.54%, 0, 0, 3, 24.53, 31824, 662, 0, 0
1244, 0, 392, 439, 347, 15, 21.54%, 0, 0, 3, 23.60, 31945, 662, 0, 0
1250, 0, 392, 439, 347, 15, 21.54%, 0, 0, 3, 22.33, 32059, 662, 0, 0
1255, 0, 392, 439, 347, 15, 21.54%, 0, 0, 3, 23.97, 32188, 662, 0, 0
1260, 0, 392, 439, 347, 15, 21.54%, 0, 0, 3, 24.54, 32314, 662, 0, 0
1265, 0, 392, 439, 347, 15, 21.54%, 0, 0, 3, 25.19, 32441, 662, 0, 0
1270, 0, 392, 439, 347, 15, 21.54%, 0, 0, 3, 24.73, 32573, 662, 0, 0
1275, 0, 392, 439, 347, 15, 21.54%, 0, 0, 3, 24.99, 32699, 662, 0, 0
1280, 0, 392, 439, 347, 15, 21.54%, 0, 0, 3, 24.86, 32830, 662, 0, 0
1285, 0, 392, 439, 347, 15, 21.54%, 0, 0, 3, 24.70, 32954, 662, 0, 0
1291, 0, 392, 439, 347, 15, 21.54%, 0, 0, 3, 25.03, 33083, 662, 0, 0
1296, 0, 392, 439, 347, 15, 21.54%, 0, 0, 3, 23.09, 33200, 662, 0, 0
1301, 0, 392, 439, 347, 15, 21.54%, 0, 0, 3, 24.52, 33327, 662, 0, 0
1306, 0, 392, 439, 347, 15, 21.54%, 0, 0, 3, 23.95, 33450, 662, 0, 0
1311, 0, 392, 439, 347, 15, 21.54%, 0, 0, 3, 24.56, 33579, 662, 0, 0
1317, 0, 392, 439, 347, 15, 21.54%, 0, 0, 3, 24.42, 33707, 662, 0, 0
1322, 0, 392, 439, 347, 15, 21.54%, 0, 0, 3, 26.20, 33843, 662, 0, 0
1327, 0, 392, 439, 347, 15, 21.54%, 0, 0, 3, 25.54, 33970, 662, 0, 0
1332, 0, 392, 439, 347, 15, 21.54%, 0, 0, 3, 25.80, 34103, 662, 0, 0
1337, 0, 392, 439, 347, 15, 21.54%, 0, 0, 3, 24.46, 34222, 662, 0, 0
1342, 0, 392, 439, 347, 15, 21.54%, 0, 0, 3, 24.11, 34343, 662, 0, 0
1348, 0, 392, 439, 347, 15, 21.54%, 0, 0, 3, 24.72, 34474, 662, 0, 0
1353, 0, 392, 439, 347, 15, 21.54%, 0, 0, 3, 24.69, 34598, 662, 0, 0
1358, 0, 392, 439, 347, 15, 21.54%, 0, 0, 3, 25.26, 34728, 662, 0, 0
1363, 0, 392, 439, 347, 15, 21.54%, 0, 0, 3, 24.91, 34857, 662, 0, 0
1368, 0, 392, 439, 347, 15, 21.54%, 0, 0, 3, 24.34, 34977, 662, 0, 0
1373, 0, 392, 439, 347, 15, 21.54%, 0, 0, 3, 23.90, 35102, 662, 0, 0
1378, 0, 392, 439, 347, 15, 21.54%, 0, 0, 3, 25.53, 35235, 662, 0, 0
1384, 0, 392, 439, 347, 15, 21.54%, 0, 0, 3, 25.54, 35366, 662, 0, 0
1389, 0, 392, 439, 347, 15, 21.54%, 0, 0, 3, 25.98, 35500, 662, 0, 0
1394, 0, 392, 439, 347, 15, 21.54%, 0, 0, 3, 26.04, 35633, 662, 0, 0
1399, 0, 395, 440, 346, 15, 21.54%, 0, 0, 3, 21.80, 35750, 662, 0, 0
1405, 0, 395, 448, 354, 15, 21.77%, 0, 0, 3, 23.94, 35884, 669, 0, 0
1410, 0, 395, 456, 362, 15, 22.06%, 0, 0, 3, 23.75, 35995, 678, 0, 0
1415, 0, 395, 460, 366, 15, 22.06%, 0, 0, 3, 19.79, 36061, 678, 0, 0
1421, 0, 395, 464, 370, 15, 22.10%, 0, 0, 3, 18.05, 36141, 679, 0, 0
1428, 0, 397, 465, 370, 26, 22.10%, 0, 0, 3, 21.18, 36318, 679, 0, 0
1434, 0, 399, 465, 368, 24, 22.10%, 0, 0, 3, 24.95, 36498, 679, 0, 0
1439, 0, 400, 465, 367, 23, 22.10%, 0, 0, 3, 23.90, 36627, 679, 0, 0
1444, 0, 402, 465, 366, 22, 22.10%, 0, 0, 3, 20.47, 36733, 679, 0, 0
1450, 0, 406, 465, 364, 20, 22.10%, 0, 0, 3, 20.89, 36891, 679, 0, 0
1455, 0, 407, 465, 363, 19, 22.10%, 0, 0, 3, 20.26, 37008, 679, 0, 0
1462, 0, 412, 465, 361, 17, 22.10%, 0, 0, 3, 21.57, 37172, 679, 0, 0
1467, 0, 413, 465, 360, 16, 22.10%, 0, 0, 3, 24.24, 37308, 679, 0, 0
1472, 0, 414, 465, 359, 15, 22.10%, 0, 0, 3, 21.88, 37395, 679, 0, 0
1478, 0, 425, 465, 357, 13, 22.10%, 0, 0, 3, 24.36, 37555, 679, 0, 0
1483, 0, 440, 465, 356, 12, 22.10%, 0, 0, 3, 22.32, 37652, 679, 0, 0
1490, 0, 444, 465, 354, 10, 22.10%, 0, 0, 3, 23.84, 37824, 679, 0, 0
1496, 0, 446, 466, 354, 9, 22.10%, 0, 0, 3, 24.82, 37963, 679, 0, 0
1501, 0, 448, 466, 352, 7, 22.10%, 0, 0, 3, 25.20, 38105, 679, 0, 0
1506, 0, 449, 466, 351, 6, 22.10%, 0, 0, 3, 22.98, 38206, 679, 0, 0
1513, 0, 452, 466, 349, 4, 22.10%, 0, 0, 3, 22.17, 38359, 679, 0, 0
1518, 0, 453, 466, 348, 3, 22.10%, 0, 0, 3, 20.34, 38458, 679, 0, 0
1523, 0, 454, 466, 347, 2, 22.10%, 0, 0, 3, 22.04, 38590, 679, 0, 0
1528, 0, 460, 467, 347, 1, 22.13%, 0, 0, 3, 19.62, 38675, 680, 0, 0
1534, 0, 466, 470, 349, 1, 22.13%, 0, 0, 3, 16.83, 38753, 680, 0, 0
1539, 1, 8, 470, 348, 0, 22.13%, 0, 0, 3, 20.89, 38881, 680, 0, 0
1546, 1, 15, 470, 347, 0, 22.13%, 0, 0, 3, 24.42, 39056, 680, 0, 0
1551, 1, 22, 470, 346, 0, 22.13%, 0, 0, 3, 22.77, 39173, 680, 0, 0
1556, 1, 25, 470, 346, 0, 22.13%, 0, 0, 3, 21.72, 39280, 680, 0, 0
1561, 1, 33, 471, 347, 0, 22.13%, 0, 0, 3, 24.56, 39409, 680, 0, 0
1566, 1, 37, 471, 347, 0, 22.13%, 0, 0, 3, 21.21, 39510, 680, 0, 0
1571, 1, 40, 471, 347, 0, 22.13%, 0, 0, 3, 23.03, 39638, 680, 0, 0
1576, 1, 50, 471, 345, 0, 22.13%, 0, 0, 3, 23.19, 39755, 680, 0, 0
1581, 1, 52, 472, 346, 0, 22.13%, 0, 0, 3, 19.03, 39844, 680, 0, 0
1586, 1, 57, 472, 346, 0, 22.13%, 0, 0, 3, 23.11, 39965, 680, 0, 0
1591, 1, 59, 472, 346, 0, 22.13%, 0, 0, 3, 22.60, 40080, 680, 0, 0
1597, 1, 63, 472, 346, 0, 22.13%, 0, 0, 3, 20.90, 40185, 680, 0, 0
1602, 1, 66, 472, 346, 0, 22.13%, 0, 0, 3, 20.69, 40306, 680, 0, 0
1607, 1, 68, 472, 345, 0, 22.13%, 0, 0, 3, 21.96, 40421, 680, 0, 0
1613, 1, 75, 473, 345, 0, 22.13%, 0, 0, 3, 23.23, 40556, 680, 0, 0
1618, 1, 82, 473, 345, 0, 22.13%, 0, 0, 3, 26.55, 40694, 680, 0, 0
1623, 1, 97, 474, 345, 0, 22.19%, 0, 0, 3, 28.58, 40835, 682, 0, 0
1629, 1, 162, 476, 346, 2, 22.23%, 0, 0, 3, 25.40, 40976, 683, 0, 0
1634, 1, 410, 476, 344, 2, 22.23%, 0, 0, 3, 25.68, 41092, 683, 0, 0
1639, 1, 473, 476, 343, 2, 22.23%, 0, 0, 3, 21.69, 41202, 683, 0, 0
1644, 2, 7, 476, 341, 0, 22.23%, 0, 0, 3, 25.63, 41335, 683, 0, 0
1650, 2, 11, 479, 342, 0, 22.23%, 0, 0, 3, 25.05, 41461, 683, 0, 0
1655, 2, 11, 481, 344, 0, 22.26%, 0, 0, 3, 20.10, 41544, 684, 0, 0
1660, 2, 11, 482, 345, 0, 22.26%, 0, 0, 3, 17.50, 41631, 684, 0, 0
1666, 2, 11, 483, 346, 0, 22.26%, 0, 0, 3, 17.62, 41731, 684, 0, 0
1671, 2, 11, 483, 346, 0, 22.26%, 0, 0, 3, 16.60, 41815, 684, 0, 0
1677, 2, 11, 484, 347, 0, 22.26%, 0, 0, 3, 19.11, 41920, 684, 0, 0
1682, 2, 11, 486, 349, 0, 22.26%, 0, 0, 3, 18.09, 42009, 684, 0, 0
1687, 2, 11, 486, 349, 0, 22.26%, 0, 0, 3, 18.16, 42100, 684, 0, 0
1692, 2, 11, 489, 352, 0, 22.26%, 0, 0, 3, 18.17, 42200, 684, 0, 0
1697, 2, 11, 489, 352, 0, 22.26%, 0, 0, 3, 18.39, 42291, 684, 0, 0
1703, 2, 11, 491, 354, 0, 22.26%, 0, 0, 3, 19.04, 42392, 684, 0, 0
1708, 2, 11, 491, 354, 0, 22.26%, 0, 0, 3, 18.36, 42487, 684, 0, 0
1713, 2, 11, 493, 356, 0, 22.26%, 0, 0, 3, 16.64, 42576, 684, 0, 0
1718, 2, 11, 494, 357, 0, 22.26%, 0, 0, 3, 17.70, 42666, 684, 0, 0
1723, 2, 11, 495, 358, 0, 22.26%, 0, 0, 3, 17.21, 42746, 684, 0, 0
1728, 2, 11, 497, 360, 0, 22.26%, 0, 0, 3, 17.66, 42837, 684, 0, 0
1733, 2, 11, 498, 361, 0, 22.36%, 0, 0, 3, 16.95, 42915, 687, 0, 0
1739, 2, 11, 498, 361, 0, 22.36%, 0, 0, 3, 15.84, 42992, 687, 0, 0
1744, 2, 11, 498, 361, 0, 22.36%, 0, 0, 3, 17.34, 43082, 687, 0, 0
1749, 2, 11, 500, 363, 0, 22.36%, 0, 0, 3, 15.82, 43158, 687, 0, 0
1754, 2, 11, 500, 363, 0, 22.36%, 0, 0, 3, 15.85, 43238, 687, 0, 0
1759, 2, 11, 502, 365, 0, 22.36%, 0, 0, 3, 17.67, 43329, 687, 0, 0
1764, 2, 11, 502, 365, 0, 22.36%, 0, 0, 3, 17.74, 43416, 687, 0, 0
1769, 2, 11, 503, 366, 0, 22.36%, 0, 0, 3, 18.30, 43510, 687, 0, 0
1774, 2, 11, 503, 366, 0, 22.36%, 0, 0, 3, 20.49, 43616, 687, 0, 0
1779, 2, 11, 503, 366, 0, 22.36%, 0, 0, 3, 17.78, 43699, 687, 0, 0
1784, 2, 11, 503, 366, 0, 22.36%, 0, 0, 3, 17.87, 43790, 687, 0, 0
1790, 2, 11, 503, 366, 0, 22.36%, 0, 0, 3, 16.99, 43880, 687, 0, 0
1795, 2, 11, 504, 367, 0, 22.42%, 0, 0, 3, 16.66, 43973, 689, 0, 0
1801, 2, 11, 504, 367, 0, 22.42%, 0, 0, 3, 17.87, 44066, 689, 0, 0
1806, 2, 11, 504, 367, 0, 22.42%, 0, 0, 3, 18.36, 44159, 689, 0, 0
1811, 2, 11, 504, 367, 0, 22.42%, 0, 0, 3, 18.17, 44252, 689, 0, 0
1816, 2, 165, 504, 366, 3, 22.42%, 0, 0, 3, 21.48, 44351, 689, 0, 0
1821, 2, 324, 504, 365, 3, 22.42%, 0, 0, 3, 22.52, 44487, 689, 0, 0
1826, 2, 433, 504, 364, 3, 22.42%, 0, 0, 3, 23.94, 44608, 689, 0, 0
1831, 2, 487, 504, 363, 3, 22.42%, 0, 0, 3, 21.54, 44729, 689, 0, 0
1836, 2, 502, 505, 363, 2, 22.42%, 0, 0, 3, 25.36, 44885, 689, 0, 0
1842, 2, 503, 509, 366, 1, 22.42%, 0, 0, 3, 25.62, 44998, 689, 0, 0
1847, 2, 503, 512, 369, 1, 22.42%, 0, 0, 3, 17.67, 45064, 689, 0, 0
1852, 2, 503, 515, 372, 1, 22.45%, 0, 0, 3, 14.54, 45128, 690, 0, 0
1857, 2, 503, 515, 372, 1, 22.45%, 0, 0, 3, 12.32, 45187, 690, 0, 0
1862, 2, 503, 517, 374, 1, 22.45%, 0, 0, 3, 11.92, 45250, 690, 0, 0
1867, 2, 503, 518, 375, 1, 22.45%, 0, 0, 3, 12.09, 45313, 690, 0, 0
1873, 2, 503, 518, 375, 1, 22.45%, 0, 0, 3, 11.85, 45373, 690, 0, 0
1878, 2, 503, 518, 375, 1, 22.45%, 0, 0, 3, 11.39, 45431, 690, 0, 0
1883, 2, 503, 519, 376, 1, 22.45%, 0, 0, 3, 11.52, 45496, 690, 0, 0
1888, 2, 503, 520, 377, 1, 22.45%, 0, 0, 3, 11.54, 45553, 690, 0, 0
1894, 2, 503, 521, 378, 1, 22.45%, 0, 0, 3, 11.45, 45616, 690, 0, 0
1899, 2, 503, 521, 378, 1, 22.45%, 0, 0, 3, 11.52, 45675, 690, 0, 0
1904, 2, 503, 522, 379, 1, 22.45%, 0, 0, 3, 11.22, 45733, 690, 0, 0
1909, 2, 503, 522, 379, 1, 22.45%, 0, 0, 3, 10.83, 45790, 690, 0, 0
1915, 2, 503, 522, 379, 1, 22.45%, 0, 0, 3, 11.62, 45851, 690, 0, 0
1920, 2, 503, 523, 380, 1, 22.45%, 0, 0, 3, 11.44, 45910, 690, 0, 0
1926, 2, 503, 525, 382, 1, 22.45%, 0, 0, 3, 11.23, 45979, 690, 0, 0
1932, 2, 503, 526, 383, 1, 22.45%, 0, 0, 3, 11.88, 46054, 690, 0, 0
1937, 2, 503, 527, 384, 1, 22.45%, 0, 0, 3, 11.95, 46118, 690, 0, 0
1942, 2, 503, 527, 384, 1, 22.45%, 0, 0, 3, 11.39, 46174, 690, 0, 0
1947, 2, 503, 527, 384, 1, 22.45%, 0, 0, 3, 10.98, 46230, 690, 0, 0
1952, 2, 503, 527, 384, 1, 22.45%, 0, 0, 3, 11.32, 46289, 690, 0, 0
1957, 2, 503, 527, 384, 1, 22.45%, 0, 0, 3, 11.23, 46345, 690, 0, 0
1962, 2, 503, 528, 385, 1, 22.45%, 0, 0, 3, 10.92, 46399, 690, 0, 0
1968, 2, 503, 528, 385, 1, 22.45%, 0, 0, 3, 10.54, 46453, 690, 0, 0
1973, 2, 503, 528, 385, 1, 22.45%, 0, 0, 3, 10.76, 46510, 690, 0, 0
1978, 2, 503, 528, 385, 1, 22.45%, 0, 0, 3, 10.88, 46567, 690, 0, 0
1983, 2, 503, 529, 386, 1, 22.45%, 0, 0, 3, 11.47, 46627, 690, 0, 0
1989, 2, 503, 529, 386, 1, 22.45%, 0, 0, 3, 10.95, 46683, 690, 0, 0
1994, 2, 503, 530, 387, 1, 22.45%, 0, 0, 3, 11.37, 46744, 690, 0, 0
1999, 2, 503, 530, 387, 1, 22.45%, 0, 0, 3, 11.21, 46801, 690, 0, 0
2004, 2, 503, 530, 387, 1, 22.45%, 0, 0, 3, 11.12, 46859, 690, 0, 0
2009, 2, 503, 530, 387, 1, 22.45%, 0, 0, 3, 10.69, 46913, 690, 0, 0
2014, 2, 503, 530, 387, 1, 22.45%, 0, 0, 3, 10.66, 46968, 690, 0, 0
2019, 2, 503, 531, 388, 1, 22.45%, 0, 0, 3, 10.63, 47021, 690, 0, 0
2024, 2, 503, 531, 388, 1, 22.45%, 0, 0, 3, 10.86, 47077, 690, 0, 0
2029, 2, 503, 531, 388, 1, 22.45%, 0, 0, 3, 11.21, 47134, 690, 0, 0
2034, 2, 503, 531, 388, 1, 22.45%, 0, 0, 3, 11.27, 47191, 690, 0, 0
2040, 2, 510, 532, 388, 2, 22.45%, 0, 0, 4, 12.92, 47269, 690, 0, 0
2046, 2, 511, 537, 392, 1, 22.45%, 0, 0, 4, 15.57, 47374, 690, 0, 0
2051, 2, 513, 540, 395, 2, 22.45%, 0, 0, 4, 16.97, 47463, 690, 0, 0
2056, 2, 531, 541, 395, 1, 22.45%, 0, 0, 5, 14.39, 47537, 690, 0, 0
2061, 2, 531, 541, 395, 1, 22.45%, 0, 0, 5, 17.08, 47627, 690, 0, 0
2066, 2, 534, 541, 394, 0, 22.45%, 0, 0, 5, 17.40, 47721, 690, 0, 0
2072, 2, 536, 541, 393, 0, 22.45%, 0, 0, 5, 17.55, 47805, 690, 0, 0
2077, 2, 539, 541, 392, 0, 22.45%, 0, 0, 5, 16.59, 47895, 690, 0, 0
2082, 3, 4, 541, 390, 0, 22.45%, 0, 0, 5, 24.41, 48024, 690, 0, 0
2088, 3, 14, 541, 390, 0, 22.45%, 0, 0, 5, 26.07, 48203, 690, 0, 0
2094, 3, 16, 541, 389, 0, 22.45%, 0, 0, 5, 24.74, 48337, 690, 0, 0
2099, 3, 23, 541, 388, 0, 22.45%, 0, 0, 5, 22.26, 48448, 690, 0, 0
2104, 3, 29, 541, 388, 0, 22.45%, 0, 0, 5, 22.88, 48564, 690, 0, 0
2109, 3, 35, 541, 388, 0, 22.45%, 0, 0, 5, 23.55, 48683, 690, 0, 0
2115, 3, 41, 542, 389, 0, 22.45%, 0, 0, 5, 23.80, 48841, 690, 0, 0
2121, 3, 48, 542, 388, 0, 22.45%, 0, 0, 5, 24.24, 48983, 690, 0, 0
2126, 3, 49, 542, 387, 0, 22.45%, 0, 0, 5, 23.30, 49115, 690, 0, 0
2131, 3, 51, 542, 386, 0, 22.45%, 0, 0, 5, 19.23, 49209, 690, 0, 0
2136, 3, 53, 543, 387, 0, 22.45%, 0, 0, 5, 18.48, 49305, 690, 0, 0
2141, 3, 56, 543, 387, 0, 22.45%, 0, 0, 5, 20.29, 49420, 690, 0, 0
2146, 3, 58, 543, 386, 0, 22.45%, 0, 0, 5, 17.98, 49507, 690, 0, 0
2151, 3, 60, 543, 386, 0, 22.45%, 0, 0, 5, 20.60, 49618, 690, 0, 0
2156, 3, 62, 543, 385, 0, 22.45%, 0, 0, 5, 21.11, 49740, 690, 0, 0
2161, 3, 63, 544, 386, 0, 22.45%, 0, 0, 5, 20.83, 49841, 690, 0, 0
2167, 3, 68, 544, 386, 0, 22.45%, 0, 0, 5, 22.81, 49958, 690, 0, 0
2172, 3, 73, 544, 385, 0, 22.45%, 0, 0, 5, 23.63, 50110, 690, 0, 0
2177, 3, 78, 544, 384, 0, 22.45%, 0, 0, 5, 26.41, 50250, 690, 0, 0
2182, 3, 95, 544, 384, 0, 22.45%, 0, 0, 5, 26.90, 50388, 690, 0, 0
2187, 3, 99, 544, 383, 0, 22.45%, 0, 0, 5, 27.25, 50520, 690, 0, 0
2193, 3, 104, 545, 383, 0, 22.45%, 0, 0, 5, 26.94, 50649, 690, 0, 0
2198, 3, 126, 545, 381, 0, 22.45%, 0, 0, 5, 30.19, 50820, 690, 0, 0
2203, 3, 133, 546, 380, 0, 22.45%, 0, 0, 5, 25.72, 50942, 690, 0, 0
2208, 3, 141, 546, 379, 0, 22.45%, 0, 0, 5, 21.38, 51048, 690, 0, 0
2214, 3, 150, 547, 377, 0, 22.45%, 0, 0, 5, 23.20, 51196, 690, 0, 0
2219, 3, 151, 547, 376, 0, 22.45%, 0, 0, 5, 22.45, 51325, 690, 0, 0
2225, 3, 155, 547, 374, 0, 22.45%, 0, 0, 5, 19.67, 51429, 690, 0, 0
2230, 3, 167, 547, 373, 0, 22.45%, 0, 0, 5, 22.18, 51549, 690, 0, 0
2235, 3, 175, 547, 372, 0, 22.45%, 0, 0, 5, 23.79, 51667, 690, 0, 0
2240, 3, 180, 548, 372, 0, 22.45%, 0, 0, 5, 25.69, 51812, 690, 0, 0
2245, 3, 183, 548, 370, 0, 22.45%, 0, 0, 5, 24.55, 51921, 690, 0, 0
2250, 3, 189, 548, 368, 0, 22.45%, 0, 0, 5, 22.18, 52039, 690, 0, 0
2256, 3, 195, 548, 368, 0, 22.45%, 0, 0, 5, 24.97, 52163, 690, 0, 0
2262, 3, 203, 548, 367, 0, 22.45%, 0, 0, 5, 28.03, 52371, 690, 0, 0
2267, 3, 209, 548, 365, 0, 22.45%, 0, 0, 5, 24.29, 52488, 690, 0, 0
2272, 3, 215, 548, 364, 0, 22.45%, 0, 0, 5, 28.97, 52637, 690, 0, 0
2279, 3, 221, 548, 362, 0, 22.45%, 0, 0, 5, 24.46, 52807, 690, 0, 0
2285, 3, 223, 548, 361, 0, 22.45%, 0, 0, 5, 23.20, 52922, 690, 0, 0
2290, 3, 238, 548, 359, 0, 22.45%, 0, 0, 5, 23.24, 53044, 690, 0, 0
2295, 3, 252, 548, 357, 0, 22.45%, 0, 0, 5, 27.01, 53186, 690, 0, 0
2301, 3, 266, 548, 356, 0, 22.45%, 0, 0, 5, 22.97, 53302, 690, 0, 0
2306, 3, 276, 548, 354, 0, 22.45%, 0, 0, 5, 22.53, 53411, 690, 0, 0
2311, 3, 285, 548, 354, 0, 22.45%, 0, 0, 5, 18.83, 53498, 690, 0, 0
2316, 3, 291, 548, 354, 0, 22.45%, 0, 0, 5, 21.24, 53601, 690, 0, 0
2321, 3, 295, 548, 353, 0, 22.45%, 0, 0, 5, 17.24, 53688, 690, 0, 0
2326, 3, 307, 548, 351, 0, 22.45%, 0, 0, 5, 20.92, 53798, 690, 0, 0
2332, 3, 320, 548, 350, 0, 22.45%, 0, 0, 5, 24.05, 53928, 690, 0, 0
2337, 3, 323, 548, 349, 0, 22.45%, 0, 0, 5, 22.51, 54058, 690, 0, 0
2342, 3, 331, 548, 347, 0, 22.45%, 0, 0, 5, 21.80, 54169, 690, 0, 0
2348, 3, 342, 548, 346, 0, 22.45%, 0, 0, 5, 20.18, 54273, 690, 0, 0
2353, 3, 344, 548, 346, 0, 22.45%, 0, 0, 5, 20.41, 54382, 690, 0, 0
2358, 3, 352, 548, 343, 0, 22.45%, 0, 0, 5, 22.85, 54503, 690, 0, 0
2363, 3, 354, 548, 342, 0, 22.45%, 0, 0, 5, 21.10, 54608, 690, 0, 0
2368, 3, 363, 548, 342, 0, 22.45%, 0, 0, 5, 21.91, 54721, 690, 0, 0
2373, 3, 366, 548, 341, 0, 22.45%, 0, 0, 5, 19.04, 54819, 690, 0, 0
2378, 3, 373, 548, 340, 0, 22.45%, 0, 0, 5, 22.59, 54938, 690, 0, 0
2383, 3, 379, 548, 339, 0, 22.45%, 0, 0, 5, 23.80, 55077, 690, 0, 0
2389, 3, 385, 548, 338, 0, 22.45%, 0, 0, 5, 22.87, 55191, 690, 0, 0
2394, 3, 392, 548, 336, 0, 22.45%, 0, 0, 5, 22.74, 55307, 690, 0, 0
2399, 3, 396, 548, 336, 0, 22.45%, 0, 0, 5, 20.08, 55401, 690, 0, 0
2404, 3, 399, 548, 336, 0, 22.45%, 0, 0, 5, 21.94, 55515, 690, 0, 0
2409, 3, 401, 548, 336, 0, 22.45%, 0, 0, 5, 22.69, 55649, 690, 0, 0
2414, 3, 403, 548, 335, 0, 22.45%, 0, 0, 5, 20.78, 55755, 690, 0, 0
2419, 3, 407, 548, 334, 0, 22.45%, 0, 0, 5, 22.87, 55873, 690, 0, 0
2424, 3, 413, 548, 334, 0, 22.45%, 0, 0, 5, 25.83, 56005, 690, 0, 0
2431, 3, 420, 548, 334, 0, 22.45%, 0, 0, 5, 24.04, 56165, 690, 0, 0
2436, 3, 424, 548, 332, 0, 22.45%, 0, 0, 5, 24.03, 56287, 690, 0, 0
2443, 3, 438, 548, 330, 0, 22.45%, 0, 0, 5, 22.52, 56453, 690, 0, 0
2448, 3, 440, 549, 330, 0, 22.45%, 0, 0, 5, 22.72, 56555, 690, 0, 0
2453, 3, 444, 549, 329, 0, 22.45%, 0, 0, 5, 23.31, 56673, 690, 0, 0
2458, 3, 446, 551, 331, 0, 22.45%, 0, 0, 5, 22.22, 56785, 690, 0, 0
2463, 3, 448, 551, 331, 0, 22.45%, 0, 0, 5, 23.19, 56905, 690, 0, 0
2469, 3, 451, 552, 332, 0, 22.49%, 0, 0, 5, 21.21, 57007, 691, 0, 0
2474, 3, 551, 552, 331, 1, 22.49%, 0, 0, 5, 26.14, 57167, 691, 0, 0
2479, 4, 5, 552, 330, 0, 22.49%, 0, 0, 5, 26.22, 57297, 691, 0, 0
2484, 4, 18, 552, 329, 0, 22.49%, 0, 0, 5, 25.35, 57420, 691, 0, 0
2489, 4, 22, 552, 328, 0, 22.49%, 0, 0, 5, 26.68, 57559, 691, 0, 0
2494, 4, 24, 552, 328, 0, 22.49%, 0, 0, 5, 24.46, 57680, 691, 0, 0
2499, 4, 33, 552, 328, 0, 22.49%, 0, 0, 5, 24.42, 57803, 691, 0, 0
2504, 4, 37, 552, 328, 0, 22.49%, 0, 0, 5, 22.35, 57915, 691, 0, 0
2510, 4, 46, 552, 327, 0, 22.49%, 0, 0, 5, 24.65, 58057, 691, 0, 0
2515, 4, 50, 553, 327, 0, 22.49%, 0, 0, 5, 23.24, 58174, 691, 0, 0
2520, 4, 53, 553, 327, 0, 22.49%, 0, 0, 5, 19.79, 58273, 691, 0, 0
2525, 4, 57, 553, 327, 0, 22.49%, 0, 0, 5, 20.86, 58382, 691, 0, 0
2530, 4, 59, 554, 328, 0, 22.49%, 0, 0, 5, 20.78, 58499, 691, 0, 0
2535, 4, 63, 554, 328, 0, 22.49%, 0, 0, 5, 22.77, 58617, 691, 0, 0
2541, 4, 68, 554, 328, 0, 22.49%, 0, 0, 5, 22.31, 58735, 691, 0, 0
2546, 4, 82, 554, 328, 0, 22.49%, 0, 0, 5, 27.51, 58875, 691, 0, 0
2552, 4, 101, 554, 328, 0, 22.49%, 0, 0, 5, 28.21, 59040, 691, 0, 0
2557, 4, 113, 554, 327, 0, 22.49%, 0, 0, 5, 37.54, 59227, 691, 0, 0
2562, 4, 122, 554, 324, 0, 22.49%, 0, 0, 5, 29.59, 59375, 691, 0, 0
2567, 4, 135, 554, 320, 0, 22.49%, 0, 0, 5, 31.36, 59541, 691, 0, 0
2573, 4, 152, 554, 318, 0, 22.49%, 0, 0, 5, 29.11, 59684, 691, 0, 0
2578, 4, 157, 554, 317, 0, 22.49%, 0, 0, 5, 24.37, 59798, 691, 0, 0
2583, 4, 169, 554, 314, 0, 22.49%, 0, 0, 5, 23.01, 59912, 691, 0, 0
2590, 4, 179, 554, 313, 0, 22.49%, 0, 0, 5, 29.95, 60147, 691, 0, 0
2595, 4, 189, 554, 311, 0, 22.49%, 0, 0, 5, 23.21, 60264, 691, 0, 0
2600, 4, 193, 554, 311, 0, 22.49%, 0, 0, 5, 27.54, 60403, 691, 0, 0
2605, 4, 196, 554, 309, 0, 22.49%, 0, 0, 5, 24.13, 60528, 691, 0, 0
2610, 4, 204, 554, 307, 0, 22.49%, 0, 0, 5, 23.42, 60647, 691, 0, 0
2615, 4, 210, 554, 306, 0, 22.49%, 0, 0, 5, 23.46, 60761, 691, 0, 0
2620, 4, 216, 555, 306, 0, 22.49%, 0, 0, 5, 23.85, 60886, 691, 0, 0
2625, 4, 219, 555, 305, 0, 22.49%, 0, 0, 5, 25.96, 61027, 691, 0, 0
2631, 4, 225, 555, 304, 0, 22.49%, 0, 0, 5, 27.80, 61159, 691, 0, 0
2636, 4, 233, 555, 302, 0, 22.49%, 0, 0, 5, 27.20, 61281, 691, 0, 0
2641, 4, 257, 555, 301, 0, 22.49%, 0, 0, 5, 29.44, 61424, 691, 0, 0
2646, 4, 272, 555, 298, 0, 22.49%, 0, 0, 5, 30.52, 61570, 691, 0, 0
2651, 4, 276, 555, 296, 0, 22.49%, 0, 0, 5, 21.95, 61671, 691, 0, 0
2656, 4, 277, 560, 301, 0, 22.49%, 0, 0, 5, 18.21, 61741, 691, 0, 0
2661, 4, 277, 566, 307, 0, 22.49%, 0, 0, 5, 16.75, 61824, 691, 0, 0
2667, 4, 279, 566, 306, 0, 22.49%, 0, 0, 5, 16.89, 61919, 691, 0, 0
2672, 4, 281, 566, 305, 0, 22.49%, 0, 0, 5, 19.74, 62021, 691, 0, 0
2677, 4, 442, 567, 305, 1, 22.49%, 0, 0, 5, 22.27, 62147, 691, 0, 0
2682, 4, 502, 567, 304, 1, 22.49%, 0, 0, 5, 22.93, 62258, 691, 0, 0
2687, 4, 566, 569, 306, 1, 22.49%, 0, 0, 5, 22.65, 62355, 691, 0, 0
2693, 4, 566, 570, 307, 1, 22.55%, 0, 0, 5, 15.10, 62429, 693, 0, 0
2698, 4, 566, 570, 307, 1, 22.55%, 0, 0, 5, 12.37, 62488, 693, 0, 0
2703, 4, 569, 570, 306, 1, 22.55%, 0, 0, 5, 12.23, 62553, 693, 0, 0
2709, 4, 569, 570, 306, 1, 22.55%, 0, 0, 5, 12.08, 62614, 693, 0, 0
2714, 4, 569, 570, 306, 1, 22.55%, 0, 0, 5, 12.27, 62677, 693, 0, 0
2719, 4, 569, 570, 306, 1, 22.55%, 0, 0, 5, 11.84, 62736, 693, 0, 0
2724, 4, 569, 570, 306, 1, 22.55%, 0, 0, 5, 12.40, 62799, 693, 0, 0
2729, 4, 569, 570, 306, 1, 22.55%, 0, 0, 5, 12.09, 62862, 693, 0, 0
2734, 4, 569, 570, 306, 1, 22.55%, 0, 0, 5, 12.06, 62922, 693, 0, 0
2739, 4, 569, 570, 306, 1, 22.55%, 0, 0, 5, 11.74, 62982, 693, 0, 0
2744, 4, 569, 570, 306, 1, 22.55%, 0, 0, 5, 12.43, 63045, 693, 0, 0
2749, 4, 569, 570, 306, 1, 22.55%, 0, 0, 5, 12.37, 63108, 693, 0, 0
2754, 4, 569, 570, 306, 1, 22.55%, 0, 0, 5, 12.10, 63168, 693, 0, 0
2760, 4, 569, 570, 306, 1, 22.55%, 0, 0, 5, 12.76, 63234, 693, 0, 0
2765, 4, 569, 570, 306, 1, 22.55%, 0, 0, 5, 11.87, 63291, 693, 0, 0
2770, 4, 569, 570, 306, 1, 22.55%, 0, 0, 5, 12.59, 63357, 693, 0, 0
2775, 4, 569, 570, 306, 1, 22.55%, 0, 0, 5, 13.14, 63426, 693, 0, 0
2780, 4, 569, 571, 307, 1, 22.55%, 0, 0, 5, 13.41, 63494, 693, 0, 0
2785, 4, 569, 571, 307, 1, 22.55%, 0, 0, 5, 13.45, 63563, 693, 0, 0
2790, 4, 569, 571, 307, 1, 22.55%, 0, 0, 5, 13.51, 63632, 693, 0, 0
2795, 4, 569, 571, 307, 1, 22.55%, 0, 0, 5, 13.57, 63701, 693, 0, 0
2800, 4, 569, 571, 307, 1, 22.55%, 0, 0, 5, 13.32, 63770, 693, 0, 0
2806, 4, 569, 571, 307, 1, 22.55%, 0, 0, 5, 13.26, 63839, 693, 0, 0
2811, 4, 569, 572, 308, 1, 22.55%, 0, 0, 5, 12.94, 63905, 693, 0, 0
2816, 4, 569, 573, 309, 1, 22.55%, 0, 0, 5, 11.36, 63963, 693, 0, 0
2821, 4, 569, 573, 309, 1, 22.55%, 0, 0, 5, 12.00, 64026, 693, 0, 0
2827, 4, 569, 574, 310, 1, 22.55%, 0, 0, 5, 10.97, 64087, 693, 0, 0
2832, 4, 569, 574, 310, 1, 22.55%, 0, 0, 5, 10.86, 64144, 693, 0, 0
2837, 4, 569, 574, 310, 1, 22.55%, 0, 0, 5, 10.02, 64194, 693, 0, 0
2842, 4, 569, 574, 310, 1, 22.55%, 0, 0, 5, 9.81, 64244, 693, 0, 0
2847, 4, 569, 574, 310, 1, 22.55%, 0, 0, 5, 10.02, 64296, 693, 0, 0
2852, 4, 569, 574, 310, 1, 22.55%, 0, 0, 5, 11.33, 64357, 693, 0, 0
2857, 4, 569, 574, 310, 1, 22.55%, 0, 0, 5, 11.62, 64416, 693, 0, 0
2862, 4, 569, 575, 311, 1, 22.55%, 0, 0, 5, 11.88, 64478, 693, 0, 0
2868, 4, 569, 575, 311, 1, 22.55%, 0, 0, 5, 11.23, 64537, 693, 0, 0
2873, 4, 569, 575, 311, 1, 22.55%, 0, 0, 5, 11.46, 64596, 693, 0, 0
2878, 4, 569, 575, 311, 1, 22.55%, 0, 0, 5, 11.63, 64655, 693, 0, 0
2883, 4, 569, 576, 312, 1, 22.55%, 0, 0, 5, 11.52, 64719, 693, 0, 0
2889, 4, 569, 576, 312, 1, 22.55%, 0, 0, 5, 11.53, 64778, 693, 0, 0
2894, 4, 569, 576, 312, 1, 22.55%, 0, 0, 5, 11.69, 64837, 693, 0, 0
2899, 4, 569, 576, 312, 1, 22.55%, 0, 0, 5, 12.23, 64899, 693, 0, 0
2904, 4, 569, 576, 312, 1, 22.55%, 0, 0, 5, 12.57, 64963, 693, 0, 0
2909, 4, 569, 576, 312, 1, 22.55%, 0, 0, 5, 12.57, 65028, 693, 0, 0
2914, 4, 569, 576, 312, 1, 22.55%, 0, 0, 5, 13.02, 65095, 693, 0, 0
2919, 4, 569, 576, 312, 1, 22.55%, 0, 0, 5, 11.99, 65156, 693, 0, 0
2924, 4, 569, 576, 312, 1, 22.55%, 0, 0, 5, 12.10, 65216, 693, 0, 0
2929, 4, 569, 576, 312, 1, 22.55%, 0, 0, 5, 12.73, 65280, 693, 0, 0
2934, 4, 569, 576, 312, 1, 22.55%, 0, 0, 5, 12.81, 65346, 693, 0, 0
2939, 4, 569, 576, 312, 1, 22.55%, 0, 0, 5, 12.66, 65410, 693, 0, 0
2945, 4, 569, 576, 312, 1, 22.55%, 0, 0, 5, 11.92, 65470, 693, 0, 0
2950, 4, 569, 576, 312, 1, 22.55%, 0, 0, 5, 11.70, 65530, 693, 0, 0
2955, 4, 569, 576, 312, 1, 22.55%, 0, 0, 5, 11.74, 65589, 693, 0, 0
2960, 4, 569, 576, 312, 1, 22.55%, 0, 0, 5, 11.41, 65648, 693, 0, 0
2965, 4, 569, 576, 312, 1, 22.55%, 0, 0, 5, 11.81, 65708, 693, 0, 0
2970, 4, 569, 576, 312, 1, 22.55%, 0, 0, 5, 11.88, 65767, 693, 0, 0
2975, 4, 569, 576, 312, 1, 22.55%, 0, 0, 5, 12.11, 65830, 693, 0, 0
2980, 4, 569, 576, 312, 1, 22.55%, 0, 0, 5, 11.78, 65887, 693, 0, 0
2985, 4, 569, 576, 312, 1, 22.55%, 0, 0, 5, 11.84, 65947, 693, 0, 0
2991, 4, 569, 576, 312, 1, 22.55%, 0, 0, 5, 12.18, 66008, 693, 0, 0
2996, 4, 569, 577, 313, 1, 22.55%, 0, 0, 5, 12.58, 66073, 693, 0, 0
3001, 4, 569, 578, 314, 1, 22.55%, 0, 0, 5, 12.75, 66140, 693, 0, 0
3006, 4, 569, 578, 314, 1, 22.55%, 0, 0, 5, 13.10, 66207, 693, 0, 0
3011, 4, 569, 578, 314, 1, 22.55%, 0, 0, 5, 12.72, 66270, 693, 0, 0
3016, 4, 569, 578, 314, 1, 22.55%, 0, 0, 5, 12.56, 66333, 693, 0, 0
3021, 4, 569, 578, 314, 1, 22.55%, 0, 0, 5, 12.64, 66397, 693, 0, 0
3026, 4, 569, 578, 314, 1, 22.55%, 0, 0, 5, 12.77, 66463, 693, 0, 0
3031, 4, 569, 578, 314, 1, 22.55%, 0, 0, 5, 12.84, 66529, 693, 0, 0
3036, 4, 569, 578, 314, 1, 22.55%, 0, 0, 5, 12.62, 66593, 693, 0, 0
3042, 4, 569, 578, 314, 1, 22.55%, 0, 0, 5, 12.61, 66659, 693, 0, 0
3047, 4, 569, 578, 314, 1, 22.55%, 0, 0, 5, 12.49, 66722, 693, 0, 0
3052, 4, 569, 578, 314, 1, 22.55%, 0, 0, 5, 11.94, 66781, 693, 0, 0
3057, 4, 569, 578, 314, 1, 22.55%, 0, 0, 5, 11.83, 66841, 693, 0, 0
3062, 4, 569, 578, 314, 1, 22.55%, 0, 0, 5, 11.84, 66901, 693, 0, 0
3067, 4, 569, 578, 314, 1, 22.55%, 0, 0, 5, 11.54, 66958, 693, 0, 0
3072, 4, 569, 578, 314, 1, 22.55%, 0, 0, 5, 11.52, 67016, 693, 0, 0
3077, 4, 569, 578, 314, 1, 22.55%, 0, 0, 5, 11.74, 67076, 693, 0, 0
3082, 4, 569, 578, 314, 1, 22.55%, 0, 0, 5, 12.02, 67136, 693, 0, 0
3087, 4, 569, 578, 314, 1, 22.55%, 0, 0, 5, 12.53, 67199, 693, 0, 0
3092, 4, 569, 578, 314, 1, 22.55%, 0, 0, 5, 11.99, 67258, 693, 0, 0
3097, 4, 569, 578, 314, 1, 22.55%, 0, 0, 5, 11.96, 67318, 693, 0, 0
3102, 4, 569, 578, 314, 1, 22.55%, 0, 0, 5, 11.90, 67378, 693, 0, 0
3107, 4, 569, 578, 314, 1, 22.55%, 0, 0, 5, 11.78, 67440, 693, 0, 0
3113, 4, 569, 578, 314, 1, 22.55%, 0, 0, 5, 11.65, 67500, 693, 0, 0
3118, 4, 569, 578, 314, 1, 22.55%, 0, 0, 5, 11.31, 67557, 693, 0, 0
3123, 4, 569, 578, 314, 1, 22.55%, 0, 0, 5, 11.59, 67617, 693, 0, 0
3128, 4, 569, 578, 314, 1, 22.55%, 0, 0, 5, 11.95, 67679, 693, 0, 0
3133, 4, 569, 578, 314, 1, 22.55%, 0, 0, 5, 12.10, 67742, 693, 0, 0
3138, 4, 569, 578, 314, 1, 22.55%, 0, 0, 5, 12.48, 67805, 693, 0, 0
3144, 4, 569, 578, 314, 1, 22.55%, 0, 0, 5, 12.02, 67866, 693, 0, 0
3149, 4, 569, 578, 314, 1, 22.55%, 0, 0, 5, 12.24, 67929, 693, 0, 0
3154, 4, 569, 578, 314, 1, 22.55%, 0, 0, 5, 12.42, 67993, 693, 0, 0
3159, 4, 569, 578, 314, 1, 22.55%, 0, 0, 5, 12.31, 68056, 693, 0, 0
3164, 4, 569, 578, 314, 1, 22.55%, 0, 0, 5, 12.02, 68117, 693, 0, 0
3169, 4, 569, 578, 314, 1, 22.55%, 0, 0, 5, 11.74, 68176, 693, 0, 0
3174, 4, 569, 578, 314, 1, 22.55%, 0, 0, 5, 11.83, 68236, 693, 0, 0
3179, 4, 569, 578, 314, 1, 22.55%, 0, 0, 5, 11.75, 68295, 693, 0, 0
3184, 4, 569, 578, 314, 1, 22.55%, 0, 0, 5, 11.64, 68354, 693, 0, 0
3189, 4, 569, 578, 314, 1, 22.55%, 0, 0, 5, 11.95, 68415, 693, 0, 0
3195, 4, 569, 579, 315, 1, 22.55%, 0, 0, 5, 11.79, 68482, 693, 0, 0
3200, 4, 569, 579, 315, 1, 22.55%, 0, 0, 5, 12.24, 68545, 693, 0, 0
3206, 4, 569, 579, 315, 1, 22.55%, 0, 0, 5, 12.14, 68608, 693, 0, 0
3211, 4, 569, 579, 315, 1, 22.55%, 0, 0, 5, 11.84, 68668, 693, 0, 0
3216, 4, 569, 579, 315, 1, 22.55%, 0, 0, 5, 11.44, 68726, 693, 0, 0
3221, 4, 569, 579, 315, 1, 22.55%, 0, 0, 5, 11.57, 68786, 693, 0, 0
3226, 4, 569, 579, 315, 1, 22.55%, 0, 0, 5, 11.72, 68846, 693, 0, 0
3231, 4, 569, 579, 315, 1, 22.55%, 0, 0, 5, 12.00, 68906, 693, 0, 0
3236, 4, 569, 579, 315, 1, 22.55%, 0, 0, 5, 12.00, 68967, 693, 0, 0
3241, 4, 569, 579, 315, 1, 22.55%, 0, 0, 5, 12.01, 69027, 693, 0, 0
3246, 4, 569, 580, 316, 1, 22.55%, 0, 0, 5, 11.90, 69087, 693, 0, 0
3251, 4, 569, 580, 316, 1, 22.55%, 0, 0, 5, 12.46, 69150, 693, 0, 0
3257, 4, 569, 580, 316, 1, 22.55%, 0, 0, 5, 12.46, 69214, 693, 0, 0
3262, 4, 569, 580, 316, 1, 22.55%, 0, 0, 5, 12.51, 69277, 693, 0, 0
3267, 4, 569, 580, 316, 1, 22.55%, 0, 0, 5, 12.62, 69343, 693, 0, 0
3272, 4, 569, 580, 316, 1, 22.55%, 0, 0, 5, 12.26, 69405, 693, 0, 0
3277, 4, 569, 580, 316, 1, 22.55%, 0, 0, 5, 11.95, 69465, 693, 0, 0
3282, 4, 569, 580, 316, 1, 22.55%, 0, 0, 5, 11.88, 69524, 693, 0, 0
3287, 4, 569, 580, 316, 1, 22.55%, 0, 0, 5, 11.74, 69584, 693, 0, 0
3292, 4, 569, 580, 316, 1, 22.55%, 0, 0, 5, 11.90, 69644, 693, 0, 0
3297, 4, 569, 580, 316, 1, 22.55%, 0, 0, 5, 12.17, 69707, 693, 0, 0
3302, 4, 569, 580, 316, 1, 22.55%, 0, 0, 5, 11.98, 69767, 693, 0, 0
3307, 4, 569, 580, 316, 1, 22.55%, 0, 0, 5, 12.22, 69828, 693, 0, 0
3313, 4, 569, 580, 316, 1, 22.55%, 0, 0, 5, 11.78, 69889, 693, 0, 0
3318, 4, 569, 580, 316, 1, 22.55%, 0, 0, 5, 11.52, 69946, 693, 0, 0
3323, 4, 569, 580, 316, 1, 22.55%, 0, 0, 5, 11.56, 70005, 693, 0, 0
3328, 4, 569, 580, 316, 1, 22.55%, 0, 0, 5, 11.59, 70065, 693, 0, 0
3333, 4, 569, 580, 316, 1, 22.55%, 0, 0, 5, 11.98, 70127, 693, 0, 0
3338, 4, 569, 580, 316, 1, 22.55%, 0, 0, 5, 11.55, 70185, 693, 0, 0
3343, 4, 569, 580, 316, 1, 22.55%, 0, 0, 5, 11.80, 70246, 693, 0, 0
3348, 4, 569, 580, 316, 1, 22.55%, 0, 0, 5, 11.86, 70307, 693, 0, 0
3354, 4, 569, 580, 316, 1, 22.55%, 0, 0, 5, 11.86, 70367, 693, 0, 0
3359, 4, 569, 580, 316, 1, 22.55%, 0, 0, 5, 11.67, 70427, 693, 0, 0
3364, 4, 569, 580, 316, 1, 22.55%, 0, 0, 5, 11.60, 70486, 693, 0, 0
3369, 4, 569, 580, 316, 1, 22.55%, 0, 0, 5, 12.56, 70551, 693, 0, 0
3374, 4, 569, 580, 316, 1, 22.55%, 0, 0, 5, 12.19, 70614, 693, 0, 0
3379, 4, 569, 580, 316, 1, 22.55%, 0, 0, 5, 12.03, 70674, 693, 0, 0
3384, 4, 569, 580, 316, 1, 22.55%, 0, 0, 5, 11.96, 70734, 693, 0, 0
3390, 4, 569, 580, 316, 1, 22.55%, 0, 0, 5, 11.90, 70796, 693, 0, 0
3395, 4, 569, 580, 316, 1, 22.55%, 0, 0, 5, 12.18, 70859, 693, 0, 0
3400, 4, 569, 580, 316, 1, 22.55%, 0, 0, 5, 12.35, 70924, 693, 0, 0
3405, 4, 569, 580, 316, 1, 22.55%, 0, 0, 5, 12.15, 70987, 693, 0, 0
3410, 4, 569, 580, 316, 1, 22.55%, 0, 0, 5, 12.31, 71049, 693, 0, 0
3415, 4, 569, 580, 316, 1, 22.55%, 0, 0, 5, 12.19, 71112, 693, 0, 0
3420, 4, 569, 580, 316, 1, 22.55%, 0, 0, 5, 11.56, 71169, 693, 0, 0
3426, 4, 569, 580, 316, 1, 22.55%, 0, 0, 5, 11.40, 71228, 693, 0, 0
3431, 4, 569, 580, 316, 1, 22.55%, 0, 0, 5, 11.38, 71285, 693, 0, 0
3436, 4, 569, 580, 316, 1, 22.55%, 0, 0, 5, 11.68, 71345, 693, 0, 0
3441, 4, 569, 580, 316, 1, 22.55%, 0, 0, 5, 11.91, 71407, 693, 0, 0
3446, 4, 569, 580, 316, 1, 22.55%, 0, 0, 5, 11.72, 71466, 693, 0, 0
3451, 4, 569, 580, 316, 1, 22.55%, 0, 0, 5, 11.78, 71526, 693, 0, 0
3456, 4, 569, 580, 316, 1, 22.55%, 0, 0, 5, 12.34, 71589, 693, 0, 0
3461, 4, 569, 580, 316, 1, 22.55%, 0, 0, 5, 12.36, 71653, 693, 0, 0
3466, 4, 569, 580, 316, 1, 22.55%, 0, 0, 5, 12.12, 71713, 693, 0, 0
3471, 4, 569, 580, 316, 1, 22.55%, 0, 0, 5, 12.06, 71775, 693, 0, 0
3477, 4, 569, 580, 316, 1, 22.55%, 0, 0, 5, 11.83, 71835, 693, 0, 0
3482, 4, 569, 580, 316, 1, 22.55%, 0, 0, 5, 11.81, 71894, 693, 0, 0
3487, 4, 569, 580, 316, 1, 22.55%, 0, 0, 5, 11.61, 71953, 693, 0, 0
3492, 4, 569, 581, 317, 1, 22.58%, 0, 0, 5, 11.75, 72020, 694, 0, 0
3498, 4, 569, 581, 317, 1, 22.58%, 0, 0, 5, 11.71, 72082, 694, 0, 0
3503, 4, 572, 581, 316, 2, 22.58%, 0, 0, 5, 13.36, 72158, 694, 0, 0
3508, 4, 572, 581, 316, 2, 22.58%, 0, 0, 5, 11.60, 72216, 694, 0, 0
3513, 4, 573, 582, 316, 1, 22.58%, 0, 0, 5, 11.57, 72276, 694, 0, 0
3519, 4, 573, 589, 323, 1, 22.58%, 0, 0, 5, 12.61, 72353, 694, 0, 0
3524, 4, 573, 596, 330, 1, 22.58%, 0, 0, 5, 13.77, 72436, 694, 0, 0
3529, 4, 573, 603, 337, 1, 22.68%, 0, 0, 5, 15.55, 72519, 697, 0, 0
3534, 4, 580, 605, 339, 4, 22.71%, 0, 0, 5, 15.39, 72605, 698, 0, 0
3540, 4, 580, 606, 340, 4, 22.71%, 0, 0, 6, 12.43, 72662, 698, 0, 0
3545, 4, 580, 607, 341, 4, 22.71%, 0, 0, 6, 11.38, 72718, 698, 0, 0
3550, 4, 580, 607, 341, 4, 22.71%, 0, 0, 6, 11.16, 72774, 698, 0, 0
3555, 4, 580, 607, 341, 4, 22.71%, 0, 0, 6, 11.01, 72830, 698, 0, 0
3560, 4, 580, 608, 342, 4, 22.75%, 0, 0, 6, 10.82, 72886, 699, 0, 0
3565, 4, 580, 609, 343, 4, 22.75%, 0, 0, 6, 11.05, 72945, 699, 0, 0
3570, 4, 580, 610, 344, 4, 22.75%, 0, 0, 6, 10.98, 73000, 699, 0, 0
3575, 4, 580, 610, 344, 4, 22.75%, 0, 0, 6, 10.91, 73056, 699, 0, 0
3581, 4, 580, 610, 344, 4, 22.75%, 0, 0, 6, 10.97, 73113, 699, 0, 0
3586, 4, 580, 610, 344, 4, 22.75%, 0, 0, 6, 11.35, 73170, 699, 0, 0
3591, 4, 580, 610, 344, 4, 22.75%, 0, 0, 6, 11.08, 73228, 699, 0, 0
3596, 4, 580, 610, 344, 4, 22.75%, 0, 0, 6, 11.16, 73286, 699, 0, 0
3601, 4, 580, 610, 344, 4, 22.75%, 0, 0, 6, 10.78, 73340, 699, 0, 0
3606, 4, 580, 610, 344, 4, 22.75%, 0, 0, 6, 11.22, 73397, 699, 0, 0
3611, 4, 580, 610, 344, 4, 22.75%, 0, 0, 6, 11.04, 73453, 699, 0, 0
3616, 4, 580, 610, 344, 4, 22.75%, 0, 0, 6, 10.83, 73508, 699, 0, 0
3621, 4, 580, 610, 344, 4, 22.75%, 0, 0, 6, 10.55, 73563, 699, 0, 0
3626, 4, 580, 610, 344, 4, 22.75%, 0, 0, 6, 10.74, 73618, 699, 0, 0
3632, 4, 580, 610, 344, 4, 22.75%, 0, 0, 6, 11.05, 73675, 699, 0, 0
3637, 4, 580, 610, 344, 4, 22.75%, 0, 0, 6, 11.42, 73733, 699, 0, 0
3642, 4, 580, 610, 344, 4, 22.75%, 0, 0, 6, 11.41, 73790, 699, 0, 0
3647, 4, 580, 611, 345, 4, 22.75%, 0, 0, 6, 11.43, 73850, 699, 0, 0
3652, 4, 580, 611, 345, 4, 22.75%, 0, 0, 6, 11.59, 73908, 699, 0, 0
3657, 4, 580, 611, 345, 4, 22.75%, 0, 0, 6, 11.23, 73964, 699, 0, 0
3662, 4, 580, 611, 345, 4, 22.75%, 0, 0, 6, 11.18, 74021, 699, 0, 0
3667, 4, 580, 611, 345, 4, 22.75%, 0, 0, 6, 11.09, 74078, 699, 0, 0
3672, 4, 580, 611, 345, 4, 22.75%, 0, 0, 6, 11.75, 74137, 699, 0, 0
3678, 4, 580, 611, 345, 4, 22.75%, 0, 0, 6, 11.31, 74194, 699, 0, 0
3683, 4, 580, 611, 345, 4, 22.75%, 0, 0, 6, 10.85, 74250, 699, 0, 0
3688, 4, 580, 611, 345, 4, 22.75%, 0, 0, 6, 11.17, 74307, 699, 0, 0
3693, 4, 580, 611, 345, 4, 22.75%, 0, 0, 6, 11.15, 74366, 699, 0, 0
3698, 4, 580, 611, 345, 4, 22.75%, 0, 0, 6, 11.30, 74424, 699, 0, 0
3703, 4, 580, 611, 345, 4, 22.75%, 0, 0, 6, 11.62, 74483, 699, 0, 0
3708, 4, 580, 611, 345, 4, 22.75%, 0, 0, 6, 11.53, 74542, 699, 0, 0
3714, 4, 580, 611, 345, 4, 22.75%, 0, 0, 6, 11.00, 74598, 699, 0, 0
3719, 4, 596, 611, 344, 5, 22.75%, 0, 0, 6, 21.01, 74733, 699, 0, 0
3724, 4, 599, 612, 344, 4, 22.75%, 0, 0, 6, 18.00, 74801, 699, 0, 0
3730, 4, 600, 612, 343, 4, 22.75%, 0, 0, 6, 14.07, 74898, 699, 0, 0
3735, 4, 600, 612, 343, 4, 22.75%, 0, 0, 6, 16.85, 74989, 699, 0, 0
3740, 4, 603, 612, 342, 3, 22.75%, 0, 0, 6, 18.05, 75108, 699, 0, 0
3745, 4, 607, 612, 341, 2, 22.75%, 0, 0, 6, 17.99, 75193, 699, 0, 0
3750, 4, 607, 613, 342, 2, 22.75%, 0, 0, 7, 14.39, 75256, 699, 0, 0
3756, 4, 607, 613, 342, 2, 22.75%, 0, 0, 7, 11.35, 75310, 699, 0, 0
3761, 4, 607, 613, 342, 2, 22.75%, 0, 0, 7, 11.01, 75365, 699, 0, 0
3766, 4, 607, 613, 342, 2, 22.75%, 0, 0, 7, 10.77, 75418, 699, 0, 0
3773, 4, 610, 613, 341, 1, 22.75%, 0, 0, 7, 11.04, 75502, 699, 0, 0
3778, 4, 610, 617, 345, 1, 22.75%, 0, 0, 7, 11.88, 75569, 699, 0, 0
3783, 4, 610, 617, 345, 1, 22.75%, 0, 0, 7, 12.13, 75632, 699, 0, 0
3789, 4, 610, 618, 346, 1, 22.75%, 0, 0, 7, 12.70, 75705, 699, 0, 0
3794, 4, 610, 618, 346, 1, 22.75%, 0, 0, 7, 13.37, 75774, 699, 0, 0
3799, 4, 610, 618, 346, 1, 22.75%, 0, 0, 7, 13.43, 75843, 699, 0, 0
3804, 4, 610, 618, 346, 1, 22.75%, 0, 0, 7, 13.35, 75912, 699, 0, 0
3809, 4, 610, 618, 346, 1, 22.75%, 0, 0, 7, 13.32, 75981, 699, 0, 0
3815, 4, 610, 618, 346, 1, 22.75%, 0, 0, 7, 13.44, 76050, 699, 0, 0
3820, 4, 610, 618, 346, 1, 22.75%, 0, 0, 7, 13.45, 76119, 699, 0, 0
3825, 4, 610, 618, 346, 1, 22.75%, 0, 0, 7, 13.47, 76188, 699, 0, 0
3830, 4, 610, 618, 346, 1, 22.75%, 0, 0, 7, 13.45, 76257, 699, 0, 0
3835, 4, 610, 618, 346, 1, 22.75%, 0, 0, 7, 13.30, 76326, 699, 0, 0
3840, 4, 610, 618, 346, 1, 22.75%, 0, 0, 7, 13.33, 76395, 699, 0, 0
3845, 4, 610, 618, 346, 1, 22.75%, 0, 0, 7, 13.61, 76464, 699, 0, 0
3850, 4, 610, 618, 346, 1, 22.75%, 0, 0, 7, 12.79, 76527, 699, 0, 0
3855, 4, 610, 618, 346, 1, 22.75%, 0, 0, 7, 12.65, 76590, 699, 0, 0
3861, 4, 610, 618, 346, 1, 22.75%, 0, 0, 7, 12.40, 76653, 699, 0, 0
3866, 4, 610, 618, 346, 1, 22.75%, 0, 0, 7, 12.58, 76719, 699, 0, 0
3871, 4, 610, 618, 346, 1, 22.75%, 0, 0, 7, 12.33, 76783, 699, 0, 0
3876, 4, 610, 618, 346, 1, 22.75%, 0, 0, 7, 12.13, 76843, 699, 0, 0
3881, 4, 610, 618, 346, 1, 22.75%, 0, 0, 7, 11.84, 76903, 699, 0, 0
3886, 4, 610, 618, 346, 1, 22.75%, 0, 0, 7, 11.44, 76961, 699, 0, 0
3891, 4, 610, 618, 346, 1, 22.75%, 0, 0, 7, 12.22, 77024, 699, 0, 0
3897, 4, 610, 618, 346, 1, 22.75%, 0, 0, 7, 12.53, 77090, 699, 0, 0
3902, 4, 610, 618, 346, 1, 22.75%, 0, 0, 7, 11.27, 77146, 699, 0, 0
3907, 4, 610, 618, 346, 1, 22.75%, 0, 0, 7, 11.11, 77203, 699, 0, 0
3912, 4, 610, 618, 346, 1, 22.75%, 0, 0, 7, 10.93, 77260, 699, 0, 0
3917, 4, 610, 618, 346, 1, 22.75%, 0, 0, 7, 10.87, 77314, 699, 0, 0
3922, 4, 610, 618, 346, 1, 22.75%, 0, 0, 7, 12.47, 77385, 699, 0, 0
3929, 4, 610, 619, 347, 1, 22.75%, 0, 0, 7, 11.81, 77458, 699, 0, 0
3933, 4, 611, 619, 347, 1, 22.75%, 0, 0, 7, 11.66, 77504, 699, 0, 0
3933, 4, 611, 619, 347, 1, 22.75%, 0, 0, 7, 11.66, 77504, 699, 0, 0
3933, 4, 611, 619, 347, 1, 22.75%, 0, 0, 7, 0.00, 77504, 699, 0, 0
3933, 4, 611, 619, 347, 1, 22.75%, 0, 0, 7, 0.00, 77504, 699, 0, 0
