# relative_time, cycles_done, cur_item, corpus_count, pending_total, pending_favs, map_size, saved_crashes, saved_hangs, max_depth, execs_per_sec, total_execs, edges_found, total_crashes, servers_count
62, 0, 5, 205, 204, 66, 10.07%, 0, 3, 4, 50.56, 2693, 2177, 0, 0
67, 0, 5, 210, 209, 66, 10.13%, 0, 3, 4, 13.19, 2947, 2189, 0, 0
72, 0, 5, 215, 214, 66, 10.22%, 0, 3, 4, 42.77, 3202, 2208, 0, 0
77, 0, 5, 220, 219, 66, 10.25%, 0, 3, 4, 62.41, 3453, 2216, 0, 0
82, 0, 5, 225, 224, 66, 10.27%, 0, 3, 4, 64.23, 3715, 2219, 0, 0
87, 0, 5, 227, 226, 66, 10.27%, 0, 4, 4, 36.90, 3861, 2219, 0, 0
92, 0, 7, 231, 229, 118, 10.27%, 0, 4, 4, 36.28, 4080, 2220, 0, 0
98, 0, 8, 239, 236, 118, 10.35%, 0, 4, 4, 67.76, 4477, 2237, 0, 0
103, 0, 8, 248, 245, 118, 10.45%, 0, 4, 4, 69.18, 4767, 2258, 0, 0
108, 0, 8, 256, 253, 118, 10.48%, 0, 4, 4, 63.94, 5062, 2264, 0, 0
113, 0, 8, 263, 260, 118, 10.50%, 0, 4, 4, 80.42, 5370, 2270, 0, 0
118, 0, 8, 268, 265, 118, 10.53%, 0, 4, 4, 69.45, 5700, 2276, 0, 0
123, 0, 8, 272, 269, 118, 10.59%, 0, 4, 4, 69.70, 6016, 2289, 0, 0
129, 0, 8, 274, 271, 118, 10.63%, 0, 4, 4, 76.07, 6305, 2297, 0, 0
134, 0, 8, 278, 275, 118, 10.64%, 0, 4, 4, 69.08, 6647, 2299, 0, 0
139, 0, 8, 284, 281, 118, 10.66%, 0, 4, 4, 72.53, 7006, 2303, 0, 0
144, 0, 8, 290, 287, 118, 10.72%, 0, 4, 4, 73.68, 7383, 2317, 0, 0
149, 0, 8, 293, 290, 118, 10.72%, 0, 4, 4, 77.97, 7661, 2317, 0, 0
155, 0, 8, 296, 293, 118, 10.83%, 0, 4, 4, 69.51, 8034, 2341, 0, 0
160, 0, 8, 298, 295, 118, 10.84%, 0, 4, 4, 65.74, 8370, 2342, 0, 0
165, 0, 8, 298, 295, 118, 10.84%, 0, 4, 4, 75.05, 8709, 2342, 0, 0
170, 0, 8, 299, 296, 118, 10.85%, 0, 4, 4, 72.52, 9043, 2344, 0, 0
175, 0, 8, 303, 300, 118, 10.87%, 0, 4, 4, 68.60, 9377, 2349, 0, 0
180, 0, 8, 303, 300, 118, 10.87%, 0, 4, 4, 73.49, 9738, 2349, 0, 0
185, 0, 8, 304, 301, 118, 10.88%, 0, 4, 4, 70.60, 10091, 2350, 0, 0
190, 0, 8, 306, 303, 118, 10.89%, 0, 4, 4, 73.86, 10462, 2354, 0, 0
196, 0, 8, 307, 304, 118, 10.89%, 0, 4, 4, 66.89, 10767, 2354, 0, 0
201, 0, 8, 308, 305, 118, 10.90%, 0, 4, 4, 39.22, 11071, 2355, 0, 0
206, 0, 8, 313, 310, 118, 10.92%, 0, 4, 4, 62.08, 11412, 2359, 0, 0
211, 0, 8, 314, 311, 118, 10.92%, 0, 4, 4, 66.45, 11761, 2359, 0, 0
216, 0, 8, 317, 314, 118, 10.93%, 0, 4, 4, 64.44, 12095, 2362, 0, 0
221, 0, 8, 318, 315, 118, 10.93%, 0, 4, 4, 70.64, 12466, 2362, 0, 0
226, 0, 8, 318, 315, 118, 10.93%, 0, 4, 4, 70.74, 12828, 2362, 0, 0
231, 0, 8, 318, 315, 118, 10.93%, 0, 4, 4, 41.53, 13132, 2362, 0, 0
236, 0, 8, 320, 317, 118, 10.93%, 0, 4, 4, 65.25, 13489, 2362, 0, 0
242, 0, 8, 322, 319, 118, 10.93%, 0, 4, 4, 61.44, 13794, 2362, 0, 0
247, 0, 8, 325, 322, 118, 10.94%, 0, 4, 4, 72.13, 14105, 2365, 0, 0
252, 0, 8, 326, 323, 118, 10.94%, 0, 4, 4, 68.80, 14438, 2365, 0, 0
257, 0, 8, 326, 323, 118, 10.94%, 0, 4, 4, 70.50, 14784, 2365, 0, 0
262, 0, 8, 328, 325, 118, 10.95%, 0, 4, 4, 68.82, 15125, 2366, 0, 0
267, 0, 17, 333, 329, 159, 11.00%, 0, 4, 4, 65.37, 15437, 2378, 0, 0
273, 0, 17, 367, 363, 159, 11.56%, 0, 4, 4, 73.32, 15828, 2497, 0, 0
278, 0, 17, 378, 374, 159, 11.79%, 0, 4, 4, 75.39, 16215, 2548, 0, 0
283, 0, 17, 386, 382, 159, 11.91%, 0, 4, 4, 75.63, 16607, 2573, 0, 0
288, 0, 17, 389, 385, 159, 11.92%, 0, 4, 4, 76.66, 16997, 2575, 0, 0
293, 0, 17, 390, 386, 159, 11.92%, 0, 4, 4, 77.50, 17397, 2575, 0, 0
298, 0, 17, 390, 386, 159, 11.92%, 0, 4, 4, 76.37, 17794, 2575, 0, 0
303, 0, 17, 391, 387, 159, 12.00%, 0, 4, 4, 15.23, 18132, 2594, 0, 0
309, 0, 17, 404, 400, 159, 12.17%, 0, 4, 4, 46.58, 18457, 2629, 0, 0
314, 0, 17, 410, 406, 159, 12.24%, 0, 5, 4, 2.66, 18708, 2644, 0, 0
319, 0, 17, 419, 415, 159, 12.27%, 0, 5, 4, 66.13, 19023, 2651, 0, 0
324, 0, 17, 426, 422, 159, 12.32%, 0, 5, 4, 65.59, 19351, 2663, 0, 0
329, 0, 17, 437, 433, 159, 12.37%, 0, 5, 4, 73.05, 19724, 2673, 0, 0
335, 0, 17, 441, 437, 159, 12.38%, 0, 5, 4, 64.19, 20022, 2675, 0, 0
340, 0, 17, 447, 443, 159, 12.39%, 0, 5, 4, 63.08, 20292, 2678, 0, 0
345, 0, 17, 450, 446, 159, 12.39%, 0, 5, 4, 63.55, 20623, 2678, 0, 0
350, 0, 17, 455, 451, 159, 12.41%, 0, 5, 4, 19.29, 20972, 2682, 0, 0
355, 0, 17, 462, 458, 159, 12.46%, 0, 5, 4, 53.41, 21301, 2692, 0, 0
360, 0, 17, 470, 466, 159, 12.47%, 0, 5, 4, 62.10, 21635, 2695, 0, 0
365, 0, 17, 472, 468, 159, 12.49%, 0, 5, 4, 62.46, 21944, 2699, 0, 0
370, 0, 17, 475, 471, 159, 12.49%, 0, 5, 4, 79.43, 22273, 2699, 0, 0
376, 0, 17, 479, 475, 159, 12.50%, 0, 5, 4, 43.06, 22558, 2701, 0, 0
381, 0, 17, 483, 479, 159, 12.50%, 0, 5, 4, 61.29, 22904, 2701, 0, 0
386, 0, 17, 487, 483, 159, 12.52%, 0, 5, 4, 68.33, 23270, 2706, 0, 0
391, 0, 17, 492, 488, 159, 12.53%, 0, 5, 4, 75.77, 23602, 2708, 0, 0
396, 0, 17, 497, 493, 159, 12.54%, 0, 5, 4, 71.56, 23948, 2709, 0, 0
401, 0, 17, 500, 496, 159, 12.55%, 0, 5, 4, 66.01, 24280, 2711, 0, 0
407, 0, 17, 501, 497, 159, 12.55%, 0, 6, 4, 4.75, 24551, 2712, 0, 0
412, 0, 17, 503, 499, 159, 12.55%, 0, 6, 4, 65.06, 24853, 2712, 0, 0
418, 0, 17, 503, 499, 159, 12.55%, 0, 6, 4, 67.59, 25196, 2712, 0, 0
423, 0, 17, 505, 501, 159, 12.55%, 0, 6, 4, 60.45, 25486, 2712, 0, 0
428, 0, 17, 511, 507, 159, 12.56%, 0, 6, 4, 68.42, 25825, 2715, 0, 0
433, 0, 17, 514, 510, 159, 12.56%, 0, 6, 4, 67.72, 26161, 2715, 0, 0
438, 0, 17, 518, 514, 159, 12.58%, 0, 6, 4, 51.96, 26400, 2718, 0, 0
443, 0, 17, 521, 517, 159, 12.59%, 0, 6, 4, 61.48, 26697, 2721, 0, 0
448, 0, 17, 523, 519, 159, 12.60%, 0, 6, 4, 61.46, 27017, 2723, 0, 0
453, 0, 17, 527, 523, 159, 12.61%, 0, 6, 4, 83.63, 27355, 2724, 0, 0
458, 0, 17, 529, 525, 159, 12.61%, 0, 6, 4, 62.28, 27616, 2725, 0, 0
464, 0, 17, 532, 528, 159, 12.61%, 0, 6, 4, 72.40, 27989, 2725, 0, 0
469, 0, 17, 536, 532, 159, 12.62%, 0, 6, 4, 64.35, 28268, 2727, 0, 0
474, 0, 17, 541, 537, 159, 12.63%, 0, 6, 4, 73.04, 28638, 2730, 0, 0
479, 0, 17, 546, 542, 159, 12.65%, 0, 6, 4, 65.31, 28930, 2733, 0, 0
484, 0, 17, 549, 545, 159, 12.65%, 0, 6, 4, 65.65, 29246, 2733, 0, 0
489, 0, 18, 554, 549, 262, 12.65%, 0, 6, 4, 67.56, 29580, 2734, 0, 0
494, 0, 18, 560, 555, 262, 12.70%, 0, 6, 4, 70.59, 29931, 2744, 0, 0
500, 0, 18, 564, 559, 262, 12.72%, 0, 7, 4, 8.94, 30256, 2749, 0, 0
506, 0, 18, 565, 560, 262, 12.72%, 0, 7, 4, 4.34, 30596, 2749, 0, 0
511, 0, 18, 571, 566, 262, 12.81%, 0, 7, 4, 69.27, 30945, 2768, 0, 0
516, 0, 18, 572, 567, 262, 12.81%, 0, 7, 4, 66.01, 31269, 2768, 0, 0
521, 0, 18, 575, 570, 262, 12.83%, 0, 7, 4, 69.83, 31628, 2773, 0, 0
526, 0, 18, 576, 571, 262, 12.83%, 0, 7, 4, 69.39, 31999, 2773, 0, 0
531, 0, 20, 578, 572, 269, 12.83%, 0, 7, 4, 66.39, 32336, 2773, 0, 0
537, 0, 152, 580, 573, 268, 12.83%, 0, 7, 4, 52.76, 32594, 2773, 0, 0
542, 0, 152, 580, 573, 268, 12.83%, 0, 7, 4, 33.22, 32739, 2773, 0, 0
547, 0, 152, 581, 574, 268, 12.84%, 0, 7, 5, 27.28, 32866, 2775, 0, 0
552, 0, 152, 581, 574, 268, 12.84%, 0, 7, 5, 28.99, 33017, 2775, 0, 0
557, 0, 152, 581, 574, 268, 12.84%, 0, 7, 5, 27.97, 33166, 2775, 0, 0
562, 0, 152, 581, 574, 268, 12.84%, 0, 7, 5, 29.02, 33314, 2775, 0, 0
567, 0, 152, 582, 575, 268, 12.84%, 0, 7, 5, 26.98, 33446, 2775, 0, 0
573, 0, 152, 583, 576, 268, 12.84%, 0, 7, 5, 23.90, 33577, 2775, 0, 0
579, 0, 152, 586, 579, 268, 12.84%, 0, 7, 5, 14.77, 33647, 2775, 0, 0
584, 0, 152, 588, 581, 268, 12.84%, 0, 7, 5, 11.26, 33696, 2775, 0, 0
589, 0, 152, 588, 581, 268, 12.84%, 0, 7, 5, 9.51, 33742, 2775, 0, 0
594, 0, 152, 588, 581, 268, 12.84%, 0, 7, 5, 9.12, 33788, 2775, 0, 0
599, 0, 152, 588, 581, 268, 12.84%, 0, 7, 5, 9.03, 33834, 2775, 0, 0
604, 0, 152, 588, 581, 268, 12.84%, 0, 7, 5, 9.21, 33881, 2775, 0, 0
610, 0, 152, 588, 581, 268, 12.84%, 0, 7, 5, 9.05, 33927, 2775, 0, 0
615, 0, 152, 588, 581, 268, 12.84%, 0, 7, 5, 10.12, 34133, 2775, 0, 0
620, 0, 152, 588, 581, 268, 12.84%, 0, 7, 5, 95.78, 34211, 2775, 0, 0
625, 0, 152, 589, 582, 268, 12.84%, 0, 7, 5, 67.15, 34510, 2775, 0, 0
630, 0, 152, 591, 584, 268, 12.85%, 0, 7, 5, 69.28, 34851, 2776, 0, 0
635, 0, 152, 593, 586, 268, 12.85%, 0, 7, 5, 58.33, 35118, 2777, 0, 0
641, 0, 152, 594, 587, 268, 12.86%, 0, 7, 5, 63.32, 35385, 2778, 0, 0
646, 0, 152, 596, 589, 268, 12.86%, 0, 7, 5, 60.53, 35681, 2778, 0, 0
651, 0, 152, 598, 591, 268, 12.86%, 0, 7, 5, 58.75, 35946, 2778, 0, 0
656, 0, 152, 599, 592, 268, 12.89%, 0, 7, 5, 62.60, 36258, 2786, 0, 0
661, 0, 152, 599, 592, 268, 12.89%, 0, 7, 5, 68.64, 36595, 2786, 0, 0
666, 0, 152, 599, 592, 268, 12.89%, 0, 7, 5, 69.82, 36855, 2786, 0, 0
671, 0, 152, 600, 593, 268, 12.89%, 0, 7, 5, 67.03, 37164, 2786, 0, 0
677, 0, 152, 600, 593, 268, 12.89%, 0, 7, 5, 52.74, 37433, 2786, 0, 0
682, 0, 152, 602, 595, 268, 12.89%, 0, 7, 5, 64.89, 37748, 2786, 0, 0
687, 0, 152, 603, 596, 268, 12.89%, 0, 7, 5, 64.03, 38047, 2786, 0, 0
692, 0, 152, 603, 596, 268, 12.89%, 0, 7, 5, 66.43, 38403, 2786, 0, 0
697, 0, 152, 604, 597, 268, 12.95%, 0, 7, 5, 69.23, 38773, 2799, 0, 0
702, 0, 152, 605, 598, 268, 12.96%, 0, 7, 5, 72.85, 39063, 2800, 0, 0
707, 0, 152, 608, 601, 268, 12.99%, 0, 7, 5, 65.17, 39366, 2806, 0, 0
713, 0, 152, 609, 602, 268, 12.99%, 0, 7, 5, 70.76, 39675, 2806, 0, 0
718, 0, 152, 610, 603, 268, 12.99%, 0, 7, 5, 75.57, 39991, 2808, 0, 0
723, 0, 152, 610, 603, 268, 12.99%, 0, 7, 5, 77.96, 40291, 2808, 0, 0
728, 0, 152, 611, 604, 268, 12.99%, 0, 7, 5, 39.08, 40556, 2808, 0, 0
734, 0, 152, 612, 605, 268, 12.99%, 0, 7, 5, 47.80, 40830, 2808, 0, 0
739, 0, 152, 613, 606, 268, 13.00%, 0, 7, 5, 61.97, 41162, 2810, 0, 0
744, 0, 152, 614, 607, 268, 13.00%, 0, 7, 5, 61.24, 41441, 2810, 0, 0
749, 0, 152, 614, 607, 268, 13.00%, 0, 7, 5, 72.24, 41849, 2810, 0, 0
754, 0, 152, 614, 607, 268, 13.00%, 0, 7, 5, 62.05, 42162, 2810, 0, 0
760, 0, 22, 615, 607, 273, 13.00%, 0, 7, 5, 70.39, 42456, 2810, 0, 0
765, 0, 22, 615, 607, 273, 13.00%, 0, 7, 5, 61.61, 42757, 2810, 0, 0
770, 0, 570, 622, 613, 272, 13.05%, 0, 7, 5, 67.17, 43106, 2819, 0, 0
775, 0, 570, 626, 617, 272, 13.07%, 0, 7, 5, 68.08, 43444, 2825, 0, 0
780, 0, 570, 632, 623, 272, 13.15%, 0, 7, 5, 72.31, 43822, 2841, 0, 0
785, 0, 570, 635, 626, 272, 13.17%, 0, 7, 5, 69.66, 44160, 2845, 0, 0
790, 0, 570, 640, 631, 272, 13.19%, 0, 7, 5, 64.58, 44462, 2850, 0, 0
795, 0, 570, 644, 635, 272, 13.20%, 0, 7, 5, 71.98, 44773, 2853, 0, 0
801, 0, 570, 648, 639, 272, 13.24%, 0, 7, 5, 70.41, 45125, 2862, 0, 0
806, 0, 570, 648, 639, 272, 13.24%, 0, 7, 5, 76.86, 45477, 2862, 0, 0
811, 0, 23, 653, 643, 292, 13.27%, 0, 7, 5, 66.37, 45820, 2868, 0, 0
816, 0, 23, 653, 643, 292, 13.27%, 0, 7, 5, 64.34, 46143, 2868, 0, 0
822, 0, 23, 655, 645, 292, 13.28%, 0, 7, 5, 64.73, 46468, 2869, 0, 0
827, 0, 23, 656, 646, 292, 13.28%, 0, 7, 5, 72.71, 46830, 2870, 0, 0
832, 0, 23, 658, 648, 292, 13.29%, 0, 7, 5, 67.75, 47170, 2872, 0, 0
837, 0, 23, 658, 648, 292, 13.29%, 0, 7, 5, 72.00, 47522, 2872, 0, 0
842, 0, 23, 660, 650, 292, 13.30%, 0, 7, 5, 70.62, 47867, 2874, 0, 0
847, 0, 23, 662, 652, 292, 13.30%, 0, 7, 5, 70.81, 48197, 2874, 0, 0
852, 0, 24, 669, 658, 295, 13.32%, 0, 7, 5, 76.38, 48510, 2879, 0, 0
857, 0, 24, 670, 659, 295, 13.33%, 0, 7, 5, 70.31, 48837, 2880, 0, 0
862, 0, 24, 674, 663, 295, 13.34%, 0, 7, 5, 68.85, 49170, 2883, 0, 0
867, 0, 24, 676, 665, 295, 13.35%, 0, 7, 5, 80.83, 49531, 2884, 0, 0
873, 0, 24, 677, 666, 295, 13.35%, 0, 8, 5, 10.44, 49819, 2884, 0, 0
878, 0, 24, 677, 666, 295, 13.35%, 0, 8, 5, 74.74, 50162, 2884, 0, 0
883, 0, 24, 679, 668, 295, 13.36%, 0, 8, 5, 71.78, 50528, 2886, 0, 0
888, 0, 24, 680, 669, 295, 13.36%, 0, 8, 5, 69.52, 50858, 2886, 0, 0
893, 0, 25, 681, 669, 301, 13.36%, 0, 8, 5, 64.69, 51169, 2886, 0, 0
899, 0, 25, 682, 670, 301, 13.36%, 0, 8, 5, 65.87, 51503, 2886, 0, 0
904, 0, 25, 684, 672, 301, 13.41%, 0, 8, 5, 72.89, 51877, 2897, 0, 0
909, 0, 25, 684, 672, 301, 13.41%, 0, 8, 5, 71.14, 52216, 2897, 0, 0
914, 0, 25, 686, 674, 301, 13.41%, 0, 8, 5, 70.11, 52580, 2898, 0, 0
919, 0, 25, 687, 675, 301, 13.42%, 0, 8, 5, 71.53, 52925, 2899, 0, 0
924, 0, 25, 687, 675, 301, 13.42%, 0, 8, 5, 78.43, 53214, 2899, 0, 0
929, 0, 25, 688, 676, 301, 13.42%, 0, 8, 5, 76.26, 53595, 2899, 0, 0
934, 0, 30, 703, 690, 303, 13.59%, 0, 8, 5, 72.47, 53945, 2937, 0, 0
939, 0, 30, 707, 694, 303, 13.64%, 0, 8, 5, 79.97, 54303, 2947, 0, 0
944, 0, 30, 707, 694, 303, 13.64%, 0, 8, 5, 73.16, 54633, 2947, 0, 0
950, 0, 30, 707, 694, 303, 13.64%, 0, 8, 5, 68.72, 54967, 2947, 0, 0
955, 0, 30, 708, 695, 303, 13.64%, 0, 8, 5, 67.92, 55310, 2947, 0, 0
960, 0, 30, 709, 696, 303, 13.64%, 0, 8, 5, 39.40, 55597, 2948, 0, 0
965, 0, 30, 711, 698, 303, 13.65%, 0, 8, 5, 64.88, 55963, 2950, 0, 0
970, 0, 30, 715, 702, 303, 13.66%, 0, 8, 5, 76.38, 56288, 2951, 0, 0
975, 0, 30, 717, 704, 303, 13.72%, 0, 8, 5, 65.11, 56579, 2965, 0, 0
980, 0, 30, 718, 705, 303, 13.72%, 0, 8, 5, 62.80, 56887, 2965, 0, 0
985, 0, 30, 723, 710, 303, 13.72%, 0, 8, 5, 65.97, 57230, 2965, 0, 0
990, 0, 30, 724, 711, 303, 13.72%, 0, 8, 5, 61.95, 57507, 2965, 0, 0
995, 0, 30, 725, 712, 303, 13.72%, 0, 8, 5, 71.07, 57870, 2965, 0, 0
1000, 0, 30, 725, 712, 303, 13.72%, 0, 8, 5, 75.18, 58262, 2965, 0, 0
1005, 0, 30, 729, 716, 303, 13.73%, 0, 8, 5, 70.41, 58630, 2967, 0, 0
1011, 0, 30, 730, 717, 303, 13.73%, 0, 8, 5, 74.01, 58999, 2967, 0, 0
1016, 0, 30, 733, 720, 303, 13.73%, 0, 8, 5, 61.37, 59295, 2967, 0, 0
1021, 0, 30, 738, 725, 303, 13.74%, 0, 8, 5, 63.82, 59621, 2969, 0, 0
1026, 0, 30, 740, 727, 303, 13.74%, 0, 8, 5, 61.53, 59898, 2969, 0, 0
1031, 0, 30, 740, 727, 303, 13.74%, 0, 8, 5, 62.02, 60193, 2969, 0, 0
1036, 0, 30, 740, 727, 303, 13.74%, 0, 8, 5, 65.29, 60523, 2969, 0, 0
1042, 0, 30, 745, 732, 303, 13.80%, 0, 8, 5, 74.62, 60749, 2981, 0, 0
1047, 0, 30, 746, 733, 303, 13.80%, 0, 8, 5, 66.87, 61064, 2981, 0, 0
1052, 0, 30, 746, 733, 303, 13.80%, 0, 8, 5, 64.07, 61391, 2981, 0, 0
1057, 0, 30, 747, 734, 303, 13.80%, 0, 8, 5, 62.80, 61727, 2981, 0, 0
1062, 0, 30, 747, 734, 303, 13.80%, 0, 8, 5, 64.89, 62075, 2981, 0, 0
1068, 0, 30, 750, 737, 303, 13.80%, 0, 8, 5, 69.51, 62443, 2983, 0, 0
1073, 0, 30, 751, 738, 303, 13.81%, 0, 8, 5, 62.09, 62754, 2984, 0, 0
1078, 0, 30, 752, 739, 303, 13.84%, 0, 8, 5, 63.77, 63079, 2991, 0, 0
1083, 0, 30, 753, 740, 303, 13.84%, 0, 8, 5, 14.31, 63379, 2991, 0, 0
1088, 0, 30, 753, 740, 303, 13.84%, 0, 8, 5, 71.66, 63713, 2991, 0, 0
1093, 0, 30, 754, 741, 303, 13.87%, 0, 8, 5, 70.66, 64067, 2998, 0, 0
1098, 0, 30, 754, 741, 303, 13.87%, 0, 8, 5, 62.35, 64375, 2998, 0, 0
1103, 0, 30, 756, 743, 303, 13.87%, 0, 8, 5, 64.37, 64714, 2998, 0, 0
1109, 0, 31, 758, 744, 333, 13.87%, 0, 8, 5, 60.06, 65034, 2998, 0, 0
1114, 0, 31, 758, 744, 333, 13.87%, 0, 8, 5, 58.82, 65342, 2998, 0, 0
1119, 0, 31, 759, 745, 333, 13.88%, 0, 8, 5, 62.18, 65664, 2999, 0, 0
1124, 0, 31, 761, 747, 333, 13.88%, 0, 8, 5, 65.65, 65982, 2999, 0, 0
1129, 0, 31, 763, 749, 333, 13.88%, 0, 8, 5, 69.36, 66335, 3000, 0, 0
1134, 0, 31, 766, 752, 333, 13.90%, 0, 8, 5, 61.58, 66614, 3003, 0, 0
1139, 0, 31, 768, 754, 333, 13.90%, 0, 8, 5, 64.39, 66944, 3003, 0, 0
1144, 0, 31, 770, 756, 333, 13.91%, 0, 8, 5, 64.62, 67282, 3005, 0, 0
1149, 0, 32, 770, 755, 336, 13.91%, 0, 8, 5, 64.90, 67590, 3005, 0, 0
1154, 0, 32, 770, 755, 336, 13.91%, 0, 8, 5, 70.73, 67967, 3005, 0, 0
1160, 0, 421, 772, 756, 335, 13.91%, 0, 8, 5, 74.81, 68361, 3005, 0, 0
1165, 0, 421, 773, 757, 335, 13.92%, 0, 8, 5, 85.16, 68801, 3008, 0, 0
1170, 0, 421, 775, 759, 335, 13.92%, 0, 8, 5, 86.48, 69230, 3008, 0, 0
1175, 0, 421, 776, 760, 335, 13.92%, 0, 8, 5, 79.23, 69623, 3008, 0, 0
1180, 0, 421, 777, 761, 335, 13.92%, 0, 8, 5, 81.11, 70030, 3008, 0, 0
1185, 0, 421, 777, 761, 335, 13.92%, 0, 8, 5, 84.88, 70457, 3008, 0, 0
1190, 0, 421, 777, 761, 335, 13.92%, 0, 8, 5, 73.96, 70814, 3008, 0, 0
1195, 0, 33, 777, 760, 335, 13.92%, 0, 8, 5, 73.89, 71206, 3008, 0, 0
1201, 0, 33, 777, 760, 335, 13.92%, 0, 8, 5, 67.29, 71528, 3008, 0, 0
1206, 0, 33, 777, 759, 334, 13.92%, 0, 8, 5, 63.62, 71866, 3008, 0, 0
1211, 0, 33, 787, 769, 334, 13.93%, 0, 8, 5, 38.77, 71992, 3010, 0, 0
1216, 0, 33, 800, 782, 334, 14.02%, 0, 8, 5, 55.66, 72247, 3029, 0, 0
1222, 0, 33, 816, 798, 334, 14.08%, 0, 8, 5, 51.10, 72511, 3043, 0, 0
1227, 0, 33, 839, 821, 334, 14.23%, 0, 8, 5, 46.15, 72742, 3074, 0, 0
1232, 0, 33, 854, 836, 334, 14.24%, 0, 8, 5, 34.06, 72872, 3077, 0, 0
1237, 0, 33, 870, 852, 334, 14.26%, 0, 8, 5, 30.10, 73008, 3082, 0, 0
1243, 0, 33, 888, 870, 334, 14.33%, 0, 8, 5, 28.65, 73156, 3097, 0, 0
1248, 0, 33, 902, 884, 334, 14.39%, 0, 8, 5, 29.65, 73282, 3110, 0, 0
1253, 0, 33, 941, 923, 334, 14.61%, 0, 8, 5, 60.57, 73622, 3157, 0, 0
1258, 0, 33, 963, 945, 334, 15.00%, 0, 8, 5, 41.03, 73804, 3242, 0, 0
1263, 0, 33, 981, 963, 334, 15.16%, 0, 8, 5, 32.82, 73949, 3277, 0, 0
1269, 0, 33, 997, 979, 334, 15.22%, 0, 8, 5, 28.56, 74084, 3289, 0, 0
1274, 0, 35, 1002, 984, 397, 15.31%, 0, 8, 5, 294.40, 74990, 3308, 0, 0
1279, 0, 662, 1003, 984, 396, 15.31%, 0, 8, 5, 35.93, 75434, 3309, 0, 0
1284, 0, 662, 1008, 989, 396, 15.32%, 0, 8, 5, 58.75, 75788, 3310, 0, 0
1290, 0, 662, 1008, 989, 396, 15.32%, 0, 8, 5, 64.79, 76125, 3310, 0, 0
1295, 0, 662, 1008, 989, 396, 15.32%, 0, 8, 5, 66.86, 76468, 3310, 0, 0
1300, 0, 662, 1008, 989, 396, 15.32%, 0, 8, 5, 71.21, 76843, 3310, 0, 0
1305, 0, 662, 1009, 990, 396, 15.32%, 0, 8, 5, 72.77, 77217, 3311, 0, 0
1310, 0, 662, 1010, 991, 396, 15.32%, 0, 8, 5, 65.17, 77542, 3311, 0, 0
1315, 0, 662, 1012, 993, 396, 15.32%, 0, 8, 5, 69.07, 77869, 3311, 0, 0
1320, 0, 36, 1012, 992, 398, 15.32%, 0, 8, 5, 64.44, 78227, 3311, 0, 0
1325, 0, 36, 1012, 992, 398, 15.32%, 0, 8, 5, 65.10, 78562, 3311, 0, 0
1330, 0, 689, 1015, 994, 397, 15.34%, 0, 8, 5, 64.61, 78872, 3314, 0, 0
1335, 0, 689, 1016, 995, 397, 15.34%, 0, 8, 5, 66.19, 79213, 3314, 0, 0
1341, 0, 689, 1017, 996, 397, 15.34%, 0, 8, 5, 64.14, 79526, 3314, 0, 0
1346, 0, 689, 1018, 997, 397, 15.34%, 0, 8, 5, 63.25, 79812, 3314, 0, 0
1351, 0, 689, 1018, 997, 397, 15.34%, 0, 8, 5, 72.84, 80126, 3314, 0, 0
1356, 0, 689, 1020, 999, 397, 15.34%, 0, 8, 5, 62.19, 80428, 3315, 0, 0
1361, 0, 689, 1021, 1000, 397, 15.34%, 0, 8, 5, 63.19, 80742, 3315, 0, 0
1366, 0, 689, 1024, 1003, 397, 15.34%, 0, 8, 5, 65.62, 81067, 3315, 0, 0
1371, 0, 689, 1025, 1004, 397, 15.34%, 0, 8, 5, 67.89, 81384, 3315, 0, 0
1377, 0, 37, 1025, 1003, 399, 15.34%, 0, 8, 5, 85.54, 82281, 3315, 0, 0
1382, 0, 355, 1026, 1003, 398, 15.35%, 0, 8, 5, 61.51, 82655, 3317, 0, 0
1387, 0, 355, 1027, 1004, 398, 15.35%, 0, 8, 5, 56.69, 82921, 3317, 0, 0
1392, 0, 355, 1029, 1006, 398, 15.35%, 0, 8, 5, 64.85, 83277, 3318, 0, 0
1397, 0, 355, 1029, 1006, 398, 15.35%, 0, 8, 5, 58.12, 83566, 3318, 0, 0
1402, 0, 355, 1030, 1007, 398, 15.35%, 0, 8, 5, 66.85, 83910, 3318, 0, 0
1408, 0, 355, 1030, 1007, 398, 15.35%, 0, 8, 5, 77.01, 84217, 3318, 0, 0
1413, 0, 355, 1032, 1009, 398, 15.35%, 0, 8, 5, 69.40, 84574, 3318, 0, 0
1418, 0, 355, 1033, 1010, 398, 15.35%, 0, 8, 5, 68.00, 84881, 3318, 0, 0
1424, 0, 41, 1034, 1010, 399, 15.35%, 0, 8, 5, 353.87, 85706, 3318, 0, 0
1429, 0, 981, 1034, 1009, 398, 15.35%, 0, 8, 5, 229.22, 86336, 3318, 0, 0
1434, 0, 981, 1034, 1009, 398, 15.35%, 0, 8, 5, 24.51, 86469, 3318, 0, 0
1439, 0, 981, 1036, 1011, 398, 15.37%, 0, 8, 5, 25.60, 86611, 3321, 0, 0
1444, 0, 981, 1037, 1012, 398, 15.37%, 0, 8, 5, 28.73, 86761, 3321, 0, 0
1449, 0, 981, 1037, 1012, 398, 15.37%, 0, 8, 5, 29.31, 86911, 3321, 0, 0
1455, 0, 981, 1037, 1012, 398, 15.37%, 0, 8, 5, 29.42, 87061, 3321, 0, 0
1460, 0, 981, 1037, 1012, 398, 15.37%, 0, 8, 5, 27.17, 87200, 3321, 0, 0
1465, 0, 981, 1044, 1019, 398, 15.43%, 0, 8, 5, 27.86, 87337, 3335, 0, 0
1470, 0, 981, 1056, 1031, 398, 15.52%, 0, 8, 5, 29.41, 87493, 3354, 0, 0
1475, 0, 981, 1062, 1037, 398, 15.59%, 0, 8, 5, 24.88, 87844, 3368, 0, 0
1480, 0, 981, 1063, 1038, 398, 15.60%, 0, 9, 5, 57.82, 88137, 3370, 0, 0
1485, 0, 981, 1065, 1040, 398, 15.60%, 0, 9, 5, 64.79, 88602, 3370, 0, 0
1490, 0, 981, 1065, 1040, 398, 15.60%, 0, 9, 5, 41.10, 88808, 3370, 0, 0
1495, 0, 981, 1066, 1041, 398, 15.60%, 0, 9, 5, 41.74, 89001, 3370, 0, 0
1500, 0, 981, 1067, 1042, 398, 15.60%, 0, 9, 5, 65.79, 89150, 3370, 0, 0
1505, 0, 981, 1068, 1043, 398, 15.60%, 0, 9, 5, 86.49, 89407, 3370, 0, 0
1510, 0, 981, 1068, 1043, 398, 15.60%, 0, 9, 5, 29.40, 89628, 3370, 0, 0
1515, 0, 981, 1068, 1043, 398, 15.60%, 0, 9, 5, 43.22, 89873, 3370, 0, 0
1521, 0, 981, 1069, 1044, 398, 15.60%, 0, 9, 5, 42.95, 90033, 3370, 0, 0
1526, 0, 981, 1069, 1044, 398, 15.60%, 0, 9, 5, 49.16, 90271, 3370, 0, 0
1531, 0, 981, 1070, 1045, 398, 15.60%, 0, 9, 5, 52.54, 90511, 3370, 0, 0
1536, 0, 981, 1072, 1047, 398, 15.62%, 0, 9, 5, 56.17, 90685, 3376, 0, 0
1541, 0, 981, 1073, 1048, 398, 15.62%, 0, 9, 5, 50.56, 90913, 3376, 0, 0
1546, 0, 981, 1074, 1049, 398, 15.62%, 0, 9, 5, 46.94, 91141, 3376, 0, 0
1551, 0, 981, 1074, 1049, 398, 15.62%, 0, 9, 5, 46.72, 91341, 3376, 0, 0
1556, 0, 981, 1074, 1049, 398, 15.62%, 0, 9, 5, 49.28, 91550, 3376, 0, 0
1561, 0, 981, 1074, 1049, 398, 15.62%, 0, 9, 5, 47.90, 91787, 3376, 0, 0
1567, 0, 981, 1075, 1050, 398, 15.63%, 0, 9, 5, 51.38, 92043, 3377, 0, 0
1572, 0, 981, 1075, 1050, 398, 15.63%, 0, 9, 5, 48.08, 92292, 3377, 0, 0
1577, 0, 981, 1075, 1050, 398, 15.63%, 0, 9, 5, 49.08, 92542, 3377, 0, 0
1582, 0, 981, 1076, 1051, 398, 15.66%, 0, 9, 5, 47.93, 92787, 3383, 0, 0
1588, 0, 981, 1079, 1054, 398, 15.66%, 0, 9, 5, 49.85, 93038, 3383, 0, 0
1593, 0, 981, 1080, 1055, 398, 15.66%, 0, 9, 5, 46.41, 93243, 3383, 0, 0
1598, 0, 981, 1081, 1056, 398, 15.66%, 0, 10, 5, 47.14, 93458, 3383, 0, 0
1603, 0, 981, 1083, 1058, 398, 15.66%, 0, 10, 5, 48.34, 93730, 3383, 0, 0
1608, 0, 981, 1086, 1061, 398, 15.66%, 0, 10, 5, 49.39, 93970, 3383, 0, 0
1614, 0, 981, 1086, 1061, 398, 15.66%, 0, 10, 5, 103.58, 94196, 3383, 0, 0
1619, 0, 981, 1087, 1062, 398, 15.66%, 0, 10, 5, 61.43, 94432, 3383, 0, 0
1624, 0, 981, 1088, 1063, 398, 15.66%, 0, 10, 5, 52.36, 94692, 3383, 0, 0
1629, 0, 981, 1088, 1063, 398, 15.66%, 0, 10, 5, 48.52, 94928, 3383, 0, 0
1634, 0, 981, 1088, 1063, 398, 15.66%, 0, 10, 5, 44.10, 95150, 3383, 0, 0
1639, 0, 981, 1089, 1064, 398, 15.66%, 0, 10, 5, 48.30, 95385, 3383, 0, 0
1644, 0, 981, 1089, 1064, 398, 15.66%, 0, 10, 5, 47.98, 95624, 3383, 0, 0
1649, 0, 981, 1089, 1064, 398, 15.66%, 0, 10, 5, 51.49, 95879, 3383, 0, 0
1655, 0, 981, 1090, 1065, 398, 15.66%, 0, 10, 5, 41.87, 96097, 3383, 0, 0
1660, 0, 981, 1091, 1066, 398, 15.66%, 0, 10, 5, 41.67, 96298, 3383, 0, 0
1665, 0, 981, 1092, 1067, 398, 15.72%, 0, 10, 5, 52.33, 96552, 3398, 0, 0
1670, 0, 981, 1092, 1067, 398, 15.72%, 0, 11, 5, 47.44, 96749, 3398, 0, 0
1675, 0, 981, 1092, 1067, 398, 15.72%, 0, 11, 5, 45.47, 96971, 3398, 0, 0
1680, 0, 981, 1093, 1068, 398, 15.72%, 0, 11, 5, 50.91, 97248, 3398, 0, 0
1685, 0, 981, 1094, 1069, 398, 15.72%, 0, 11, 5, 43.99, 97455, 3398, 0, 0
1690, 0, 981, 1094, 1069, 398, 15.72%, 0, 11, 5, 50.21, 97696, 3398, 0, 0
1696, 0, 981, 1095, 1070, 398, 15.72%, 0, 11, 5, 53.23, 97952, 3398, 0, 0
1701, 0, 981, 1095, 1070, 398, 15.72%, 0, 11, 5, 50.66, 98204, 3398, 0, 0
1706, 0, 981, 1097, 1072, 398, 15.73%, 0, 11, 5, 49.94, 98437, 3399, 0, 0
1711, 0, 981, 1099, 1074, 398, 15.73%, 0, 11, 5, 52.65, 98695, 3399, 0, 0
1716, 0, 981, 1100, 1075, 398, 15.73%, 0, 11, 5, 46.17, 98918, 3399, 0, 0
1722, 0, 44, 1100, 1074, 425, 15.73%, 0, 11, 5, 406.06, 99750, 3399, 0, 0
1727, 0, 523, 1101, 1074, 424, 15.73%, 0, 11, 5, 50.28, 100412, 3399, 0, 0
1732, 0, 523, 1104, 1077, 424, 15.73%, 0, 11, 5, 58.51, 100662, 3400, 0, 0
1737, 0, 523, 1105, 1078, 424, 15.73%, 0, 11, 5, 56.69, 100956, 3400, 0, 0
1742, 0, 523, 1106, 1079, 424, 15.73%, 0, 11, 5, 66.94, 101308, 3400, 0, 0
1748, 0, 523, 1107, 1080, 424, 15.73%, 0, 11, 5, 64.33, 101618, 3400, 0, 0
1753, 0, 523, 1109, 1082, 424, 15.73%, 0, 11, 5, 64.88, 101906, 3400, 0, 0
1758, 0, 523, 1111, 1084, 424, 15.73%, 0, 11, 5, 74.62, 102220, 3400, 0, 0
1763, 0, 523, 1112, 1085, 424, 15.73%, 0, 11, 5, 66.69, 102541, 3400, 0, 0
1768, 0, 523, 1112, 1085, 424, 15.73%, 0, 11, 5, 11.20, 102775, 3400, 0, 0
1773, 0, 57, 1113, 1085, 423, 15.73%, 0, 11, 5, 69.35, 103119, 3400, 0, 0
1779, 0, 57, 1115, 1087, 423, 15.73%, 0, 11, 5, 53.47, 103322, 3400, 0, 0
1784, 0, 57, 1115, 1087, 423, 15.73%, 0, 11, 5, 52.06, 103589, 3400, 0, 0
1789, 0, 57, 1115, 1087, 423, 15.73%, 0, 11, 5, 50.92, 103838, 3400, 0, 0
1794, 0, 57, 1116, 1088, 423, 15.73%, 0, 11, 5, 53.39, 104089, 3400, 0, 0
1799, 0, 57, 1116, 1088, 423, 15.73%, 0, 11, 5, 44.55, 104332, 3400, 0, 0
1804, 0, 57, 1117, 1089, 423, 15.73%, 0, 11, 5, 53.78, 104595, 3400, 0, 0
1809, 0, 57, 1117, 1089, 423, 15.73%, 0, 11, 5, 54.90, 104870, 3400, 0, 0
1815, 0, 57, 1117, 1089, 423, 15.73%, 0, 11, 5, 51.85, 105125, 3400, 0, 0
1820, 0, 57, 1117, 1089, 423, 15.73%, 0, 11, 5, 46.79, 105350, 3400, 0, 0
1825, 0, 57, 1117, 1089, 423, 15.73%, 0, 11, 5, 47.37, 105593, 3400, 0, 0
1830, 0, 235, 1120, 1091, 422, 15.73%, 0, 11, 5, 40.96, 105775, 3400, 0, 0
1835, 0, 235, 1121, 1092, 422, 15.73%, 0, 11, 5, 61.17, 106115, 3400, 0, 0
1840, 0, 235, 1122, 1093, 422, 15.73%, 0, 11, 5, 68.49, 106453, 3400, 0, 0
1845, 0, 235, 1122, 1093, 422, 15.73%, 0, 11, 5, 69.83, 106814, 3400, 0, 0
1850, 0, 235, 1122, 1093, 422, 15.73%, 0, 11, 5, 75.06, 107134, 3400, 0, 0
1855, 0, 235, 1122, 1093, 422, 15.73%, 0, 11, 5, 69.76, 107479, 3400, 0, 0
1860, 0, 235, 1122, 1093, 422, 15.73%, 0, 11, 5, 68.01, 107815, 3400, 0, 0
1866, 0, 235, 1122, 1093, 422, 15.73%, 0, 11, 5, 70.74, 108181, 3400, 0, 0
1871, 0, 1084, 1124, 1094, 421, 15.73%, 0, 11, 5, 66.68, 108513, 3400, 0, 0
1876, 0, 1084, 1126, 1096, 421, 15.73%, 0, 11, 5, 39.68, 108652, 3400, 0, 0
1881, 0, 1084, 1128, 1098, 421, 15.73%, 0, 11, 5, 29.94, 108789, 3400, 0, 0
1886, 0, 1084, 1128, 1098, 421, 15.73%, 0, 11, 5, 29.63, 108942, 3400, 0, 0
1891, 0, 1084, 1128, 1098, 421, 15.73%, 0, 11, 5, 29.62, 109092, 3400, 0, 0
1896, 0, 1084, 1128, 1098, 421, 15.73%, 0, 11, 5, 29.47, 109243, 3400, 0, 0
1901, 0, 1084, 1128, 1098, 421, 15.73%, 0, 11, 5, 29.20, 109393, 3400, 0, 0
1906, 0, 1084, 1130, 1100, 421, 15.73%, 0, 11, 5, 30.52, 109551, 3400, 0, 0
1912, 0, 1084, 1131, 1101, 421, 15.73%, 0, 11, 5, 56.76, 109875, 3400, 0, 0
1917, 0, 1084, 1131, 1101, 421, 15.73%, 0, 11, 5, 51.07, 110117, 3400, 0, 0
1922, 0, 1084, 1131, 1101, 421, 15.73%, 0, 11, 5, 65.05, 110460, 3400, 0, 0
1927, 0, 1084, 1131, 1101, 421, 15.73%, 0, 11, 5, 70.28, 110816, 3400, 0, 0
1933, 0, 1084, 1133, 1103, 421, 15.73%, 0, 11, 5, 65.12, 111090, 3400, 0, 0
1938, 0, 1084, 1133, 1103, 421, 15.73%, 0, 11, 5, 61.10, 111383, 3400, 0, 0
1943, 0, 1084, 1134, 1104, 421, 15.73%, 0, 11, 5, 86.21, 111642, 3400, 0, 0
1948, 0, 1084, 1134, 1104, 421, 15.73%, 0, 11, 5, 63.59, 111922, 3400, 0, 0
1954, 0, 64, 1134, 1103, 420, 15.73%, 0, 11, 5, 65.46, 112253, 3400, 0, 0
1959, 0, 64, 1136, 1105, 420, 15.73%, 0, 11, 5, 46.62, 112445, 3400, 0, 0
1964, 0, 64, 1136, 1105, 420, 15.73%, 0, 11, 5, 19.90, 112634, 3400, 0, 0
1969, 0, 64, 1136, 1105, 420, 15.73%, 0, 11, 5, 40.21, 112857, 3400, 0, 0
1974, 0, 64, 1137, 1106, 420, 15.73%, 0, 11, 5, 40.44, 113060, 3400, 0, 0
1979, 0, 64, 1137, 1106, 420, 15.73%, 0, 11, 5, 40.70, 113261, 3400, 0, 0
1984, 0, 64, 1137, 1106, 420, 15.73%, 0, 11, 5, 43.55, 113479, 3400, 0, 0
1989, 0, 64, 1137, 1106, 420, 15.73%, 0, 11, 5, 43.26, 113697, 3400, 0, 0
1994, 0, 64, 1138, 1107, 420, 15.73%, 0, 11, 5, 38.71, 113887, 3400, 0, 0
2000, 0, 64, 1138, 1107, 420, 15.73%, 0, 11, 5, 43.21, 114100, 3400, 0, 0
2005, 0, 64, 1140, 1109, 420, 15.73%, 0, 11, 5, 43.62, 114323, 3400, 0, 0
2010, 0, 64, 1140, 1109, 420, 15.73%, 0, 11, 5, 38.64, 114522, 3400, 0, 0
2015, 0, 64, 1141, 1110, 420, 15.73%, 0, 11, 5, 35.54, 114698, 3400, 0, 0
2021, 0, 70, 1141, 1109, 419, 15.73%, 0, 11, 5, 42.41, 115010, 3400, 0, 0
2027, 0, 70, 1142, 1110, 419, 15.73%, 0, 11, 5, 59.65, 115306, 3400, 0, 0
2032, 0, 70, 1142, 1110, 419, 15.73%, 0, 11, 5, 61.50, 115608, 3400, 0, 0
2037, 0, 70, 1142, 1110, 419, 15.73%, 0, 11, 5, 60.61, 115918, 3400, 0, 0
2042, 0, 70, 1142, 1110, 419, 15.73%, 0, 11, 5, 67.64, 116256, 3400, 0, 0
2047, 0, 234, 1145, 1112, 418, 15.73%, 0, 11, 5, 65.94, 116551, 3400, 0, 0
2052, 0, 234, 1145, 1112, 418, 15.73%, 0, 11, 5, 68.07, 116915, 3400, 0, 0
2057, 0, 234, 1146, 1113, 418, 15.73%, 0, 11, 5, 63.83, 117243, 3400, 0, 0
2062, 0, 234, 1147, 1114, 418, 15.73%, 0, 11, 5, 67.37, 117564, 3400, 0, 0
2067, 0, 234, 1148, 1115, 418, 15.73%, 0, 11, 5, 68.71, 117909, 3400, 0, 0
2072, 0, 234, 1148, 1115, 418, 15.73%, 0, 11, 5, 61.79, 118219, 3400, 0, 0
2077, 0, 234, 1148, 1115, 418, 15.73%, 0, 11, 5, 67.43, 118556, 3400, 0, 0
2082, 0, 234, 1148, 1115, 418, 15.73%, 0, 11, 5, 71.29, 118912, 3400, 0, 0
2088, 0, 69, 1149, 1115, 417, 15.73%, 0, 11, 5, 49.21, 119139, 3400, 0, 0
2093, 0, 69, 1149, 1115, 417, 15.73%, 0, 11, 5, 46.10, 119370, 3400, 0, 0
2098, 0, 69, 1149, 1115, 417, 15.73%, 0, 11, 5, 44.87, 119584, 3400, 0, 0
2103, 0, 805, 1151, 1116, 416, 15.73%, 0, 11, 5, 47.47, 119841, 3400, 0, 0
2108, 0, 805, 1151, 1116, 416, 15.73%, 0, 11, 5, 58.48, 120161, 3400, 0, 0
2113, 0, 805, 1154, 1119, 416, 15.74%, 0, 11, 5, 69.41, 120524, 3402, 0, 0
2119, 0, 805, 1154, 1119, 416, 15.74%, 0, 11, 5, 3.68, 120826, 3402, 0, 0
2124, 0, 805, 1155, 1120, 416, 15.74%, 0, 11, 5, 57.66, 121142, 3402, 0, 0
2129, 0, 805, 1159, 1124, 416, 15.74%, 0, 11, 5, 62.78, 121464, 3402, 0, 0
2136, 0, 75, 1159, 1123, 416, 15.74%, 0, 11, 5, 67.18, 121917, 3402, 0, 0
2141, 0, 75, 1159, 1123, 416, 15.74%, 0, 11, 5, 63.53, 122159, 3402, 0, 0
2146, 0, 75, 1159, 1123, 416, 15.74%, 0, 11, 5, 59.93, 122454, 3402, 0, 0
2151, 0, 75, 1162, 1126, 416, 15.77%, 0, 11, 5, 55.53, 122702, 3407, 0, 0
2156, 0, 75, 1163, 1127, 416, 15.77%, 0, 11, 5, 50.29, 122905, 3407, 0, 0
2162, 0, 75, 1164, 1128, 416, 15.77%, 0, 11, 5, 50.48, 123150, 3407, 0, 0
2167, 0, 75, 1164, 1128, 416, 15.77%, 0, 11, 5, 55.91, 123444, 3407, 0, 0
2172, 0, 75, 1165, 1129, 416, 15.77%, 0, 11, 5, 49.63, 123703, 3407, 0, 0
2177, 0, 75, 1165, 1129, 416, 15.77%, 0, 11, 5, 48.45, 123951, 3407, 0, 0
2182, 0, 75, 1166, 1130, 416, 15.77%, 0, 11, 5, 37.62, 124120, 3407, 0, 0
2187, 0, 75, 1167, 1131, 416, 15.77%, 0, 11, 5, 43.09, 124342, 3407, 0, 0
2193, 0, 76, 1167, 1130, 416, 15.77%, 0, 11, 5, 51.72, 124674, 3407, 0, 0
2198, 0, 76, 1168, 1131, 416, 15.77%, 0, 11, 5, 43.70, 124870, 3407, 0, 0
2203, 0, 76, 1168, 1131, 416, 15.77%, 0, 11, 5, 38.07, 125061, 3407, 0, 0
2208, 0, 76, 1168, 1131, 416, 15.77%, 0, 11, 5, 40.72, 125278, 3407, 0, 0
2214, 0, 487, 1168, 1130, 415, 15.77%, 0, 11, 5, 42.91, 125569, 3407, 0, 0
2219, 0, 487, 1168, 1130, 415, 15.77%, 0, 11, 5, 58.07, 125896, 3407, 0, 0
2224, 0, 487, 1168, 1130, 415, 15.77%, 0, 11, 5, 58.43, 126165, 3407, 0, 0
2229, 0, 487, 1169, 1131, 415, 15.77%, 0, 11, 5, 51.61, 126408, 3407, 0, 0
2234, 0, 487, 1169, 1131, 415, 15.77%, 0, 11, 5, 53.95, 126671, 3407, 0, 0
2239, 0, 487, 1170, 1132, 415, 15.77%, 0, 11, 5, 50.36, 126904, 3407, 0, 0
2244, 0, 487, 1170, 1132, 415, 15.77%, 0, 11, 5, 48.86, 127139, 3407, 0, 0
2249, 0, 487, 1170, 1132, 415, 15.77%, 0, 11, 5, 57.63, 127437, 3407, 0, 0
2254, 0, 487, 1170, 1132, 415, 15.77%, 0, 11, 5, 55.09, 127697, 3407, 0, 0
2259, 0, 487, 1170, 1132, 415, 15.77%, 0, 11, 5, 52.39, 127966, 3407, 0, 0
2265, 0, 487, 1171, 1133, 415, 15.77%, 0, 11, 5, 54.67, 128209, 3407, 0, 0
2271, 0, 110, 1172, 1133, 414, 15.77%, 0, 11, 5, 52.94, 128557, 3407, 0, 0
2276, 0, 110, 1172, 1133, 414, 15.77%, 0, 11, 5, 37.68, 128742, 3407, 0, 0
2281, 0, 110, 1172, 1133, 414, 15.77%, 0, 11, 5, 31.31, 128898, 3407, 0, 0
2287, 0, 110, 1172, 1133, 414, 15.77%, 0, 11, 5, 30.89, 129052, 3407, 0, 0
2292, 0, 110, 1172, 1133, 414, 15.77%, 0, 11, 5, 29.26, 129197, 3407, 0, 0
2297, 0, 110, 1173, 1134, 414, 15.77%, 0, 11, 5, 29.65, 129343, 3407, 0, 0
2302, 0, 110, 1173, 1134, 414, 15.77%, 0, 11, 5, 29.20, 129491, 3407, 0, 0
2307, 0, 110, 1173, 1134, 414, 15.77%, 0, 11, 5, 58.34, 129784, 3407, 0, 0
2312, 0, 110, 1173, 1134, 414, 15.77%, 0, 11, 5, 61.21, 130069, 3407, 0, 0
2317, 0, 110, 1173, 1134, 414, 15.77%, 0, 11, 5, 68.01, 130405, 3407, 0, 0
2322, 0, 110, 1173, 1134, 414, 15.77%, 0, 11, 5, 60.06, 130699, 3407, 0, 0
2327, 0, 110, 1174, 1135, 414, 15.77%, 0, 11, 5, 80.95, 131027, 3407, 0, 0
2332, 0, 110, 1174, 1135, 414, 15.77%, 0, 11, 5, 66.02, 131345, 3407, 0, 0
2338, 0, 110, 1174, 1135, 414, 15.77%, 0, 11, 5, 67.15, 131695, 3407, 0, 0
2343, 0, 110, 1175, 1136, 414, 15.78%, 0, 11, 5, 72.99, 132067, 3409, 0, 0
2348, 0, 86, 1176, 1136, 414, 15.78%, 0, 11, 5, 58.40, 132344, 3409, 0, 0
2353, 0, 86, 1177, 1137, 414, 15.78%, 0, 11, 5, 46.49, 132567, 3409, 0, 0
2358, 0, 86, 1177, 1137, 414, 15.78%, 0, 11, 5, 45.59, 132801, 3409, 0, 0
2363, 0, 86, 1178, 1138, 414, 15.78%, 0, 11, 5, 45.73, 133017, 3409, 0, 0
2368, 0, 86, 1178, 1138, 414, 15.78%, 0, 11, 5, 55.52, 133296, 3409, 0, 0
2373, 0, 86, 1178, 1138, 414, 15.78%, 0, 11, 5, 52.70, 133551, 3409, 0, 0
2379, 0, 86, 1178, 1138, 414, 15.78%, 0, 11, 5, 49.95, 133808, 3409, 0, 0
2384, 0, 86, 1180, 1140, 414, 15.78%, 0, 11, 5, 44.44, 134014, 3409, 0, 0
2389, 0, 86, 1180, 1140, 414, 15.78%, 0, 11, 5, 46.76, 134228, 3409, 0, 0
2394, 0, 86, 1183, 1143, 414, 15.78%, 0, 11, 5, 47.97, 134475, 3409, 0, 0
2399, 0, 86, 1186, 1146, 414, 15.79%, 0, 11, 5, 50.37, 134720, 3411, 0, 0
2405, 0, 100, 1186, 1145, 413, 15.79%, 0, 11, 5, 46.50, 135034, 3411, 0, 0
2410, 0, 100, 1187, 1146, 413, 15.79%, 0, 11, 5, 39.27, 135193, 3411, 0, 0
2415, 0, 100, 1187, 1146, 413, 15.79%, 0, 11, 5, 41.74, 135408, 3411, 0, 0
2421, 0, 100, 1188, 1147, 413, 15.79%, 0, 11, 5, 41.73, 135624, 3411, 0, 0
2426, 0, 100, 1188, 1147, 413, 15.79%, 0, 11, 5, 36.22, 135812, 3411, 0, 0
2431, 0, 100, 1189, 1148, 413, 15.79%, 0, 11, 5, 39.75, 136027, 3411, 0, 0
2436, 0, 100, 1189, 1148, 413, 15.79%, 0, 11, 5, 41.62, 136238, 3411, 0, 0
2441, 0, 100, 1190, 1149, 413, 15.79%, 0, 11, 5, 39.89, 136441, 3411, 0, 0
2447, 0, 100, 1191, 1150, 413, 15.79%, 0, 11, 5, 2.42, 136631, 3411, 0, 0
2452, 0, 100, 1192, 1151, 413, 15.79%, 0, 11, 5, 40.78, 136827, 3411, 0, 0
2457, 0, 100, 1192, 1151, 413, 15.79%, 0, 11, 5, 42.23, 137038, 3411, 0, 0
2462, 0, 100, 1193, 1152, 413, 15.81%, 0, 11, 5, 36.88, 137221, 3416, 0, 0
2468, 0, 100, 1193, 1152, 413, 15.81%, 0, 12, 5, 34.82, 137389, 3416, 0, 0
2473, 0, 100, 1194, 1153, 413, 15.81%, 0, 12, 5, 40.77, 137603, 3416, 0, 0
2478, 0, 108, 1194, 1152, 413, 15.81%, 0, 12, 5, 41.14, 137877, 3416, 0, 0
2483, 0, 108, 1194, 1152, 413, 15.81%, 0, 12, 5, 30.93, 138022, 3416, 0, 0
2488, 0, 108, 1194, 1152, 413, 15.81%, 0, 12, 5, 27.92, 138158, 3416, 0, 0
2493, 0, 108, 1194, 1152, 413, 15.81%, 0, 12, 5, 29.16, 138308, 3416, 0, 0
2498, 0, 108, 1194, 1152, 413, 15.81%, 0, 12, 5, 29.52, 138459, 3416, 0, 0
2504, 0, 108, 1194, 1152, 413, 15.81%, 0, 12, 5, 29.62, 138613, 3416, 0, 0
2509, 0, 108, 1195, 1153, 413, 15.81%, 0, 12, 5, 56.70, 138889, 3416, 0, 0
2514, 0, 108, 1195, 1153, 413, 15.81%, 0, 12, 5, 61.41, 139205, 3416, 0, 0
2519, 0, 108, 1195, 1153, 413, 15.81%, 0, 12, 5, 66.98, 139537, 3416, 0, 0
2524, 0, 108, 1195, 1153, 413, 15.81%, 0, 12, 5, 75.67, 139891, 3416, 0, 0
2529, 0, 108, 1195, 1153, 413, 15.81%, 0, 12, 5, 69.54, 140229, 3416, 0, 0
2534, 0, 108, 1195, 1153, 413, 15.81%, 0, 12, 5, 12.33, 140525, 3416, 0, 0
2539, 0, 108, 1195, 1153, 413, 15.81%, 0, 12, 5, 81.14, 140901, 3416, 0, 0
2544, 0, 108, 1195, 1153, 413, 15.81%, 0, 12, 5, 66.32, 141223, 3416, 0, 0
2549, 0, 424, 1198, 1155, 412, 15.81%, 0, 12, 5, 61.71, 141526, 3416, 0, 0
2554, 0, 424, 1199, 1156, 412, 15.81%, 0, 12, 5, 69.35, 141895, 3416, 0, 0
2559, 0, 424, 1200, 1157, 412, 15.81%, 0, 12, 5, 64.00, 142211, 3416, 0, 0
2565, 0, 424, 1201, 1158, 412, 15.81%, 0, 12, 5, 58.60, 142482, 3416, 0, 0
2570, 0, 424, 1201, 1158, 412, 15.81%, 0, 12, 5, 75.89, 142796, 3416, 0, 0
2575, 0, 424, 1201, 1158, 412, 15.81%, 0, 12, 5, 68.81, 143131, 3416, 0, 0
2580, 0, 424, 1201, 1158, 412, 15.81%, 0, 12, 5, 69.38, 143469, 3416, 0, 0
2585, 0, 424, 1201, 1158, 412, 15.81%, 0, 12, 5, 68.81, 143816, 3416, 0, 0
2590, 0, 409, 1204, 1160, 411, 15.81%, 0, 12, 5, 61.72, 144120, 3417, 0, 0
2595, 0, 409, 1205, 1161, 411, 15.82%, 0, 12, 5, 65.03, 144455, 3418, 0, 0
2600, 0, 409, 1205, 1161, 411, 15.82%, 0, 12, 5, 56.93, 144736, 3418, 0, 0
2605, 0, 409, 1205, 1161, 411, 15.82%, 0, 12, 5, 67.58, 145077, 3418, 0, 0
2610, 0, 409, 1206, 1162, 411, 15.82%, 0, 12, 5, 65.45, 145409, 3419, 0, 0
2615, 0, 409, 1206, 1162, 411, 15.82%, 0, 12, 5, 72.34, 145773, 3419, 0, 0
2620, 0, 409, 1206, 1162, 411, 15.82%, 0, 12, 5, 70.35, 146088, 3419, 0, 0
2626, 0, 409, 1206, 1162, 411, 15.82%, 0, 12, 5, 65.56, 146395, 3419, 0, 0
2631, 0, 409, 1206, 1162, 411, 15.82%, 0, 12, 5, 56.03, 146679, 3419, 0, 0
2636, 0, 128, 1206, 1161, 413, 15.82%, 0, 12, 5, 57.77, 147013, 3419, 0, 0
2641, 0, 128, 1206, 1161, 413, 15.82%, 0, 12, 5, 59.70, 147318, 3419, 0, 0
2646, 0, 128, 1206, 1161, 413, 15.82%, 0, 12, 5, 62.72, 147626, 3419, 0, 0
2651, 0, 128, 1206, 1161, 413, 15.82%, 0, 12, 5, 58.93, 147918, 3419, 0, 0
2656, 0, 128, 1207, 1162, 413, 15.82%, 0, 12, 5, 49.96, 148156, 3419, 0, 0
2661, 0, 128, 1207, 1162, 413, 15.82%, 0, 12, 5, 52.95, 148424, 3419, 0, 0
2666, 0, 128, 1207, 1162, 413, 15.82%, 0, 12, 5, 55.27, 148704, 3419, 0, 0
2671, 0, 128, 1207, 1162, 413, 15.82%, 0, 12, 5, 10.42, 149001, 3419, 0, 0
2677, 0, 128, 1207, 1162, 413, 15.82%, 0, 12, 5, 46.79, 149230, 3419, 0, 0
2682, 0, 128, 1208, 1163, 413, 15.82%, 0, 12, 5, 55.54, 149517, 3419, 0, 0
2687, 0, 358, 1209, 1163, 412, 15.82%, 0, 12, 5, 58.64, 149809, 3419, 0, 0
2692, 0, 358, 1209, 1163, 412, 15.82%, 0, 12, 5, 61.26, 150136, 3419, 0, 0
2697, 0, 358, 1209, 1163, 412, 15.82%, 0, 12, 5, 66.28, 150491, 3419, 0, 0
2702, 0, 358, 1209, 1163, 412, 15.82%, 0, 12, 5, 71.70, 150849, 3419, 0, 0
2708, 0, 477, 1209, 1162, 411, 15.82%, 0, 12, 5, 66.98, 151170, 3419, 0, 0
2713, 0, 477, 1209, 1162, 411, 15.82%, 0, 12, 5, 91.53, 151654, 3419, 0, 0
2718, 0, 477, 1209, 1162, 411, 15.82%, 0, 12, 5, 87.26, 152107, 3419, 0, 0
2723, 0, 946, 1211, 1163, 410, 15.83%, 0, 12, 5, 84.12, 152540, 3421, 0, 0
2728, 0, 946, 1213, 1165, 410, 15.83%, 0, 12, 5, 57.12, 152831, 3421, 0, 0
2733, 0, 946, 1213, 1165, 410, 15.83%, 0, 12, 5, 64.12, 153163, 3421, 0, 0
2738, 0, 946, 1215, 1167, 410, 15.84%, 0, 12, 5, 66.96, 153499, 3423, 0, 0
2743, 0, 946, 1215, 1167, 410, 15.84%, 0, 12, 5, 69.23, 153850, 3423, 0, 0
2748, 0, 946, 1217, 1169, 410, 15.86%, 0, 12, 5, 65.36, 154198, 3427, 0, 0
2754, 0, 946, 1220, 1171, 409, 15.88%, 0, 12, 5, 9.09, 154530, 3431, 0, 0
2759, 0, 946, 1235, 1186, 409, 15.91%, 0, 12, 5, 21.75, 154659, 3438, 0, 0
2764, 0, 946, 1253, 1204, 409, 16.88%, 0, 12, 5, 27.41, 154805, 3648, 0, 0
2770, 0, 946, 1270, 1221, 409, 17.70%, 0, 12, 5, 26.69, 154944, 3824, 0, 0
2775, 0, 946, 1281, 1232, 409, 17.70%, 0, 12, 5, 24.00, 155050, 3824, 0, 0
2780, 0, 946, 1314, 1265, 409, 18.08%, 0, 12, 5, 55.49, 155323, 3906, 0, 0
2785, 0, 946, 1339, 1290, 409, 18.22%, 0, 12, 5, 20.22, 155526, 3938, 0, 0
2791, 0, 946, 1365, 1316, 409, 18.28%, 0, 12, 5, 34.60, 155740, 3950, 0, 0
2796, 0, 946, 1379, 1330, 409, 18.29%, 0, 12, 5, 30.48, 155858, 3953, 0, 0
2801, 0, 946, 1392, 1343, 409, 18.31%, 0, 12, 5, 26.30, 155964, 3956, 0, 0
2806, 0, 946, 1405, 1356, 409, 18.32%, 0, 12, 5, 27.02, 156072, 3959, 0, 0
2811, 0, 946, 1423, 1374, 409, 18.34%, 0, 12, 5, 31.44, 156221, 3963, 0, 0
2816, 0, 946, 1441, 1392, 409, 18.34%, 0, 12, 5, 32.06, 156370, 3964, 0, 0
2821, 0, 946, 1461, 1412, 409, 18.34%, 0, 12, 5, 33.14, 156534, 3964, 0, 0
2827, 0, 946, 1483, 1434, 409, 18.39%, 0, 12, 5, 37.52, 156712, 3974, 0, 0
2832, 0, 946, 1506, 1457, 409, 18.43%, 0, 12, 5, 39.72, 156900, 3983, 0, 0
2837, 0, 946, 1526, 1477, 409, 18.48%, 0, 12, 5, 40.70, 157067, 3993, 0, 0
2842, 0, 946, 1546, 1497, 409, 18.50%, 0, 12, 5, 34.72, 157227, 3998, 0, 0
2847, 0, 946, 1558, 1509, 409, 18.51%, 0, 12, 5, 28.55, 157328, 3999, 0, 0
2853, 0, 946, 1576, 1527, 409, 18.51%, 0, 12, 5, 29.22, 157476, 3999, 0, 0
2858, 0, 946, 1586, 1537, 409, 18.51%, 0, 12, 5, 24.29, 157561, 3999, 0, 0
2864, 0, 946, 1599, 1550, 409, 18.51%, 0, 12, 5, 22.42, 157669, 3999, 0, 0
2869, 0, 946, 1611, 1562, 409, 18.51%, 0, 12, 5, 21.53, 157765, 3999, 0, 0
2874, 0, 946, 1620, 1571, 409, 18.51%, 0, 12, 5, 18.69, 157838, 3999, 0, 0
2880, 0, 946, 1638, 1589, 409, 18.51%, 0, 12, 5, 26.90, 157983, 3999, 0, 0
2885, 0, 129, 1647, 1598, 477, 18.54%, 0, 12, 5, 37.43, 158278, 4006, 0, 0
2890, 0, 129, 1647, 1598, 477, 18.54%, 0, 12, 5, 33.27, 158436, 4006, 0, 0
2895, 0, 129, 1647, 1598, 477, 18.54%, 0, 12, 5, 35.53, 158617, 4006, 0, 0
2900, 0, 129, 1647, 1598, 477, 18.54%, 0, 12, 5, 37.39, 158809, 4006, 0, 0
2905, 0, 129, 1647, 1598, 477, 18.54%, 0, 12, 5, 39.58, 159007, 4006, 0, 0
2910, 0, 129, 1647, 1598, 477, 18.54%, 0, 12, 5, 32.45, 159152, 4006, 0, 0
2915, 0, 129, 1650, 1601, 477, 18.54%, 0, 12, 5, 43.93, 159362, 4006, 0, 0
2920, 0, 129, 1650, 1601, 477, 18.54%, 0, 12, 5, 54.01, 159638, 4006, 0, 0
2925, 0, 129, 1652, 1603, 477, 18.54%, 0, 12, 5, 9.91, 159859, 4006, 0, 0
2930, 0, 129, 1653, 1604, 477, 18.54%, 0, 12, 5, 38.94, 160108, 4006, 0, 0
2936, 0, 129, 1654, 1605, 477, 18.54%, 0, 12, 5, 56.83, 160408, 4006, 0, 0
2941, 0, 129, 1655, 1606, 477, 18.54%, 0, 12, 5, 55.00, 160667, 4006, 0, 0
2946, 0, 129, 1656, 1607, 477, 18.54%, 0, 12, 5, 60.29, 160982, 4006, 0, 0
2951, 0, 129, 1656, 1607, 477, 18.54%, 0, 12, 5, 59.40, 161260, 4006, 0, 0
2956, 0, 129, 1656, 1607, 477, 18.54%, 0, 12, 5, 79.40, 161519, 4006, 0, 0
2961, 0, 129, 1657, 1608, 477, 18.54%, 0, 12, 5, 60.49, 161745, 4006, 0, 0
2966, 0, 136, 1658, 1608, 476, 18.54%, 0, 12, 5, 38.76, 162022, 4006, 0, 0
2971, 0, 136, 1658, 1608, 476, 18.54%, 0, 12, 5, 61.04, 162377, 4006, 0, 0
2977, 0, 136, 1658, 1608, 476, 18.54%, 0, 12, 5, 71.05, 162764, 4006, 0, 0
2982, 0, 499, 1658, 1607, 475, 18.54%, 0, 12, 5, 75.44, 163162, 4006, 0, 0
2987, 0, 499, 1659, 1608, 475, 18.54%, 0, 12, 5, 71.54, 163521, 4006, 0, 0
2992, 0, 499, 1659, 1608, 475, 18.54%, 0, 12, 5, 73.02, 163889, 4006, 0, 0
2997, 0, 499, 1659, 1608, 475, 18.54%, 0, 12, 5, 66.34, 164221, 4006, 0, 0
3002, 0, 499, 1659, 1608, 475, 18.54%, 0, 12, 5, 74.47, 164596, 4006, 0, 0
3007, 0, 499, 1659, 1608, 475, 18.54%, 0, 13, 5, 9.75, 164859, 4006, 0, 0
3013, 0, 499, 1659, 1608, 475, 18.54%, 0, 13, 5, 76.72, 165222, 4006, 0, 0
3018, 0, 499, 1659, 1608, 475, 18.54%, 0, 13, 5, 73.96, 165584, 4006, 0, 0
3023, 0, 1519, 1663, 1611, 474, 18.55%, 0, 13, 5, 4.30, 165916, 4008, 0, 0
3028, 0, 1519, 1664, 1612, 474, 18.55%, 0, 13, 5, 73.00, 166263, 4008, 0, 0
3033, 0, 1519, 1665, 1613, 474, 18.56%, 0, 13, 5, 66.11, 166598, 4010, 0, 0
3038, 0, 1519, 1665, 1613, 474, 18.56%, 0, 13, 5, 68.87, 166951, 4010, 0, 0
3043, 0, 1519, 1668, 1616, 474, 18.60%, 0, 13, 5, 72.62, 167313, 4020, 0, 0
3049, 0, 1519, 1670, 1618, 474, 18.62%, 0, 13, 5, 69.73, 167657, 4023, 0, 0
3054, 0, 138, 1670, 1617, 479, 18.62%, 0, 13, 5, 66.58, 167989, 4023, 0, 0
3059, 0, 138, 1670, 1617, 479, 18.62%, 0, 13, 5, 68.89, 168334, 4023, 0, 0
3064, 0, 138, 1670, 1617, 479, 18.62%, 0, 13, 5, 68.75, 168680, 4023, 0, 0
3069, 0, 138, 1671, 1618, 479, 18.62%, 0, 13, 5, 61.08, 168965, 4023, 0, 0
3074, 0, 138, 1671, 1618, 479, 18.62%, 0, 13, 5, 61.47, 169278, 4023, 0, 0
3079, 0, 138, 1672, 1619, 479, 18.62%, 0, 13, 5, 64.46, 169622, 4023, 0, 0
3084, 0, 138, 1672, 1619, 479, 18.62%, 0, 13, 5, 70.14, 169991, 4023, 0, 0
3090, 0, 138, 1672, 1619, 479, 18.62%, 0, 13, 5, 69.91, 170367, 4023, 0, 0
3095, 0, 655, 1672, 1618, 478, 18.62%, 0, 13, 5, 67.22, 170707, 4023, 0, 0
3100, 0, 655, 1672, 1618, 478, 18.62%, 0, 13, 5, 64.93, 171040, 4023, 0, 0
3105, 0, 655, 1673, 1619, 478, 18.62%, 0, 13, 5, 63.59, 171362, 4023, 0, 0
3110, 0, 655, 1673, 1619, 478, 18.62%, 0, 13, 5, 65.90, 171691, 4023, 0, 0
3115, 0, 655, 1674, 1620, 478, 18.62%, 0, 13, 5, 67.66, 172040, 4023, 0, 0
3120, 0, 655, 1674, 1620, 478, 18.62%, 0, 13, 5, 66.03, 172364, 4023, 0, 0
3125, 0, 655, 1674, 1620, 478, 18.62%, 0, 13, 5, 72.12, 172754, 4023, 0, 0
3130, 0, 655, 1674, 1620, 478, 18.62%, 0, 13, 5, 64.66, 173071, 4023, 0, 0
3136, 0, 377, 1675, 1620, 477, 18.62%, 0, 13, 5, 77.61, 173380, 4023, 0, 0
3141, 0, 377, 1676, 1621, 477, 18.62%, 0, 13, 5, 64.00, 173681, 4023, 0, 0
3146, 0, 377, 1677, 1622, 477, 18.62%, 0, 13, 5, 66.99, 174021, 4023, 0, 0
3151, 0, 377, 1677, 1622, 477, 18.62%, 0, 13, 5, 69.66, 174375, 4023, 0, 0
3156, 0, 377, 1677, 1622, 477, 18.62%, 0, 13, 5, 67.51, 174727, 4023, 0, 0
3161, 0, 377, 1679, 1624, 477, 18.62%, 0, 13, 5, 87.74, 175008, 4023, 0, 0
3166, 0, 377, 1679, 1624, 477, 18.62%, 0, 13, 5, 71.27, 175325, 4023, 0, 0
3172, 0, 377, 1679, 1624, 477, 18.62%, 0, 13, 5, 67.06, 175674, 4023, 0, 0
3177, 0, 140, 1679, 1623, 476, 18.62%, 0, 13, 5, 69.36, 176025, 4023, 0, 0
3182, 0, 140, 1679, 1623, 476, 18.62%, 0, 13, 5, 71.17, 176405, 4023, 0, 0
3187, 0, 140, 1680, 1624, 476, 18.62%, 0, 13, 5, 72.62, 176737, 4023, 0, 0
3192, 0, 140, 1680, 1624, 476, 18.62%, 0, 13, 5, 79.92, 177152, 4023, 0, 0
3197, 0, 140, 1680, 1624, 476, 18.62%, 0, 13, 5, 71.53, 177502, 4023, 0, 0
3203, 0, 140, 1680, 1624, 476, 18.62%, 0, 13, 5, 70.31, 177860, 4023, 0, 0
3208, 0, 140, 1680, 1624, 476, 18.62%, 0, 13, 5, 70.84, 178213, 4023, 0, 0
3213, 0, 714, 1681, 1624, 475, 18.62%, 0, 13, 5, 69.16, 178561, 4023, 0, 0
3218, 0, 714, 1683, 1626, 475, 18.62%, 0, 13, 5, 61.28, 178870, 4023, 0, 0
3223, 0, 714, 1683, 1626, 475, 18.62%, 0, 13, 5, 69.05, 179232, 4023, 0, 0
3228, 0, 714, 1683, 1626, 475, 18.62%, 0, 13, 5, 67.35, 179555, 4023, 0, 0
3233, 0, 714, 1683, 1626, 475, 18.62%, 0, 13, 5, 12.71, 179882, 4023, 0, 0
3238, 0, 714, 1683, 1626, 475, 18.62%, 0, 13, 5, 71.52, 180251, 4023, 0, 0
3243, 0, 714, 1683, 1626, 475, 18.62%, 0, 13, 5, 55.83, 180564, 4023, 0, 0
3249, 0, 714, 1683, 1626, 475, 18.62%, 0, 13, 5, 66.13, 180919, 4023, 0, 0
3254, 0, 636, 1683, 1625, 474, 18.62%, 0, 13, 5, 71.52, 181269, 4023, 0, 0
3259, 0, 636, 1683, 1625, 474, 18.62%, 0, 13, 5, 77.11, 181594, 4023, 0, 0
3264, 0, 636, 1685, 1627, 474, 18.62%, 0, 13, 6, 68.90, 181899, 4023, 0, 0
3269, 0, 636, 1685, 1627, 474, 18.62%, 0, 13, 6, 71.44, 182268, 4023, 0, 0
3274, 0, 636, 1685, 1627, 474, 18.62%, 0, 13, 6, 66.99, 182604, 4023, 0, 0
3279, 0, 636, 1685, 1627, 474, 18.62%, 0, 13, 6, 62.91, 182917, 4023, 0, 0
3284, 0, 636, 1685, 1627, 474, 18.62%, 0, 13, 6, 64.26, 183229, 4023, 0, 0
3290, 0, 636, 1685, 1627, 474, 18.62%, 0, 13, 6, 65.31, 183574, 4023, 0, 0
3295, 0, 500, 1686, 1627, 473, 18.62%, 0, 13, 6, 63.65, 183903, 4023, 0, 0
3300, 0, 500, 1686, 1627, 473, 18.62%, 0, 13, 6, 70.24, 184272, 4023, 0, 0
3305, 0, 500, 1686, 1627, 473, 18.62%, 0, 13, 6, 62.83, 184570, 4023, 0, 0
3310, 0, 500, 1686, 1627, 473, 18.62%, 0, 13, 6, 64.97, 184913, 4023, 0, 0
3315, 0, 367, 1687, 1627, 472, 18.62%, 0, 13, 6, 77.66, 185225, 4023, 0, 0
3320, 0, 367, 1689, 1629, 472, 18.62%, 0, 13, 6, 70.33, 185543, 4023, 0, 0
3325, 0, 367, 1691, 1631, 472, 18.63%, 0, 13, 6, 64.45, 185872, 4026, 0, 0
3331, 0, 367, 1691, 1631, 472, 18.63%, 0, 14, 6, 54.41, 186141, 4026, 0, 0
3336, 0, 367, 1692, 1632, 472, 18.64%, 0, 14, 6, 67.21, 186494, 4027, 0, 0
3341, 0, 367, 1692, 1632, 472, 18.64%, 0, 14, 6, 65.83, 186825, 4027, 0, 0
3346, 0, 367, 1692, 1632, 472, 18.64%, 0, 14, 6, 72.07, 187213, 4027, 0, 0
3351, 0, 367, 1692, 1632, 472, 18.64%, 0, 14, 6, 69.56, 187551, 4027, 0, 0
3356, 0, 160, 1692, 1631, 474, 18.64%, 0, 14, 6, 68.55, 187907, 4027, 0, 0
3361, 0, 160, 1692, 1631, 474, 18.64%, 0, 14, 6, 38.25, 188055, 4027, 0, 0
3366, 0, 160, 1692, 1631, 474, 18.64%, 0, 14, 6, 30.07, 188194, 4027, 0, 0
3371, 0, 160, 1692, 1631, 474, 18.64%, 0, 14, 6, 29.92, 188344, 4027, 0, 0
3376, 0, 160, 1692, 1631, 474, 18.64%, 0, 14, 6, 29.46, 188494, 4027, 0, 0
3381, 0, 160, 1692, 1631, 474, 18.64%, 0, 14, 6, 45.21, 188702, 4027, 0, 0
3387, 0, 160, 1692, 1631, 474, 18.64%, 0, 14, 6, 53.58, 188988, 4027, 0, 0
3392, 0, 160, 1692, 1631, 474, 18.64%, 0, 14, 6, 67.84, 189337, 4027, 0, 0
3397, 0, 160, 1692, 1631, 474, 18.64%, 0, 14, 6, 68.85, 189677, 4027, 0, 0
3402, 0, 801, 1692, 1630, 473, 18.64%, 0, 14, 6, 64.50, 190006, 4027, 0, 0
3404, 0, 801, 1692, 1630, 473, 18.64%, 0, 14, 6, 67.47, 190117, 4027, 0, 0
3545, 0, 241, 2095, 2033, 473, 19.95%, 0, 14, 6, 55.16, 193685, 4312, 0, 0
3550, 0, 241, 2095, 2033, 473, 19.95%, 0, 14, 6, 58.25, 193976, 4312, 0, 0
3555, 0, 241, 2095, 2033, 473, 19.95%, 0, 14, 6, 60.53, 194280, 4312, 0, 0
3560, 0, 241, 2095, 2033, 473, 19.95%, 0, 14, 6, 62.04, 194592, 4312, 0, 0
3565, 0, 241, 2095, 2033, 473, 19.95%, 0, 14, 6, 64.08, 194919, 4312, 0, 0
3571, 0, 241, 2095, 2033, 473, 19.95%, 0, 14, 6, 59.79, 195218, 4312, 0, 0
3576, 0, 241, 2095, 2033, 473, 19.95%, 0, 14, 6, 62.43, 195528, 4312, 0, 0
3581, 0, 241, 2095, 2033, 473, 19.95%, 0, 14, 6, 65.99, 195856, 4312, 0, 0
3586, 0, 241, 2095, 2033, 473, 19.95%, 0, 14, 6, 61.83, 196181, 4312, 0, 0
3591, 0, 241, 2096, 2034, 473, 19.95%, 0, 14, 6, 94.12, 196435, 4312, 0, 0
3597, 0, 241, 2096, 2034, 473, 19.95%, 0, 14, 6, 72.13, 196777, 4312, 0, 0
3602, 0, 241, 2096, 2034, 473, 19.95%, 0, 14, 6, 66.97, 197098, 4312, 0, 0
3607, 0, 241, 2096, 2034, 473, 19.95%, 0, 14, 6, 59.87, 197403, 4312, 0, 0
3612, 0, 241, 2096, 2034, 473, 19.95%, 0, 14, 6, 69.82, 197758, 4312, 0, 0
3617, 0, 241, 2096, 2034, 473, 19.95%, 0, 14, 6, 62.02, 198074, 4312, 0, 0
3622, 0, 241, 2096, 2034, 473, 19.95%, 0, 14, 6, 56.74, 198343, 4312, 0, 0
3627, 0, 241, 2096, 2034, 473, 19.95%, 0, 14, 6, 64.37, 198608, 4312, 0, 0
3632, 0, 241, 2096, 2034, 473, 19.95%, 0, 14, 6, 71.26, 198969, 4312, 0, 0
3637, 0, 241, 2096, 2034, 473, 19.95%, 0, 14, 6, 65.15, 199298, 4312, 0, 0
3642, 0, 241, 2096, 2034, 473, 19.95%, 0, 14, 6, 61.75, 199584, 4312, 0, 0
3648, 0, 241, 2096, 2034, 473, 19.95%, 0, 14, 6, 63.39, 199905, 4312, 0, 0
3653, 0, 241, 2096, 2034, 473, 19.95%, 0, 14, 6, 73.95, 200247, 4312, 0, 0
3658, 0, 241, 2096, 2034, 473, 19.95%, 0, 14, 6, 82.04, 200610, 4312, 0, 0
3663, 0, 241, 2096, 2034, 473, 19.95%, 0, 14, 6, 64.75, 200885, 4312, 0, 0
3668, 0, 241, 2096, 2034, 473, 19.95%, 0, 14, 6, 83.95, 201211, 4312, 0, 0
3673, 0, 241, 2096, 2034, 473, 19.95%, 0, 14, 6, 72.28, 201536, 4312, 0, 0
3678, 0, 241, 2096, 2034, 473, 19.95%, 0, 14, 6, 65.95, 201850, 4312, 0, 0
3683, 0, 241, 2096, 2034, 473, 19.95%, 0, 14, 6, 78.06, 202150, 4312, 0, 0
3688, 0, 241, 2096, 2034, 473, 19.95%, 0, 14, 6, 70.63, 202497, 4312, 0, 0
3694, 0, 241, 2097, 2035, 473, 19.95%, 0, 14, 6, 63.20, 202818, 4312, 0, 0
3699, 0, 241, 2098, 2036, 473, 19.95%, 0, 14, 6, 59.38, 203103, 4312, 0, 0
3704, 0, 241, 2099, 2037, 473, 19.95%, 0, 14, 6, 61.10, 203401, 4312, 0, 0
3709, 0, 241, 2099, 2037, 473, 19.95%, 0, 14, 6, 66.05, 203738, 4312, 0, 0
3714, 0, 241, 2099, 2037, 473, 19.95%, 0, 14, 6, 65.08, 204056, 4312, 0, 0
3719, 0, 241, 2099, 2037, 473, 19.95%, 0, 14, 6, 62.22, 204378, 4312, 0, 0
3724, 0, 241, 2100, 2038, 473, 19.95%, 0, 14, 6, 65.89, 204656, 4312, 0, 0
3729, 0, 241, 2100, 2038, 473, 19.95%, 0, 14, 6, 59.48, 204948, 4312, 0, 0
3734, 0, 241, 2100, 2038, 473, 19.95%, 0, 14, 6, 62.09, 205242, 4312, 0, 0
3739, 0, 241, 2100, 2038, 473, 19.95%, 0, 14, 6, 57.96, 205532, 4312, 0, 0
3744, 0, 241, 2101, 2039, 473, 19.95%, 0, 14, 6, 57.91, 205807, 4312, 0, 0
3750, 0, 241, 2101, 2039, 473, 19.95%, 0, 14, 6, 62.64, 206128, 4312, 0, 0
3755, 0, 1692, 2101, 2038, 266, 19.95%, 0, 14, 6, 57.08, 206447, 4312, 0, 0
3761, 0, 1692, 2101, 2038, 266, 19.95%, 0, 14, 6, 11.71, 206543, 4312, 0, 0
3766, 0, 1692, 2101, 2038, 266, 19.95%, 0, 14, 6, 12.39, 206613, 4312, 0, 0
3771, 0, 1692, 2101, 2038, 266, 19.95%, 0, 14, 6, 11.86, 206673, 4312, 0, 0
3776, 0, 1692, 2101, 2038, 266, 19.95%, 0, 14, 6, 11.72, 206733, 4312, 0, 0
3781, 0, 1692, 2101, 2038, 266, 19.95%, 0, 14, 6, 11.67, 206793, 4312, 0, 0
3787, 0, 1692, 2101, 2038, 266, 19.95%, 0, 14, 6, 11.65, 206853, 4312, 0, 0
3792, 0, 1692, 2101, 2038, 266, 19.95%, 0, 14, 6, 11.66, 206913, 4312, 0, 0
3797, 0, 1692, 2101, 2038, 266, 19.95%, 0, 14, 6, 11.64, 206973, 4312, 0, 0
3802, 0, 1692, 2101, 2038, 266, 19.95%, 0, 14, 6, 12.98, 207040, 4312, 0, 0
3807, 0, 1692, 2101, 2038, 266, 19.95%, 0, 14, 6, 12.79, 207106, 4312, 0, 0
3812, 0, 1692, 2102, 2039, 266, 19.95%, 0, 14, 6, 71.03, 207364, 4312, 0, 0
3818, 0, 1692, 2102, 2039, 266, 19.95%, 0, 14, 6, 55.77, 207615, 4312, 0, 0
3823, 0, 1692, 2102, 2039, 266, 19.95%, 0, 14, 6, 119.62, 207880, 4312, 0, 0
3828, 0, 1692, 2102, 2039, 266, 19.95%, 0, 14, 6, 40.59, 208112, 4312, 0, 0
3833, 0, 1692, 2102, 2039, 266, 19.95%, 0, 14, 6, 52.33, 208370, 4312, 0, 0
3838, 0, 1692, 2102, 2039, 266, 19.95%, 0, 14, 6, 63.84, 208655, 4312, 0, 0
3843, 0, 1692, 2102, 2039, 266, 19.95%, 0, 14, 6, 50.33, 208883, 4312, 0, 0
3848, 0, 1692, 2103, 2040, 266, 19.95%, 0, 14, 6, 60.21, 209103, 4312, 0, 0
3854, 0, 1692, 2103, 2040, 266, 19.95%, 0, 15, 6, 7.66, 209376, 4312, 0, 0
3859, 0, 1692, 2103, 2040, 266, 19.95%, 0, 15, 6, 8.57, 209681, 4312, 0, 0
3864, 0, 1692, 2103, 2040, 266, 19.95%, 0, 15, 6, 56.53, 209996, 4312, 0, 0
3870, 0, 1692, 2103, 2040, 266, 19.95%, 0, 15, 6, 48.98, 210246, 4312, 0, 0
3875, 0, 1692, 2103, 2040, 266, 19.95%, 0, 15, 6, 52.05, 210505, 4312, 0, 0
3880, 0, 1692, 2103, 2040, 266, 19.95%, 0, 15, 6, 54.14, 210781, 4312, 0, 0
3885, 0, 1692, 2103, 2040, 266, 19.95%, 0, 15, 6, 53.63, 211027, 4312, 0, 0
3890, 0, 1692, 2103, 2040, 266, 19.95%, 0, 15, 6, 53.45, 211299, 4312, 0, 0
3895, 0, 1692, 2104, 2041, 266, 19.95%, 0, 15, 6, 47.80, 211535, 4312, 0, 0
3900, 0, 1692, 2104, 2041, 266, 19.95%, 0, 15, 6, 45.42, 211757, 4312, 0, 0
3905, 0, 1692, 2105, 2042, 266, 19.95%, 0, 15, 6, 46.97, 211969, 4312, 0, 0
3910, 0, 1692, 2105, 2042, 266, 19.95%, 0, 15, 6, 57.48, 212245, 4312, 0, 0
3916, 0, 1692, 2105, 2042, 266, 19.95%, 0, 15, 6, 53.29, 212493, 4312, 0, 0
3921, 0, 1692, 2105, 2042, 266, 19.95%, 0, 15, 6, 53.72, 212766, 4312, 0, 0
3926, 0, 1692, 2105, 2042, 266, 19.95%, 0, 15, 6, 50.25, 213012, 4312, 0, 0
3931, 0, 1692, 2105, 2042, 266, 19.95%, 0, 15, 6, 67.08, 213289, 4312, 0, 0
3936, 0, 1692, 2105, 2042, 266, 19.95%, 0, 15, 6, 53.02, 213532, 4312, 0, 0
3941, 0, 1692, 2106, 2043, 266, 19.95%, 0, 15, 6, 48.97, 213757, 4312, 0, 0
3947, 0, 1692, 2107, 2044, 266, 19.95%, 0, 15, 6, 48.02, 213990, 4312, 0, 0
3952, 0, 1692, 2107, 2044, 266, 19.95%, 0, 15, 6, 54.55, 214274, 4312, 0, 0
3957, 0, 1692, 2107, 2044, 266, 19.95%, 0, 15, 6, 53.50, 214538, 4312, 0, 0
3962, 0, 1692, 2107, 2044, 266, 19.95%, 0, 15, 6, 53.16, 214791, 4312, 0, 0
3967, 0, 1692, 2108, 2045, 266, 19.95%, 0, 15, 6, 49.69, 215013, 4312, 0, 0
3972, 0, 1692, 2108, 2045, 266, 19.95%, 0, 15, 6, 56.38, 215284, 4312, 0, 0
3977, 0, 1692, 2108, 2045, 266, 19.95%, 0, 15, 6, 55.71, 215588, 4312, 0, 0
3982, 0, 1692, 2108, 2045, 266, 19.95%, 0, 15, 6, 54.74, 215865, 4312, 0, 0
3987, 0, 1692, 2108, 2045, 266, 19.95%, 0, 15, 6, 48.57, 216089, 4312, 0, 0
3993, 0, 1692, 2108, 2045, 266, 19.95%, 0, 15, 6, 47.11, 216331, 4312, 0, 0
3998, 0, 1692, 2108, 2045, 266, 19.95%, 0, 15, 6, 53.92, 216601, 4312, 0, 0
4003, 0, 1692, 2108, 2045, 266, 19.95%, 0, 15, 6, 48.19, 216841, 4312, 0, 0
4008, 0, 1692, 2108, 2045, 266, 19.95%, 0, 15, 6, 55.03, 217120, 4312, 0, 0
4013, 0, 1692, 2108, 2045, 266, 19.95%, 0, 15, 6, 51.87, 217382, 4312, 0, 0
4018, 0, 1692, 2108, 2045, 266, 19.95%, 0, 15, 6, 69.27, 217660, 4312, 0, 0
4023, 0, 1692, 2108, 2045, 266, 19.95%, 0, 15, 6, 21.43, 217956, 4312, 0, 0
4028, 0, 1692, 2108, 2045, 266, 19.95%, 0, 15, 6, 45.25, 218226, 4312, 0, 0
4033, 0, 1692, 2108, 2045, 266, 19.95%, 0, 15, 6, 51.08, 218483, 4312, 0, 0
4038, 0, 1692, 2108, 2045, 266, 19.95%, 0, 15, 6, 49.19, 218740, 4312, 0, 0
4043, 0, 1692, 2108, 2045, 266, 19.95%, 0, 15, 6, 51.95, 218998, 4312, 0, 0
4048, 0, 1692, 2108, 2045, 266, 19.95%, 0, 15, 6, 50.17, 219254, 4312, 0, 0
4054, 0, 1692, 2108, 2045, 266, 19.95%, 0, 15, 6, 55.18, 219534, 4312, 0, 0
4059, 0, 1692, 2108, 2045, 266, 19.95%, 0, 15, 6, 49.54, 219771, 4312, 0, 0
4065, 0, 1693, 2108, 2044, 267, 19.95%, 0, 15, 6, 50.43, 220118, 4312, 0, 0
4070, 0, 1693, 2108, 2044, 267, 19.95%, 0, 15, 6, 50.25, 220339, 4312, 0, 0
4075, 0, 1693, 2108, 2044, 267, 19.95%, 0, 15, 6, 59.41, 220651, 4312, 0, 0
4080, 0, 1693, 2110, 2046, 267, 19.95%, 0, 15, 6, 23.14, 220926, 4312, 0, 0
4085, 0, 1693, 2111, 2047, 267, 19.95%, 0, 15, 6, 43.70, 221174, 4312, 0, 0
4090, 0, 1693, 2111, 2047, 267, 19.95%, 0, 15, 6, 61.86, 221494, 4312, 0, 0
4096, 0, 1693, 2112, 2048, 267, 19.95%, 0, 15, 6, 8.03, 221706, 4312, 0, 0
4101, 0, 1693, 2112, 2048, 267, 19.95%, 0, 15, 6, 56.97, 221966, 4312, 0, 0
4106, 0, 1693, 2112, 2048, 267, 19.95%, 0, 15, 6, 56.14, 222249, 4312, 0, 0
4111, 0, 1693, 2112, 2048, 267, 19.95%, 0, 15, 6, 7.30, 222476, 4312, 0, 0
4116, 0, 1693, 2112, 2048, 267, 19.95%, 0, 15, 6, 29.21, 222755, 4312, 0, 0
4121, 0, 1693, 2112, 2048, 267, 19.95%, 0, 15, 6, 49.46, 223039, 4312, 0, 0
4126, 0, 1693, 2112, 2048, 267, 19.95%, 0, 15, 6, 53.58, 223317, 4312, 0, 0
4131, 0, 1693, 2113, 2049, 267, 19.95%, 0, 15, 6, 92.07, 223572, 4312, 0, 0
4136, 0, 1693, 2113, 2049, 267, 19.95%, 0, 15, 6, 70.03, 223871, 4312, 0, 0
4142, 0, 1693, 2114, 2050, 267, 19.95%, 0, 15, 6, 56.76, 224120, 4312, 0, 0
4147, 0, 1693, 2114, 2050, 267, 19.95%, 0, 15, 6, 50.74, 224348, 4312, 0, 0
4152, 0, 1693, 2114, 2050, 267, 19.95%, 0, 15, 6, 58.49, 224629, 4312, 0, 0
4157, 0, 1693, 2114, 2050, 267, 19.95%, 0, 15, 6, 56.33, 224918, 4312, 0, 0
4162, 0, 1693, 2114, 2050, 267, 19.95%, 0, 15, 6, 57.91, 225188, 4312, 0, 0
4167, 0, 1693, 2115, 2051, 267, 19.95%, 0, 15, 6, 56.30, 225482, 4312, 0, 0
4172, 0, 1693, 2115, 2051, 267, 19.95%, 0, 15, 6, 53.17, 225732, 4312, 0, 0
4177, 0, 1693, 2115, 2051, 267, 19.95%, 0, 15, 6, 51.07, 225981, 4312, 0, 0
4183, 0, 1693, 2115, 2051, 267, 19.95%, 0, 15, 6, 56.59, 226248, 4312, 0, 0
4188, 0, 1693, 2115, 2051, 267, 19.95%, 0, 15, 6, 50.09, 226523, 4312, 0, 0
4193, 0, 1693, 2115, 2051, 267, 19.95%, 0, 15, 6, 50.07, 226782, 4312, 0, 0
4198, 0, 1693, 2115, 2051, 267, 19.95%, 0, 15, 6, 47.71, 227014, 4312, 0, 0
4203, 0, 1693, 2115, 2051, 267, 19.95%, 0, 15, 6, 50.87, 227276, 4312, 0, 0
4208, 0, 1693, 2115, 2051, 267, 19.95%, 0, 15, 6, 46.18, 227496, 4312, 0, 0
4213, 0, 1693, 2116, 2052, 267, 19.95%, 0, 15, 6, 49.53, 227721, 4312, 0, 0
4218, 0, 1693, 2116, 2052, 267, 19.95%, 0, 15, 6, 46.83, 227962, 4312, 0, 0
4223, 0, 1693, 2117, 2053, 267, 19.95%, 0, 15, 6, 50.63, 228217, 4312, 0, 0
4229, 0, 1693, 2117, 2053, 267, 19.95%, 0, 15, 6, 48.94, 228470, 4312, 0, 0
4234, 0, 1693, 2117, 2053, 267, 19.95%, 0, 15, 6, 89.62, 228763, 4312, 0, 0
4239, 0, 1693, 2117, 2053, 267, 19.95%, 0, 15, 6, 60.26, 229009, 4312, 0, 0
4244, 0, 1693, 2117, 2053, 267, 19.95%, 0, 15, 6, 55.56, 229292, 4312, 0, 0
4249, 0, 1693, 2117, 2053, 267, 19.95%, 0, 15, 6, 51.63, 229549, 4312, 0, 0
4254, 0, 1693, 2117, 2053, 267, 19.95%, 0, 15, 6, 49.93, 229790, 4312, 0, 0
4259, 0, 1693, 2118, 2054, 267, 19.95%, 0, 15, 6, 52.14, 230075, 4312, 0, 0
4264, 0, 1693, 2118, 2054, 267, 19.95%, 0, 15, 6, 53.23, 230356, 4312, 0, 0
4269, 0, 1693, 2118, 2054, 267, 19.95%, 0, 15, 6, 49.18, 230609, 4312, 0, 0
4275, 0, 1693, 2119, 2055, 267, 19.95%, 0, 15, 6, 58.14, 230908, 4312, 0, 0
4280, 0, 1693, 2119, 2055, 267, 19.95%, 0, 15, 6, 57.66, 231177, 4312, 0, 0
4285, 0, 1693, 2119, 2055, 267, 19.95%, 0, 15, 6, 56.16, 231485, 4312, 0, 0
4290, 0, 1693, 2119, 2055, 267, 19.95%, 0, 15, 6, 52.82, 231749, 4312, 0, 0
4295, 0, 1693, 2119, 2055, 267, 19.95%, 0, 15, 6, 58.55, 232048, 4312, 0, 0
4300, 0, 1693, 2119, 2055, 267, 19.95%, 0, 15, 6, 57.46, 232334, 4312, 0, 0
4305, 0, 1693, 2120, 2056, 267, 19.95%, 0, 15, 6, 71.84, 232621, 4312, 0, 0
4310, 0, 1693, 2121, 2057, 267, 19.95%, 0, 15, 6, 69.77, 232948, 4312, 0, 0
4316, 0, 1693, 2121, 2057, 267, 19.95%, 0, 15, 6, 56.69, 233212, 4312, 0, 0
4321, 0, 1693, 2123, 2059, 267, 19.95%, 0, 15, 6, 56.46, 233516, 4312, 0, 0
4328, 0, 1695, 2124, 2059, 271, 19.95%, 0, 15, 6, 60.25, 233865, 4312, 0, 0
4333, 0, 1695, 2126, 2061, 271, 19.95%, 0, 15, 6, 15.22, 233994, 4312, 0, 0
4338, 0, 1695, 2126, 2061, 271, 19.95%, 0, 15, 6, 27.40, 234155, 4312, 0, 0
4343, 0, 1695, 2126, 2061, 271, 19.95%, 0, 15, 6, 29.73, 234308, 4312, 0, 0
4348, 0, 1695, 2127, 2062, 271, 19.95%, 0, 15, 6, 29.68, 234458, 4312, 0, 0
4353, 0, 1695, 2128, 2063, 271, 19.95%, 0, 15, 6, 36.49, 234669, 4312, 0, 0
4359, 0, 1695, 2130, 2065, 271, 19.95%, 0, 15, 6, 42.26, 234902, 4312, 0, 0
4364, 0, 1695, 2131, 2066, 271, 19.95%, 0, 15, 6, 37.18, 235082, 4312, 0, 0
4369, 0, 1695, 2133, 2068, 271, 19.95%, 0, 15, 6, 38.88, 235258, 4312, 0, 0
4374, 0, 1695, 2134, 2069, 271, 19.95%, 0, 15, 6, 43.03, 235472, 4312, 0, 0
4379, 0, 1695, 2134, 2069, 271, 19.95%, 0, 15, 6, 45.07, 235707, 4312, 0, 0
4384, 0, 1695, 2136, 2071, 271, 19.95%, 0, 15, 6, 40.93, 235905, 4312, 0, 0
4389, 0, 1695, 2138, 2073, 271, 19.95%, 0, 16, 6, 39.80, 236084, 4312, 0, 0
4394, 0, 1695, 2138, 2073, 271, 19.95%, 0, 16, 6, 37.23, 236282, 4312, 0, 0
4400, 0, 1695, 2139, 2074, 271, 19.95%, 0, 16, 6, 39.43, 236485, 4312, 0, 0
4405, 0, 1695, 2139, 2074, 271, 19.95%, 0, 16, 6, 46.77, 236735, 4312, 0, 0
4410, 0, 1695, 2141, 2076, 271, 19.95%, 0, 16, 6, 45.38, 236956, 4312, 0, 0
4415, 0, 1695, 2141, 2076, 271, 19.95%, 0, 16, 6, 72.78, 237174, 4312, 0, 0
4420, 0, 1695, 2143, 2078, 271, 19.95%, 0, 16, 6, 50.25, 237369, 4312, 0, 0
4425, 0, 1695, 2144, 2079, 271, 19.95%, 0, 16, 6, 52.63, 237636, 4312, 0, 0
4430, 0, 1695, 2144, 2079, 271, 19.95%, 0, 16, 6, 44.88, 237855, 4312, 0, 0
4435, 0, 1695, 2145, 2080, 271, 19.95%, 0, 16, 6, 44.67, 238084, 4312, 0, 0
4440, 0, 1695, 2145, 2080, 271, 19.95%, 0, 16, 6, 43.11, 238295, 4312, 0, 0
4445, 0, 1695, 2145, 2080, 271, 19.95%, 0, 16, 6, 52.40, 238523, 4312, 0, 0
4450, 0, 1695, 2145, 2080, 271, 19.95%, 0, 16, 6, 53.48, 238712, 4312, 0, 0
4456, 0, 1695, 2145, 2080, 271, 19.95%, 0, 16, 6, 46.27, 238938, 4312, 0, 0
4461, 0, 1695, 2145, 2080, 271, 19.95%, 0, 16, 6, 45.83, 239158, 4312, 0, 0
4466, 0, 1695, 2145, 2080, 271, 19.95%, 0, 16, 6, 45.85, 239381, 4312, 0, 0
4471, 0, 1695, 2146, 2081, 271, 19.95%, 0, 16, 6, 7.91, 239590, 4312, 0, 0
4476, 0, 1695, 2146, 2081, 271, 19.95%, 0, 16, 6, 50.26, 239828, 4312, 0, 0
4481, 0, 1695, 2147, 2082, 271, 19.95%, 0, 16, 6, 46.80, 240031, 4312, 0, 0
4486, 0, 1695, 2147, 2082, 271, 19.95%, 0, 16, 6, 7.30, 240222, 4312, 0, 0
4491, 0, 1695, 2147, 2082, 271, 19.95%, 0, 16, 6, 39.93, 240411, 4312, 0, 0
4497, 0, 1695, 2147, 2082, 271, 19.95%, 0, 16, 6, 37.25, 240601, 4312, 0, 0
4502, 0, 1695, 2147, 2082, 271, 19.95%, 0, 16, 6, 40.77, 240815, 4312, 0, 0
4507, 0, 1695, 2147, 2082, 271, 19.95%, 0, 16, 6, 41.78, 241020, 4312, 0, 0
4512, 0, 1695, 2148, 2083, 271, 19.95%, 0, 16, 6, 44.81, 241252, 4312, 0, 0
4517, 0, 1695, 2148, 2083, 271, 19.95%, 0, 16, 6, 39.17, 241445, 4312, 0, 0
4522, 0, 1695, 2149, 2084, 271, 19.95%, 0, 16, 6, 42.32, 241661, 4312, 0, 0
4527, 0, 1695, 2149, 2084, 271, 19.95%, 0, 16, 6, 35.49, 241830, 4312, 0, 0
4532, 0, 1695, 2150, 2085, 271, 19.95%, 0, 16, 6, 38.80, 242042, 4312, 0, 0
4537, 0, 1695, 2150, 2085, 271, 19.95%, 0, 16, 6, 50.34, 242309, 4312, 0, 0
4542, 0, 1695, 2150, 2085, 271, 19.95%, 0, 16, 6, 47.67, 242541, 4312, 0, 0
4547, 0, 1695, 2150, 2085, 271, 19.95%, 0, 16, 6, 44.34, 242734, 4312, 0, 0
4552, 0, 1695, 2150, 2085, 271, 19.95%, 0, 16, 6, 49.75, 242932, 4312, 0, 0
4558, 0, 1695, 2150, 2085, 271, 19.95%, 0, 16, 6, 46.50, 243149, 4312, 0, 0
4563, 0, 1695, 2150, 2085, 271, 19.95%, 0, 16, 6, 41.09, 243360, 4312, 0, 0
4568, 0, 1695, 2150, 2085, 271, 19.95%, 0, 16, 6, 59.79, 243556, 4312, 0, 0
4573, 0, 1695, 2150, 2085, 271, 19.95%, 0, 16, 6, 44.91, 243762, 4312, 0, 0
4578, 0, 1695, 2150, 2085, 271, 19.95%, 0, 16, 6, 10.93, 243942, 4312, 0, 0
4583, 0, 1695, 2151, 2086, 271, 19.95%, 0, 16, 6, 32.61, 244145, 4312, 0, 0
4588, 0, 1695, 2151, 2086, 271, 19.95%, 0, 16, 6, 41.13, 244370, 4312, 0, 0
4593, 0, 1695, 2151, 2086, 271, 19.95%, 0, 16, 6, 53.72, 244596, 4312, 0, 0
4598, 0, 1695, 2151, 2086, 271, 19.95%, 0, 16, 6, 61.75, 244811, 4312, 0, 0
4603, 0, 1695, 2152, 2087, 271, 19.95%, 0, 16, 6, 45.62, 244978, 4312, 0, 0
4609, 0, 1695, 2152, 2087, 271, 19.95%, 0, 16, 6, 37.75, 245164, 4312, 0, 0
4614, 0, 1695, 2153, 2088, 271, 19.95%, 0, 16, 6, 43.29, 245365, 4312, 0, 0
4619, 0, 1695, 2155, 2090, 271, 19.95%, 0, 16, 6, 42.64, 245588, 4312, 0, 0
4624, 0, 1695, 2155, 2090, 271, 19.95%, 0, 16, 6, 48.76, 245838, 4312, 0, 0
4630, 0, 1695, 2156, 2091, 271, 19.95%, 0, 16, 6, 37.59, 246020, 4312, 0, 0
4635, 0, 1695, 2156, 2091, 271, 19.95%, 0, 16, 6, 48.12, 246271, 4312, 0, 0
4640, 0, 1695, 2156, 2091, 271, 19.95%, 0, 16, 6, 43.86, 246473, 4312, 0, 0
4645, 0, 1695, 2156, 2091, 271, 19.95%, 0, 16, 6, 46.04, 246691, 4312, 0, 0
4650, 0, 1695, 2156, 2091, 271, 19.95%, 0, 16, 6, 44.95, 246916, 4312, 0, 0
4655, 0, 1695, 2156, 2091, 271, 19.95%, 0, 16, 6, 41.13, 247116, 4312, 0, 0
4660, 0, 1695, 2156, 2091, 271, 19.95%, 0, 16, 6, 38.72, 247298, 4312, 0, 0
4666, 0, 1696, 2156, 2090, 283, 19.95%, 0, 16, 6, 40.36, 247507, 4312, 0, 0
4671, 0, 1696, 2156, 2090, 283, 19.95%, 0, 16, 6, 57.04, 247826, 4312, 0, 0
4676, 0, 1696, 2157, 2091, 283, 19.96%, 0, 17, 6, 70.06, 248026, 4313, 0, 0
4681, 0, 1696, 2157, 2091, 283, 19.96%, 0, 17, 6, 65.99, 248351, 4313, 0, 0
4686, 0, 1696, 2157, 2091, 283, 19.96%, 0, 17, 6, 60.14, 248656, 4313, 0, 0
4691, 0, 1696, 2158, 2092, 283, 19.96%, 0, 17, 6, 57.80, 248943, 4313, 0, 0
4696, 0, 1696, 2159, 2093, 283, 19.96%, 0, 17, 6, 60.93, 249260, 4313, 0, 0
4701, 0, 1696, 2159, 2093, 283, 19.96%, 0, 17, 6, 66.80, 249596, 4313, 0, 0
4706, 0, 1696, 2159, 2093, 283, 19.96%, 0, 17, 6, 70.29, 249884, 4313, 0, 0
4711, 0, 1696, 2160, 2094, 283, 19.96%, 0, 17, 6, 60.27, 250172, 4313, 0, 0
4716, 0, 1696, 2160, 2094, 283, 19.96%, 0, 17, 6, 67.75, 250440, 4313, 0, 0
4722, 0, 1696, 2161, 2095, 283, 19.96%, 0, 17, 6, 60.54, 250721, 4313, 0, 0
4727, 0, 1696, 2162, 2096, 283, 19.97%, 0, 17, 6, 65.84, 251051, 4315, 0, 0
4732, 0, 1696, 2163, 2097, 283, 19.97%, 0, 17, 6, 67.88, 251378, 4315, 0, 0
4737, 0, 1696, 2164, 2098, 283, 19.97%, 0, 17, 6, 64.30, 251659, 4315, 0, 0
4742, 0, 1696, 2165, 2099, 283, 19.97%, 0, 17, 6, 63.48, 251977, 4315, 0, 0
4747, 0, 1696, 2165, 2099, 283, 19.97%, 0, 17, 6, 62.68, 252296, 4315, 0, 0
4752, 0, 1696, 2165, 2099, 283, 19.97%, 0, 17, 6, 67.21, 252632, 4315, 0, 0
4757, 0, 1696, 2166, 2100, 283, 19.97%, 0, 17, 6, 70.10, 252898, 4315, 0, 0
4763, 0, 1696, 2167, 2101, 283, 19.97%, 0, 17, 6, 64.20, 253218, 4315, 0, 0
4768, 0, 1696, 2167, 2101, 283, 19.97%, 0, 17, 6, 67.01, 253575, 4315, 0, 0
4773, 0, 1696, 2168, 2102, 283, 19.99%, 0, 17, 6, 64.61, 253905, 4319, 0, 0
4778, 0, 1696, 2169, 2103, 283, 19.99%, 0, 17, 6, 66.98, 254213, 4319, 0, 0
4783, 0, 1696, 2170, 2104, 283, 19.99%, 0, 17, 6, 63.93, 254519, 4319, 0, 0
4788, 0, 1696, 2170, 2104, 283, 19.99%, 0, 17, 6, 71.99, 254901, 4319, 0, 0
4793, 0, 1696, 2170, 2104, 283, 19.99%, 0, 17, 6, 71.09, 255254, 4319, 0, 0
4798, 0, 1696, 2171, 2105, 283, 19.99%, 0, 17, 6, 70.37, 255598, 4319, 0, 0
4803, 0, 1696, 2171, 2105, 283, 19.99%, 0, 17, 6, 62.96, 255918, 4319, 0, 0
4808, 0, 1696, 2172, 2106, 283, 20.01%, 0, 17, 6, 67.97, 256254, 4324, 0, 0
4813, 0, 1696, 2172, 2106, 283, 20.01%, 0, 17, 6, 72.62, 256608, 4324, 0, 0
4818, 0, 1696, 2172, 2106, 283, 20.01%, 0, 17, 6, 64.07, 256919, 4324, 0, 0
4824, 0, 1696, 2172, 2106, 283, 20.01%, 0, 17, 6, 10.45, 257183, 4324, 0, 0
4829, 0, 1696, 2172, 2106, 283, 20.01%, 0, 17, 6, 60.69, 257479, 4324, 0, 0
4834, 0, 1696, 2172, 2106, 283, 20.01%, 0, 17, 6, 64.45, 257793, 4324, 0, 0
4839, 0, 1696, 2174, 2108, 283, 20.03%, 0, 17, 6, 67.75, 258136, 4329, 0, 0
4844, 0, 1696, 2175, 2109, 283, 20.03%, 0, 17, 6, 65.43, 258447, 4329, 0, 0
4849, 0, 1696, 2175, 2109, 283, 20.03%, 0, 17, 6, 63.17, 258750, 4329, 0, 0
4854, 0, 1696, 2175, 2109, 283, 20.03%, 0, 17, 6, 68.83, 259113, 4329, 0, 0
4859, 0, 1696, 2175, 2109, 283, 20.03%, 0, 17, 6, 68.44, 259457, 4329, 0, 0
4864, 0, 1696, 2176, 2110, 283, 20.03%, 0, 17, 6, 67.11, 259783, 4329, 0, 0
4870, 0, 1696, 2176, 2110, 283, 20.03%, 0, 17, 6, 64.18, 260104, 4329, 0, 0
4875, 0, 1696, 2176, 2110, 283, 20.03%, 0, 17, 6, 66.83, 260446, 4329, 0, 0
4880, 0, 1696, 2184, 2117, 282, 20.03%, 0, 17, 6, 7.50, 260604, 4329, 0, 0
4885, 0, 1696, 2193, 2126, 282, 20.03%, 0, 17, 6, 12.13, 260681, 4329, 0, 0
4890, 0, 1696, 2206, 2139, 282, 20.03%, 0, 17, 6, 19.08, 260792, 4329, 0, 0
4896, 0, 1696, 2221, 2154, 282, 20.06%, 0, 17, 6, 27.87, 260915, 4335, 0, 0
4901, 0, 1696, 2237, 2170, 282, 20.11%, 0, 17, 6, 27.33, 261049, 4345, 0, 0
4907, 0, 1696, 2253, 2186, 282, 20.11%, 0, 17, 6, 30.11, 261178, 4345, 0, 0
4912, 0, 1696, 2261, 2194, 282, 20.12%, 0, 17, 6, 25.69, 261249, 4348, 0, 0
4917, 0, 1696, 2268, 2201, 282, 20.12%, 0, 17, 6, 20.53, 261310, 4348, 0, 0
4923, 0, 1696, 2274, 2207, 282, 20.12%, 0, 17, 6, 16.85, 261360, 4348, 0, 0
4928, 0, 1696, 2286, 2219, 282, 20.12%, 0, 17, 6, 24.20, 261457, 4348, 0, 0
4933, 0, 1696, 2302, 2235, 282, 20.13%, 0, 17, 6, 29.93, 261589, 4350, 0, 0
4938, 0, 1696, 2315, 2248, 282, 20.14%, 0, 17, 6, 27.25, 261696, 4352, 0, 0
4943, 0, 1699, 2323, 2256, 340, 20.14%, 0, 17, 6, 32.94, 261833, 4352, 0, 0
4948, 0, 1699, 2325, 2258, 340, 20.15%, 0, 17, 6, 62.58, 262182, 4354, 0, 0
4953, 0, 1699, 2326, 2259, 340, 20.17%, 0, 17, 6, 67.84, 262523, 4358, 0, 0
4958, 0, 1699, 2327, 2260, 340, 20.17%, 0, 17, 6, 10.08, 262800, 4358, 0, 0
4964, 0, 1699, 2327, 2260, 340, 20.17%, 0, 17, 6, 69.63, 263131, 4358, 0, 0
4969, 0, 1699, 2327, 2260, 340, 20.17%, 0, 17, 6, 69.82, 263447, 4358, 0, 0
4974, 0, 1699, 2327, 2260, 340, 20.17%, 0, 17, 6, 63.10, 263754, 4358, 0, 0
4979, 0, 1699, 2327, 2260, 340, 20.17%, 0, 17, 6, 66.29, 264098, 4358, 0, 0
4984, 0, 1699, 2329, 2262, 340, 20.19%, 0, 17, 6, 59.44, 264393, 4362, 0, 0
4989, 0, 1699, 2330, 2263, 340, 20.20%, 0, 17, 6, 61.34, 264690, 4364, 0, 0
4994, 0, 1699, 2330, 2263, 340, 20.20%, 0, 17, 6, 64.46, 265018, 4364, 0, 0
4999, 0, 1699, 2330, 2263, 340, 20.20%, 0, 17, 6, 68.93, 265359, 4364, 0, 0
5004, 0, 1699, 2331, 2264, 340, 20.21%, 0, 17, 6, 68.43, 265693, 4368, 0, 0
5009, 0, 1699, 2332, 2265, 340, 20.23%, 0, 17, 6, 69.56, 266037, 4372, 0, 0
5014, 0, 1699, 2334, 2267, 340, 20.23%, 0, 17, 6, 63.18, 266341, 4372, 0, 0
5020, 0, 1699, 2334, 2267, 340, 20.23%, 0, 17, 6, 68.68, 266697, 4372, 0, 0
5025, 0, 1699, 2335, 2268, 340, 20.25%, 0, 17, 6, 64.50, 267018, 4376, 0, 0
5030, 0, 1699, 2335, 2268, 340, 20.25%, 0, 17, 6, 71.36, 267382, 4376, 0, 0
5035, 0, 1699, 2335, 2268, 340, 20.25%, 0, 17, 6, 66.88, 267697, 4376, 0, 0
5040, 0, 1699, 2335, 2268, 340, 20.25%, 0, 17, 6, 76.11, 268000, 4376, 0, 0
5045, 0, 1699, 2336, 2269, 340, 20.25%, 0, 17, 6, 70.31, 268345, 4376, 0, 0
5050, 0, 1699, 2336, 2269, 340, 20.25%, 0, 17, 6, 64.31, 268665, 4376, 0, 0
5056, 0, 1699, 2337, 2270, 340, 20.25%, 0, 17, 6, 60.54, 268952, 4376, 0, 0
5061, 0, 1699, 2337, 2270, 340, 20.25%, 0, 17, 6, 65.32, 269274, 4376, 0, 0
5066, 0, 1699, 2339, 2272, 340, 20.26%, 0, 17, 6, 77.02, 269572, 4378, 0, 0
5071, 0, 1699, 2339, 2272, 340, 20.26%, 0, 17, 6, 64.94, 269893, 4378, 0, 0
5076, 0, 1699, 2339, 2272, 340, 20.26%, 0, 17, 6, 67.52, 270234, 4378, 0, 0
5081, 0, 1699, 2339, 2272, 340, 20.26%, 0, 17, 6, 72.14, 270602, 4378, 0, 0
5086, 0, 1699, 2339, 2272, 340, 20.26%, 0, 17, 6, 65.64, 270930, 4378, 0, 0
5091, 0, 1699, 2341, 2274, 340, 20.27%, 0, 17, 6, 69.63, 271284, 4380, 0, 0
5096, 0, 1699, 2341, 2274, 340, 20.27%, 0, 17, 6, 70.80, 271647, 4380, 0, 0
5102, 0, 1699, 2342, 2275, 340, 20.27%, 0, 17, 6, 65.21, 271974, 4380, 0, 0
5107, 0, 1699, 2343, 2276, 340, 20.27%, 0, 17, 6, 67.24, 272302, 4380, 0, 0
5112, 0, 1699, 2344, 2277, 340, 20.27%, 0, 17, 6, 67.09, 272578, 4380, 0, 0
5117, 0, 1699, 2344, 2277, 340, 20.27%, 0, 17, 6, 63.95, 272896, 4380, 0, 0
5122, 0, 1699, 2344, 2277, 340, 20.27%, 0, 17, 6, 62.12, 273192, 4380, 0, 0
5127, 0, 1699, 2345, 2278, 340, 20.28%, 0, 17, 6, 64.88, 273520, 4382, 0, 0
5132, 0, 1699, 2346, 2279, 340, 20.28%, 0, 17, 6, 64.43, 273835, 4382, 0, 0
5137, 0, 1699, 2348, 2281, 340, 20.29%, 0, 17, 6, 68.47, 274189, 4384, 0, 0
5142, 0, 1699, 2349, 2282, 340, 20.29%, 0, 17, 6, 73.66, 274551, 4384, 0, 0
5148, 0, 1701, 2350, 2282, 353, 20.29%, 0, 17, 6, 66.34, 275001, 4384, 0, 0
5154, 0, 1701, 2351, 2283, 353, 20.29%, 0, 17, 6, 23.04, 275121, 4384, 0, 0
5159, 0, 1701, 2351, 2283, 353, 20.29%, 0, 17, 6, 39.27, 275346, 4384, 0, 0
5164, 0, 1701, 2351, 2283, 353, 20.29%, 0, 17, 6, 41.35, 275554, 4384, 0, 0
5169, 0, 1701, 2352, 2284, 353, 20.29%, 0, 17, 6, 43.34, 275780, 4384, 0, 0
5174, 0, 1701, 2352, 2284, 353, 20.29%, 0, 17, 6, 46.02, 276017, 4384, 0, 0
5179, 0, 1701, 2352, 2284, 353, 20.29%, 0, 17, 6, 43.93, 276231, 4384, 0, 0
5184, 0, 1701, 2352, 2284, 353, 20.29%, 0, 17, 6, 51.17, 276490, 4384, 0, 0
5190, 0, 1701, 2352, 2284, 353, 20.29%, 0, 17, 6, 46.78, 276714, 4384, 0, 0
5195, 0, 1701, 2352, 2284, 353, 20.29%, 0, 17, 6, 41.63, 276914, 4384, 0, 0
5200, 0, 1701, 2352, 2284, 353, 20.29%, 0, 17, 6, 44.32, 277115, 4384, 0, 0
5205, 0, 1701, 2353, 2285, 353, 20.29%, 0, 17, 6, 43.26, 277340, 4384, 0, 0
5210, 0, 1701, 2354, 2286, 353, 20.31%, 0, 17, 6, 39.65, 277546, 4388, 0, 0
5215, 0, 1701, 2355, 2287, 353, 20.32%, 0, 17, 6, 39.57, 277765, 4390, 0, 0
5220, 0, 1701, 2355, 2287, 353, 20.32%, 0, 17, 6, 93.79, 277987, 4390, 0, 0
5226, 0, 1701, 2355, 2287, 353, 20.32%, 0, 17, 6, 35.87, 278176, 4390, 0, 0
5231, 0, 1701, 2356, 2288, 353, 20.32%, 0, 17, 6, 46.85, 278425, 4390, 0, 0
5236, 0, 1701, 2356, 2288, 353, 20.32%, 0, 17, 6, 45.77, 278647, 4390, 0, 0
5236, 0, 1701, 2356, 2288, 353, 20.32%, 0, 17, 6, 43.35, 278657, 4390, 0, 0
