# relative_time, cycles_done, cur_item, corpus_count, pending_total, pending_favs, map_size, saved_crashes, saved_hangs, max_depth, execs_per_sec, total_execs, edges_found, total_crashes, servers_count
60, 0, 7, 201, 50, 8, 5.34%, 0, 0, 2, 89.59, 6757, 201, 0, 0
65, 0, 7, 202, 51, 8, 5.37%, 0, 0, 2, 89.51, 7208, 202, 0, 0
70, 0, 7, 202, 51, 8, 5.37%, 0, 0, 2, 89.88, 7662, 202, 0, 0
76, 0, 11, 211, 59, 15, 5.50%, 0, 0, 2, 90.60, 8132, 207, 0, 0
81, 0, 11, 225, 73, 15, 5.74%, 0, 0, 2, 90.53, 8592, 216, 0, 0
86, 0, 11, 231, 79, 15, 5.82%, 0, 0, 2, 90.62, 9064, 219, 0, 0
91, 0, 11, 234, 82, 15, 5.82%, 0, 0, 2, 90.64, 9523, 219, 0, 0
96, 0, 11, 237, 85, 15, 5.82%, 0, 0, 2, 90.59, 9986, 219, 0, 0
101, 0, 11, 242, 90, 15, 5.85%, 0, 0, 2, 90.76, 10440, 220, 0, 0
106, 0, 11, 244, 92, 15, 5.85%, 0, 0, 2, 91.33, 10908, 220, 0, 0
111, 0, 11, 247, 95, 15, 5.85%, 0, 0, 2, 90.98, 11380, 220, 0, 0
117, 0, 11, 249, 97, 15, 5.88%, 0, 0, 2, 90.63, 11848, 221, 0, 0
122, 0, 11, 251, 99, 15, 5.90%, 0, 0, 2, 90.83, 12305, 222, 0, 0
127, 0, 11, 253, 101, 15, 5.90%, 0, 0, 2, 90.57, 12762, 222, 0, 0
132, 0, 11, 255, 103, 15, 5.90%, 0, 0, 2, 90.73, 13224, 222, 0, 0
137, 0, 11, 256, 104, 15, 5.90%, 0, 0, 2, 90.44, 13693, 222, 0, 0
142, 0, 11, 256, 104, 15, 5.90%, 0, 0, 2, 90.83, 14166, 222, 0, 0
147, 0, 11, 256, 104, 15, 5.90%, 0, 0, 2, 90.83, 14621, 222, 0, 0
152, 0, 238, 257, 103, 25, 5.90%, 0, 0, 2, 87.35, 15053, 222, 0, 0
157, 0, 238, 261, 107, 25, 5.90%, 0, 0, 3, 89.70, 15519, 222, 0, 0
163, 0, 238, 262, 108, 25, 5.90%, 0, 0, 3, 90.24, 15982, 222, 0, 0
168, 0, 238, 264, 110, 25, 5.90%, 0, 0, 3, 90.26, 16450, 222, 0, 0
173, 0, 238, 265, 111, 25, 5.90%, 0, 0, 3, 90.30, 16914, 222, 0, 0
178, 0, 238, 266, 112, 25, 5.90%, 0, 0, 3, 90.10, 17379, 222, 0, 0
183, 0, 238, 266, 112, 25, 5.90%, 0, 0, 3, 90.70, 17852, 222, 0, 0
188, 0, 238, 266, 112, 25, 5.90%, 0, 0, 3, 89.92, 18316, 222, 0, 0
194, 0, 238, 266, 112, 25, 5.90%, 0, 0, 3, 90.12, 18780, 222, 0, 0
199, 0, 238, 267, 113, 25, 5.90%, 0, 0, 3, 90.26, 19248, 222, 0, 0
204, 0, 238, 267, 113, 25, 5.90%, 0, 0, 3, 90.25, 19716, 222, 0, 0
209, 0, 238, 267, 113, 25, 5.90%, 0, 0, 3, 90.53, 20185, 222, 0, 0
214, 0, 238, 267, 113, 25, 5.90%, 0, 0, 3, 90.72, 20655, 222, 0, 0
219, 0, 238, 267, 113, 25, 5.90%, 0, 0, 3, 90.74, 21127, 222, 0, 0
225, 0, 186, 268, 113, 24, 5.90%, 0, 0, 3, 90.50, 21594, 222, 0, 0
230, 0, 205, 268, 108, 19, 5.90%, 0, 0, 3, 88.57, 22037, 222, 0, 0
235, 0, 200, 268, 103, 15, 5.90%, 0, 0, 3, 87.92, 22490, 222, 0, 0
240, 0, 199, 269, 100, 11, 5.90%, 0, 0, 3, 85.12, 22917, 222, 0, 0
245, 0, 228, 270, 99, 9, 5.90%, 0, 0, 3, 86.57, 23374, 222, 0, 0
250, 0, 223, 271, 96, 5, 5.90%, 0, 0, 3, 85.49, 23813, 222, 0, 0
255, 0, 248, 273, 95, 3, 5.90%, 0, 0, 4, 86.55, 24257, 222, 0, 0
260, 0, 228, 276, 95, 0, 5.90%, 0, 0, 5, 87.89, 24702, 222, 0, 0
265, 0, 228, 279, 98, 0, 5.90%, 0, 0, 5, 89.89, 25166, 222, 0, 0
271, 0, 228, 280, 99, 0, 5.90%, 0, 0, 5, 90.36, 25619, 222, 0, 0
276, 0, 228, 280, 99, 0, 5.90%, 0, 0, 5, 90.43, 26083, 222, 0, 0
281, 0, 224, 280, 99, 0, 5.90%, 0, 0, 5, 90.10, 26545, 222, 0, 0
286, 0, 200, 280, 98, 0, 5.90%, 0, 0, 5, 89.87, 27010, 222, 0, 0
291, 0, 192, 280, 98, 0, 5.90%, 0, 0, 5, 89.52, 27464, 222, 0, 0
296, 0, 215, 280, 97, 0, 5.90%, 0, 0, 5, 90.06, 27922, 222, 0, 0
301, 0, 228, 280, 97, 0, 5.90%, 0, 0, 5, 90.33, 28390, 222, 0, 0
306, 0, 198, 280, 94, 0, 5.90%, 0, 0, 5, 88.12, 28843, 222, 0, 0
311, 0, 197, 280, 92, 0, 5.90%, 0, 0, 5, 89.32, 29301, 222, 0, 0
317, 0, 270, 280, 90, 0, 5.90%, 0, 0, 5, 88.29, 29759, 222, 0, 0
322, 0, 272, 281, 90, 0, 5.90%, 0, 0, 5, 90.03, 30214, 222, 0, 0
327, 0, 197, 281, 90, 0, 5.90%, 0, 0, 5, 89.74, 30668, 222, 0, 0
332, 0, 249, 281, 90, 0, 5.90%, 0, 0, 5, 89.89, 31123, 222, 0, 0
337, 0, 221, 281, 89, 0, 5.90%, 0, 0, 5, 90.39, 31602, 222, 0, 0
342, 0, 238, 281, 87, 0, 5.90%, 0, 0, 5, 90.42, 32061, 222, 0, 0
347, 0, 230, 281, 87, 0, 5.90%, 0, 0, 5, 89.51, 32517, 222, 0, 0
352, 0, 248, 281, 87, 0, 5.90%, 0, 0, 5, 89.69, 32971, 222, 0, 0
357, 0, 197, 281, 87, 0, 5.90%, 0, 0, 5, 89.86, 33430, 222, 0, 0
363, 0, 192, 282, 87, 0, 5.90%, 0, 0, 5, 90.67, 33904, 222, 0, 0
368, 0, 272, 282, 85, 0, 5.90%, 0, 0, 5, 90.09, 34371, 222, 0, 0
373, 0, 215, 282, 84, 0, 5.90%, 0, 0, 5, 90.16, 34833, 222, 0, 0
378, 0, 241, 282, 83, 0, 5.90%, 0, 0, 5, 90.31, 35286, 222, 0, 0
383, 0, 207, 282, 81, 0, 5.90%, 0, 0, 5, 89.24, 35738, 222, 0, 0
388, 0, 209, 282, 79, 0, 5.90%, 0, 0, 5, 89.62, 36196, 222, 0, 0
393, 0, 224, 282, 79, 0, 5.90%, 0, 0, 5, 89.75, 36651, 222, 0, 0
399, 0, 278, 282, 78, 0, 5.90%, 0, 0, 5, 90.04, 37189, 222, 0, 0
404, 0, 264, 282, 76, 0, 5.90%, 0, 0, 5, 89.83, 37648, 222, 0, 0
409, 0, 248, 283, 75, 0, 5.90%, 0, 0, 5, 89.63, 38106, 222, 0, 0
415, 0, 282, 283, 75, 0, 5.90%, 0, 0, 5, 90.24, 38570, 222, 0, 0
420, 0, 271, 285, 77, 0, 5.90%, 0, 0, 5, 90.44, 39041, 222, 0, 0
425, 0, 270, 285, 75, 0, 5.90%, 0, 0, 5, 90.53, 39503, 222, 0, 0
430, 0, 282, 285, 75, 0, 5.90%, 0, 0, 5, 90.26, 39968, 222, 0, 0
435, 0, 192, 285, 75, 0, 5.90%, 0, 0, 5, 90.37, 40433, 222, 0, 0
440, 0, 249, 285, 73, 0, 5.90%, 0, 0, 5, 89.61, 40893, 222, 0, 0
445, 0, 259, 287, 75, 0, 5.90%, 0, 0, 5, 89.74, 41349, 222, 0, 0
450, 0, 272, 287, 75, 0, 5.90%, 0, 0, 5, 89.70, 41803, 222, 0, 0
456, 0, 201, 287, 74, 0, 5.90%, 0, 0, 5, 89.70, 42264, 222, 0, 0
461, 0, 272, 287, 74, 0, 5.90%, 0, 0, 5, 90.06, 42723, 222, 0, 0
466, 0, 195, 287, 74, 0, 5.90%, 0, 0, 5, 89.86, 43185, 222, 0, 0
471, 0, 248, 287, 74, 0, 5.90%, 0, 0, 5, 90.48, 43652, 222, 0, 0
476, 0, 226, 287, 74, 0, 5.90%, 0, 0, 5, 90.64, 44120, 222, 0, 0
481, 0, 199, 288, 75, 0, 5.90%, 0, 0, 5, 91.29, 44593, 222, 0, 0
487, 0, 200, 288, 74, 0, 5.90%, 0, 0, 5, 89.89, 45056, 222, 0, 0
492, 0, 201, 288, 74, 0, 5.90%, 0, 0, 5, 90.63, 45528, 222, 0, 0
497, 0, 248, 288, 74, 0, 5.90%, 0, 0, 5, 90.13, 45989, 222, 0, 0
502, 0, 197, 288, 74, 0, 5.90%, 0, 0, 5, 89.95, 46451, 222, 0, 0
507, 0, 212, 288, 74, 0, 5.90%, 0, 0, 5, 90.45, 46916, 222, 0, 0
512, 0, 9, 288, 74, 0, 5.90%, 0, 0, 5, 90.31, 47396, 222, 0, 0
518, 0, 272, 289, 73, 0, 5.90%, 0, 0, 5, 90.79, 47859, 222, 0, 0
523, 0, 272, 290, 74, 0, 5.90%, 0, 0, 5, 91.15, 48332, 222, 0, 0
528, 0, 224, 290, 73, 0, 5.90%, 0, 0, 5, 88.46, 48793, 222, 0, 0
533, 0, 200, 290, 73, 0, 5.90%, 0, 0, 5, 87.93, 49243, 222, 0, 0
538, 0, 197, 290, 72, 0, 5.90%, 0, 0, 5, 88.84, 49706, 222, 0, 0
543, 0, 262, 291, 72, 0, 5.90%, 0, 0, 5, 89.19, 50160, 222, 0, 0
548, 0, 249, 291, 72, 0, 5.90%, 0, 0, 5, 87.54, 50608, 222, 0, 0
554, 0, 224, 291, 72, 0, 5.90%, 0, 0, 5, 88.80, 51061, 222, 0, 0
559, 0, 201, 291, 72, 0, 5.90%, 0, 0, 5, 88.84, 51513, 222, 0, 0
564, 0, 285, 292, 73, 0, 5.90%, 0, 0, 5, 89.58, 51969, 222, 0, 0
569, 0, 283, 292, 72, 0, 5.90%, 0, 0, 5, 88.73, 52449, 222, 0, 0
574, 0, 282, 293, 72, 0, 5.90%, 0, 0, 5, 90.05, 52916, 222, 0, 0
579, 0, 285, 294, 73, 0, 5.90%, 0, 0, 5, 89.68, 53377, 222, 0, 0
584, 0, 290, 294, 73, 0, 5.90%, 0, 0, 5, 90.32, 53832, 222, 0, 0
589, 0, 207, 294, 72, 0, 5.90%, 0, 0, 5, 89.81, 54287, 222, 0, 0
595, 0, 200, 296, 73, 0, 5.90%, 0, 0, 6, 89.71, 54753, 222, 0, 0
600, 0, 249, 296, 73, 0, 5.90%, 0, 0, 6, 89.41, 55203, 222, 0, 0
605, 0, 288, 296, 72, 0, 5.90%, 0, 0, 6, 90.29, 55658, 222, 0, 0
610, 0, 282, 296, 72, 0, 5.90%, 0, 0, 6, 90.20, 56119, 222, 0, 0
615, 0, 282, 296, 71, 0, 5.90%, 0, 0, 6, 90.23, 56575, 222, 0, 0
620, 0, 288, 296, 71, 0, 5.90%, 0, 0, 6, 90.37, 57041, 222, 0, 0
625, 0, 212, 296, 71, 0, 5.90%, 0, 0, 6, 89.94, 57502, 222, 0, 0
630, 0, 197, 296, 71, 0, 5.90%, 0, 0, 6, 90.04, 57968, 222, 0, 0
635, 0, 201, 296, 71, 0, 5.90%, 0, 0, 6, 89.77, 58422, 222, 0, 0
640, 0, 224, 296, 71, 0, 5.90%, 0, 0, 6, 89.89, 58887, 222, 0, 0
646, 0, 200, 296, 71, 0, 5.90%, 0, 0, 6, 90.09, 59350, 222, 0, 0
651, 0, 288, 296, 71, 0, 5.90%, 0, 0, 6, 90.43, 59813, 222, 0, 0
656, 0, 201, 296, 71, 0, 5.90%, 0, 0, 6, 89.24, 60276, 222, 0, 0
661, 0, 200, 296, 71, 0, 5.90%, 0, 0, 6, 90.27, 60730, 222, 0, 0
667, 0, 296, 298, 72, 1, 5.93%, 0, 0, 6, 90.23, 61293, 223, 0, 0
672, 0, 296, 298, 69, 0, 5.93%, 0, 0, 6, 87.97, 61724, 223, 0, 0
677, 0, 200, 298, 69, 0, 5.93%, 0, 0, 6, 89.65, 62185, 223, 0, 0
682, 0, 224, 298, 69, 0, 5.93%, 0, 0, 6, 89.72, 62641, 223, 0, 0
688, 0, 206, 298, 68, 0, 5.93%, 0, 0, 6, 90.50, 63100, 223, 0, 0
693, 0, 249, 298, 68, 0, 5.93%, 0, 0, 6, 90.06, 63561, 223, 0, 0
698, 0, 201, 298, 67, 0, 5.93%, 0, 0, 6, 89.83, 64014, 223, 0, 0
703, 0, 218, 298, 67, 0, 5.93%, 0, 0, 6, 90.13, 64478, 223, 0, 0
708, 1, 294, 298, 65, 0, 5.93%, 0, 0, 6, 90.08, 64941, 223, 0, 0
713, 1, 284, 300, 66, 0, 5.93%, 0, 0, 7, 90.36, 65409, 223, 0, 0
718, 1, 263, 302, 65, 0, 5.93%, 0, 0, 8, 90.19, 65866, 223, 0, 0
724, 1, 130, 303, 66, 0, 5.93%, 0, 0, 8, 89.91, 66388, 223, 0, 0
729, 1, 16, 303, 63, 0, 5.93%, 0, 0, 8, 89.77, 66854, 223, 0, 0
734, 1, 217, 303, 62, 0, 5.93%, 0, 0, 8, 89.61, 67308, 223, 0, 0
739, 1, 200, 303, 60, 0, 5.93%, 0, 0, 8, 89.23, 67751, 223, 0, 0
744, 1, 295, 303, 59, 0, 5.93%, 0, 0, 8, 90.04, 68214, 223, 0, 0
750, 1, 199, 304, 59, 0, 5.93%, 0, 0, 8, 89.98, 68674, 223, 0, 0
755, 1, 300, 306, 61, 0, 5.93%, 0, 0, 9, 90.49, 69132, 223, 0, 0
760, 1, 127, 306, 59, 0, 5.93%, 0, 0, 9, 90.02, 69583, 223, 0, 0
765, 1, 192, 306, 58, 0, 5.93%, 0, 0, 9, 89.76, 70035, 223, 0, 0
770, 1, 247, 306, 57, 0, 5.93%, 0, 0, 9, 89.93, 70494, 223, 0, 0
775, 1, 135, 306, 56, 0, 5.93%, 0, 0, 9, 89.64, 70946, 223, 0, 0
780, 1, 217, 307, 56, 0, 5.93%, 0, 0, 9, 90.75, 71403, 223, 0, 0
785, 1, 123, 307, 55, 0, 5.93%, 0, 0, 9, 90.80, 71864, 223, 0, 0
790, 1, 304, 307, 53, 0, 5.93%, 0, 0, 9, 89.76, 72323, 223, 0, 0
795, 1, 304, 308, 54, 0, 5.93%, 0, 0, 10, 88.69, 72770, 223, 0, 0
800, 1, 280, 308, 53, 0, 5.93%, 0, 0, 10, 89.09, 73219, 223, 0, 0
805, 1, 188, 308, 52, 0, 5.93%, 0, 0, 10, 89.30, 73670, 223, 0, 0
810, 1, 285, 308, 51, 0, 5.93%, 0, 0, 10, 89.05, 74129, 223, 0, 0
815, 1, 242, 308, 49, 0, 5.93%, 0, 0, 10, 89.06, 74581, 223, 0, 0
820, 1, 201, 308, 48, 0, 5.93%, 0, 0, 10, 89.40, 75032, 223, 0, 0
826, 1, 297, 308, 48, 0, 5.93%, 0, 0, 10, 88.46, 75474, 223, 0, 0
831, 1, 165, 308, 46, 0, 5.93%, 0, 0, 10, 88.78, 75939, 223, 0, 0
836, 1, 305, 308, 45, 0, 5.93%, 0, 0, 10, 89.21, 76396, 223, 0, 0
841, 1, 288, 308, 43, 0, 5.93%, 0, 0, 10, 89.70, 76856, 223, 0, 0
846, 1, 166, 308, 43, 0, 5.93%, 0, 0, 10, 89.95, 77350, 223, 0, 0
852, 1, 248, 308, 41, 0, 5.93%, 0, 0, 10, 89.50, 77811, 223, 0, 0
857, 1, 301, 310, 43, 0, 5.93%, 0, 0, 10, 89.30, 78275, 223, 0, 0
862, 1, 233, 310, 42, 0, 5.93%, 0, 0, 10, 89.19, 78732, 223, 0, 0
867, 1, 200, 310, 41, 0, 5.93%, 0, 0, 10, 89.58, 79187, 223, 0, 0
872, 1, 208, 310, 39, 0, 5.93%, 0, 0, 10, 89.53, 79652, 223, 0, 0
877, 1, 276, 311, 39, 0, 5.93%, 0, 0, 10, 89.22, 80115, 223, 0, 0
882, 1, 224, 311, 37, 0, 5.93%, 0, 0, 10, 89.41, 80570, 223, 0, 0
888, 1, 248, 311, 35, 0, 5.93%, 0, 0, 10, 89.03, 81025, 223, 0, 0
893, 1, 308, 311, 35, 0, 5.93%, 0, 0, 10, 90.19, 81489, 223, 0, 0
898, 1, 308, 312, 36, 0, 5.93%, 0, 0, 10, 89.72, 81946, 223, 0, 0
903, 1, 308, 312, 36, 0, 5.93%, 0, 0, 10, 89.70, 82403, 223, 0, 0
908, 1, 248, 312, 36, 0, 5.93%, 0, 0, 10, 89.71, 82861, 223, 0, 0
913, 1, 248, 312, 35, 0, 5.93%, 0, 0, 10, 89.59, 83316, 223, 0, 0
920, 1, 133, 312, 35, 0, 5.93%, 0, 0, 10, 89.59, 83889, 223, 0, 0
925, 1, 188, 312, 34, 0, 5.93%, 0, 0, 10, 89.56, 84346, 223, 0, 0
930, 1, 227, 312, 34, 0, 5.93%, 0, 0, 10, 88.68, 84796, 223, 0, 0
935, 1, 210, 312, 33, 0, 5.93%, 0, 0, 10, 89.72, 85258, 223, 0, 0
940, 1, 192, 312, 31, 0, 5.93%, 0, 0, 10, 88.45, 85704, 223, 0, 0
945, 1, 255, 312, 31, 0, 5.93%, 0, 0, 10, 89.04, 86160, 223, 0, 0
950, 1, 13, 312, 31, 0, 5.93%, 0, 0, 10, 88.96, 86629, 223, 0, 0
955, 1, 206, 312, 30, 0, 5.93%, 0, 0, 10, 89.01, 87082, 223, 0, 0
961, 1, 309, 312, 30, 0, 5.93%, 0, 0, 10, 89.12, 87574, 223, 0, 0
966, 1, 240, 312, 29, 0, 5.93%, 0, 0, 10, 89.74, 88040, 223, 0, 0
971, 1, 249, 312, 28, 0, 5.93%, 0, 0, 10, 89.50, 88497, 223, 0, 0
976, 1, 200, 312, 28, 0, 5.93%, 0, 0, 10, 89.57, 88953, 223, 0, 0
981, 1, 273, 312, 28, 0, 5.93%, 0, 0, 10, 89.93, 89410, 223, 0, 0
986, 1, 290, 312, 28, 0, 5.93%, 0, 0, 10, 89.55, 89857, 223, 0, 0
991, 1, 209, 312, 28, 0, 5.93%, 0, 0, 10, 89.47, 90315, 223, 0, 0
997, 1, 215, 312, 27, 0, 5.93%, 0, 0, 10, 89.45, 90768, 223, 0, 0
1002, 1, 261, 312, 27, 0, 5.93%, 0, 0, 10, 90.06, 91227, 223, 0, 0
1007, 1, 122, 312, 27, 0, 5.93%, 0, 0, 10, 89.87, 91732, 223, 0, 0
1012, 1, 197, 312, 25, 0, 5.93%, 0, 0, 10, 88.60, 92182, 223, 0, 0
1018, 1, 200, 312, 24, 0, 5.93%, 0, 0, 10, 88.93, 92642, 223, 0, 0
1023, 1, 248, 312, 24, 0, 5.93%, 0, 0, 10, 89.16, 93095, 223, 0, 0
1028, 1, 248, 312, 23, 0, 5.93%, 0, 0, 10, 89.21, 93550, 223, 0, 0
1033, 1, 286, 312, 23, 0, 5.93%, 0, 0, 10, 89.72, 94005, 223, 0, 0
1038, 1, 228, 312, 22, 0, 5.93%, 0, 0, 10, 87.54, 94450, 223, 0, 0
1043, 1, 282, 313, 23, 0, 5.93%, 0, 0, 10, 87.27, 94897, 223, 0, 0
1048, 1, 312, 314, 24, 0, 5.93%, 0, 0, 10, 85.99, 95337, 223, 0, 0
1053, 1, 215, 314, 23, 0, 5.93%, 0, 0, 10, 85.66, 95780, 223, 0, 0
1058, 1, 192, 314, 23, 0, 5.93%, 0, 0, 10, 85.20, 96214, 223, 0, 0
1065, 1, 277, 314, 23, 0, 5.93%, 0, 0, 10, 85.84, 96778, 223, 0, 0
1070, 1, 163, 314, 22, 0, 5.93%, 0, 0, 10, 87.92, 97267, 223, 0, 0
1075, 1, 212, 314, 21, 0, 5.93%, 0, 0, 10, 88.78, 97717, 223, 0, 0
1081, 1, 259, 314, 21, 0, 5.93%, 0, 0, 10, 89.76, 98176, 223, 0, 0
1086, 1, 200, 314, 20, 0, 5.93%, 0, 0, 10, 89.96, 98644, 223, 0, 0
1091, 1, 214, 314, 20, 0, 5.93%, 0, 0, 10, 89.68, 99098, 223, 0, 0
1096, 1, 20, 314, 20, 0, 5.93%, 0, 0, 10, 90.03, 99554, 223, 0, 0
1101, 1, 217, 314, 19, 0, 5.93%, 0, 0, 10, 90.14, 100021, 223, 0, 0
1106, 1, 196, 314, 19, 0, 5.93%, 0, 0, 10, 89.89, 100478, 223, 0, 0
1111, 1, 201, 314, 19, 0, 5.93%, 0, 0, 10, 89.63, 100931, 223, 0, 0
1116, 1, 192, 314, 19, 0, 5.93%, 0, 0, 10, 89.33, 101387, 223, 0, 0
1121, 1, 189, 314, 19, 0, 5.93%, 0, 0, 10, 89.68, 101846, 223, 0, 0
1126, 1, 200, 314, 19, 0, 5.93%, 0, 0, 10, 89.67, 102297, 223, 0, 0
1131, 1, 135, 314, 18, 0, 5.93%, 0, 0, 10, 89.81, 102751, 223, 0, 0
1137, 1, 249, 315, 19, 0, 5.93%, 0, 0, 10, 89.33, 103204, 223, 0, 0
1142, 1, 201, 315, 19, 0, 5.93%, 0, 0, 10, 89.55, 103656, 223, 0, 0
1147, 1, 197, 315, 18, 0, 5.93%, 0, 0, 10, 89.49, 104105, 223, 0, 0
1152, 1, 217, 315, 18, 0, 5.93%, 0, 0, 10, 89.80, 104561, 223, 0, 0
1157, 2, 230, 315, 18, 0, 5.93%, 0, 0, 10, 89.81, 105022, 223, 0, 0
1162, 2, 224, 315, 18, 0, 5.93%, 0, 0, 10, 88.62, 105471, 223, 0, 0
1167, 2, 234, 315, 18, 0, 5.93%, 0, 0, 10, 88.02, 105921, 223, 0, 0
1173, 2, 124, 315, 18, 0, 5.93%, 0, 0, 10, 88.54, 106432, 223, 0, 0
1178, 2, 197, 315, 17, 0, 5.93%, 0, 0, 10, 88.18, 106882, 223, 0, 0
1183, 2, 208, 315, 16, 0, 5.93%, 0, 0, 10, 88.18, 107335, 223, 0, 0
1189, 2, 46, 315, 16, 0, 5.93%, 0, 0, 10, 88.23, 107885, 223, 0, 0
1195, 2, 143, 315, 15, 0, 5.93%, 0, 0, 10, 89.04, 108439, 223, 0, 0
1201, 2, 197, 315, 14, 0, 5.93%, 0, 0, 10, 88.20, 108889, 223, 0, 0
1206, 2, 296, 331, 30, 0, 5.93%, 0, 0, 10, 86.40, 109322, 223, 0, 0
1211, 2, 293, 333, 31, 0, 5.93%, 0, 0, 10, 86.56, 109806, 223, 0, 0
1216, 2, 320, 333, 30, 0, 5.93%, 0, 0, 10, 88.21, 110253, 223, 0, 0
1222, 2, 320, 333, 30, 0, 5.93%, 0, 0, 10, 88.88, 110770, 223, 0, 0
1227, 2, 187, 333, 28, 0, 5.93%, 0, 0, 10, 88.87, 111229, 223, 0, 0
1232, 2, 201, 333, 27, 0, 5.93%, 0, 0, 10, 89.57, 111688, 223, 0, 0
1237, 2, 217, 333, 26, 0, 5.93%, 0, 0, 10, 89.38, 112139, 223, 0, 0
1243, 2, 288, 333, 25, 0, 5.93%, 0, 0, 10, 89.62, 112598, 223, 0, 0
1250, 2, 325, 333, 25, 0, 5.93%, 0, 0, 10, 89.08, 113227, 223, 0, 0
1255, 2, 327, 333, 24, 0, 5.93%, 0, 0, 10, 86.52, 113665, 223, 0, 0
1260, 2, 201, 333, 23, 0, 5.93%, 0, 0, 10, 89.19, 114122, 223, 0, 0
1265, 2, 311, 333, 23, 0, 5.93%, 0, 0, 10, 88.84, 114576, 223, 0, 0
1271, 2, 332, 333, 22, 0, 5.93%, 0, 0, 10, 87.85, 115068, 223, 0, 0
1276, 2, 331, 333, 20, 0, 5.93%, 0, 0, 10, 88.10, 115599, 223, 0, 0
1282, 2, 316, 333, 19, 0, 5.93%, 0, 0, 10, 88.54, 116048, 223, 0, 0
1287, 2, 186, 333, 18, 0, 5.93%, 0, 0, 10, 88.77, 116496, 223, 0, 0
1292, 2, 201, 333, 18, 0, 5.93%, 0, 0, 10, 88.08, 116946, 223, 0, 0
1297, 2, 197, 333, 17, 0, 5.93%, 0, 0, 10, 88.26, 117398, 223, 0, 0
1302, 2, 224, 333, 16, 0, 5.93%, 0, 0, 10, 89.67, 117862, 223, 0, 0
1307, 2, 319, 333, 16, 0, 5.93%, 0, 0, 10, 90.43, 118316, 223, 0, 0
1312, 2, 288, 333, 15, 0, 5.93%, 0, 0, 10, 90.07, 118774, 223, 0, 0
1317, 2, 260, 333, 15, 0, 5.93%, 0, 0, 10, 89.54, 119232, 223, 0, 0
1322, 2, 321, 333, 13, 0, 5.93%, 0, 0, 10, 85.94, 119663, 223, 0, 0
1327, 2, 229, 333, 12, 0, 5.93%, 0, 0, 10, 86.22, 120106, 223, 0, 0
1332, 2, 249, 333, 12, 0, 5.93%, 0, 0, 10, 89.18, 120565, 223, 0, 0
1338, 2, 186, 333, 10, 0, 5.93%, 0, 0, 10, 88.99, 121023, 223, 0, 0
1343, 2, 186, 333, 10, 0, 5.93%, 0, 0, 10, 89.86, 121482, 223, 0, 0
1348, 2, 315, 333, 10, 0, 5.93%, 0, 0, 10, 89.38, 121941, 223, 0, 0
1353, 2, 323, 333, 8, 0, 5.93%, 0, 0, 10, 87.88, 122391, 223, 0, 0
1358, 2, 224, 333, 7, 0, 5.93%, 0, 0, 10, 89.08, 122847, 223, 0, 0
1365, 2, 329, 333, 7, 0, 5.93%, 0, 0, 10, 89.50, 123431, 223, 0, 0
1370, 2, 224, 333, 6, 0, 5.93%, 0, 0, 10, 89.71, 123891, 223, 0, 0
1375, 2, 196, 333, 4, 0, 5.93%, 0, 0, 10, 88.92, 124340, 223, 0, 0
1380, 2, 193, 333, 3, 0, 5.93%, 0, 0, 10, 88.95, 124796, 223, 0, 0
1385, 2, 186, 333, 3, 0, 5.93%, 0, 0, 10, 89.45, 125251, 223, 0, 0
1390, 2, 196, 333, 3, 0, 5.93%, 0, 0, 10, 90.03, 125713, 223, 0, 0
1395, 2, 217, 333, 3, 0, 5.93%, 0, 0, 10, 89.15, 126164, 223, 0, 0
1400, 2, 201, 333, 3, 0, 5.93%, 0, 0, 10, 89.98, 126625, 223, 0, 0
1405, 2, 249, 333, 3, 0, 5.93%, 0, 0, 10, 90.15, 127089, 223, 0, 0
1411, 2, 288, 333, 3, 0, 5.93%, 0, 0, 10, 89.02, 127542, 223, 0, 0
1416, 2, 201, 333, 2, 0, 5.93%, 0, 0, 10, 88.47, 127986, 223, 0, 0
1421, 2, 200, 333, 2, 0, 5.93%, 0, 0, 10, 87.99, 128435, 223, 0, 0
1426, 2, 199, 333, 2, 0, 5.93%, 0, 0, 10, 88.64, 128885, 223, 0, 0
1431, 2, 305, 333, 2, 0, 5.93%, 0, 0, 10, 88.74, 129336, 223, 0, 0
1436, 2, 303, 333, 2, 0, 5.93%, 0, 0, 10, 88.86, 129786, 223, 0, 0
1441, 2, 217, 333, 2, 0, 5.93%, 0, 0, 10, 88.67, 130236, 223, 0, 0
1446, 2, 293, 333, 2, 0, 5.93%, 0, 0, 10, 88.49, 130686, 223, 0, 0
1451, 2, 200, 333, 2, 0, 5.93%, 0, 0, 10, 89.26, 131138, 223, 0, 0
1456, 2, 197, 333, 2, 0, 5.93%, 0, 0, 10, 89.52, 131594, 223, 0, 0
1461, 2, 200, 333, 2, 0, 5.93%, 0, 0, 10, 87.00, 132029, 223, 0, 0
1466, 2, 288, 333, 2, 0, 5.93%, 0, 0, 10, 89.35, 132483, 223, 0, 0
1471, 2, 283, 333, 2, 0, 5.93%, 0, 0, 10, 90.17, 132945, 223, 0, 0
1477, 2, 224, 333, 2, 0, 5.93%, 0, 0, 10, 89.78, 133405, 223, 0, 0
1482, 2, 224, 333, 2, 0, 5.93%, 0, 0, 10, 88.79, 133853, 223, 0, 0
1487, 2, 201, 333, 2, 0, 5.93%, 0, 0, 10, 89.50, 134307, 223, 0, 0
1492, 2, 298, 333, 2, 0, 5.93%, 0, 0, 10, 89.51, 134766, 223, 0, 0
1497, 2, 322, 333, 2, 0, 5.93%, 0, 0, 10, 86.31, 135205, 223, 0, 0
1502, 2, 322, 333, 2, 0, 5.93%, 0, 0, 10, 86.00, 135652, 223, 0, 0
1507, 2, 288, 333, 1, 0, 5.93%, 0, 0, 10, 86.03, 136096, 223, 0, 0
1512, 2, 273, 333, 1, 0, 5.93%, 0, 0, 10, 88.47, 136541, 223, 0, 0
1517, 2, 282, 333, 1, 0, 5.93%, 0, 0, 10, 87.09, 136982, 223, 0, 0
1523, 2, 12, 333, 1, 0, 5.93%, 0, 0, 10, 88.41, 137435, 223, 0, 0
1528, 2, 197, 333, 1, 0, 5.93%, 0, 0, 10, 89.31, 137889, 223, 0, 0
1534, 2, 318, 333, 1, 0, 5.93%, 0, 0, 10, 89.42, 138432, 223, 0, 0
1539, 2, 200, 333, 0, 0, 5.93%, 0, 0, 10, 88.60, 138881, 223, 0, 0
1544, 2, 248, 333, 0, 0, 5.93%, 0, 0, 10, 88.26, 139330, 223, 0, 0
1549, 2, 296, 333, 0, 0, 5.93%, 0, 0, 10, 88.16, 139779, 223, 0, 0
1554, 2, 214, 333, 0, 0, 5.93%, 0, 0, 10, 88.96, 140233, 223, 0, 0
1559, 2, 269, 333, 0, 0, 5.93%, 0, 0, 10, 88.33, 140680, 223, 0, 0
1564, 2, 200, 333, 0, 0, 5.93%, 0, 0, 10, 89.07, 141134, 223, 0, 0
1569, 2, 248, 333, 0, 0, 5.93%, 0, 0, 10, 89.11, 141584, 223, 0, 0
1574, 2, 207, 333, 0, 0, 5.93%, 0, 0, 10, 89.43, 142039, 223, 0, 0
1580, 3, 283, 333, 0, 0, 5.93%, 0, 0, 10, 88.13, 142491, 223, 0, 0
1585, 3, 215, 333, 0, 0, 5.93%, 0, 0, 10, 89.38, 142950, 223, 0, 0
1590, 3, 217, 333, 0, 0, 5.93%, 0, 0, 10, 89.47, 143405, 223, 0, 0
1595, 3, 214, 333, 0, 0, 5.93%, 0, 0, 10, 89.50, 143862, 223, 0, 0
1600, 3, 288, 333, 0, 0, 5.93%, 0, 0, 10, 88.53, 144309, 223, 0, 0
1605, 3, 260, 333, 0, 0, 5.93%, 0, 0, 10, 89.06, 144768, 223, 0, 0
1610, 3, 207, 333, 0, 0, 5.93%, 0, 0, 10, 88.96, 145220, 223, 0, 0
1615, 3, 206, 333, 0, 0, 5.93%, 0, 0, 10, 87.86, 145667, 223, 0, 0
1620, 3, 200, 333, 0, 0, 5.93%, 0, 0, 10, 88.48, 146117, 223, 0, 0
1625, 3, 303, 333, 0, 0, 5.93%, 0, 0, 10, 87.18, 146562, 223, 0, 0
1630, 3, 224, 333, 0, 0, 5.93%, 0, 0, 10, 88.64, 147014, 223, 0, 0
1636, 3, 213, 333, 0, 0, 5.93%, 0, 0, 10, 88.99, 147465, 223, 0, 0
1641, 3, 294, 333, 0, 0, 5.93%, 0, 0, 10, 89.49, 147918, 223, 0, 0
1646, 3, 207, 333, 0, 0, 5.93%, 0, 0, 10, 90.04, 148368, 223, 0, 0
1651, 3, 248, 333, 0, 0, 5.93%, 0, 0, 10, 88.67, 148815, 223, 0, 0
1656, 3, 316, 333, 0, 0, 5.93%, 0, 0, 10, 88.14, 149261, 223, 0, 0
1661, 3, 295, 333, 0, 0, 5.93%, 0, 0, 10, 89.43, 149718, 223, 0, 0
1666, 3, 224, 333, 0, 0, 5.93%, 0, 0, 10, 88.92, 150170, 223, 0, 0
1671, 3, 186, 333, 0, 0, 5.93%, 0, 0, 10, 88.72, 150620, 223, 0, 0
1676, 3, 192, 333, 0, 0, 5.93%, 0, 0, 10, 89.07, 151070, 223, 0, 0
1681, 3, 317, 333, 0, 0, 5.93%, 0, 0, 10, 89.44, 151532, 223, 0, 0
1686, 3, 224, 333, 0, 0, 5.93%, 0, 0, 10, 88.49, 151977, 223, 0, 0
1692, 3, 197, 333, 0, 0, 5.93%, 0, 0, 10, 89.03, 152438, 223, 0, 0
1697, 3, 257, 333, 0, 0, 5.93%, 0, 0, 10, 89.79, 152897, 223, 0, 0
1702, 3, 197, 333, 0, 0, 5.93%, 0, 0, 10, 89.01, 153348, 223, 0, 0
1707, 3, 197, 333, 0, 0, 5.93%, 0, 0, 10, 88.48, 153798, 223, 0, 0
1712, 3, 197, 333, 0, 0, 5.93%, 0, 0, 10, 88.55, 154247, 223, 0, 0
1717, 3, 207, 333, 0, 0, 5.93%, 0, 0, 10, 88.06, 154696, 223, 0, 0
1722, 3, 201, 333, 0, 0, 5.93%, 0, 0, 10, 86.94, 155144, 223, 0, 0
1727, 3, 208, 333, 0, 0, 5.93%, 0, 0, 10, 86.78, 155585, 223, 0, 0
1732, 3, 227, 333, 0, 0, 5.93%, 0, 0, 10, 85.96, 156027, 223, 0, 0
1738, 3, 251, 333, 0, 0, 5.93%, 0, 0, 10, 88.05, 156476, 223, 0, 0
1743, 3, 206, 333, 0, 0, 5.93%, 0, 0, 10, 88.37, 156925, 223, 0, 0
1748, 3, 249, 333, 0, 0, 5.93%, 0, 0, 10, 86.65, 157368, 223, 0, 0
1753, 3, 299, 333, 0, 0, 5.93%, 0, 0, 10, 87.58, 157816, 223, 0, 0
1758, 3, 316, 333, 0, 0, 5.93%, 0, 0, 10, 88.19, 158268, 223, 0, 0
1763, 3, 295, 334, 1, 0, 5.93%, 0, 0, 10, 88.93, 158718, 223, 0, 0
1768, 3, 290, 334, 1, 0, 5.93%, 0, 0, 10, 88.40, 159168, 223, 0, 0
1773, 3, 333, 334, 1, 0, 5.93%, 0, 0, 10, 87.95, 159617, 223, 0, 0
1778, 3, 333, 334, 1, 0, 5.93%, 0, 0, 10, 88.63, 160067, 223, 0, 0
1783, 3, 333, 334, 1, 0, 5.93%, 0, 0, 10, 88.71, 160517, 223, 0, 0
1788, 3, 333, 334, 1, 0, 5.93%, 0, 0, 10, 87.67, 160964, 223, 0, 0
1794, 3, 135, 334, 0, 0, 5.93%, 0, 0, 10, 87.68, 161411, 223, 0, 0
1799, 3, 224, 334, 0, 0, 5.93%, 0, 0, 10, 87.94, 161860, 223, 0, 0
1804, 3, 212, 334, 0, 0, 5.93%, 0, 0, 10, 88.31, 162311, 223, 0, 0
1809, 3, 197, 334, 0, 0, 5.93%, 0, 0, 10, 88.83, 162762, 223, 0, 0
1814, 3, 288, 334, 0, 0, 5.93%, 0, 0, 10, 89.06, 163216, 223, 0, 0
1819, 3, 206, 334, 0, 0, 5.93%, 0, 0, 10, 88.78, 163670, 223, 0, 0
1824, 3, 191, 334, 0, 0, 5.93%, 0, 0, 10, 89.22, 164123, 223, 0, 0
1829, 3, 200, 334, 0, 0, 5.93%, 0, 0, 10, 88.49, 164573, 223, 0, 0
1834, 3, 186, 334, 0, 0, 5.93%, 0, 0, 10, 88.23, 165022, 223, 0, 0
1839, 3, 217, 334, 0, 0, 5.93%, 0, 0, 10, 88.14, 165472, 223, 0, 0
1844, 3, 319, 334, 0, 0, 5.93%, 0, 0, 10, 88.46, 165922, 223, 0, 0
1850, 3, 208, 334, 0, 0, 5.93%, 0, 0, 10, 88.79, 166374, 223, 0, 0
1855, 3, 282, 334, 0, 0, 5.93%, 0, 0, 10, 88.67, 166823, 223, 0, 0
1860, 3, 199, 334, 0, 0, 5.93%, 0, 0, 10, 88.79, 167275, 223, 0, 0
1865, 3, 215, 334, 0, 0, 5.93%, 0, 0, 10, 88.66, 167726, 223, 0, 0
1870, 3, 305, 334, 0, 0, 5.93%, 0, 0, 10, 88.63, 168175, 223, 0, 0
1875, 3, 271, 334, 0, 0, 5.93%, 0, 0, 10, 89.03, 168628, 223, 0, 0
1880, 3, 282, 334, 0, 0, 5.93%, 0, 0, 10, 88.98, 169079, 223, 0, 0
1885, 3, 219, 334, 0, 0, 5.93%, 0, 0, 10, 89.18, 169534, 223, 0, 0
1890, 3, 210, 334, 0, 0, 5.93%, 0, 0, 10, 89.29, 169988, 223, 0, 0
1895, 3, 316, 334, 0, 0, 5.93%, 0, 0, 10, 85.97, 170429, 223, 0, 0
1901, 3, 215, 334, 0, 0, 5.93%, 0, 0, 10, 86.47, 170878, 223, 0, 0
1906, 3, 186, 334, 0, 0, 5.93%, 0, 0, 10, 87.99, 171327, 223, 0, 0
1911, 3, 197, 334, 0, 0, 5.93%, 0, 0, 10, 88.78, 171777, 223, 0, 0
1916, 3, 329, 336, 2, 0, 5.93%, 0, 0, 10, 89.57, 172233, 223, 0, 0
1921, 3, 320, 336, 2, 0, 5.93%, 0, 0, 10, 88.81, 172684, 223, 0, 0
1926, 3, 264, 336, 2, 0, 5.93%, 0, 0, 10, 88.57, 173136, 223, 0, 0
1931, 3, 319, 336, 2, 0, 5.93%, 0, 0, 10, 88.67, 173587, 223, 0, 0
1937, 3, 335, 337, 3, 0, 5.93%, 0, 0, 10, 89.05, 174152, 223, 0, 0
1942, 3, 246, 337, 2, 0, 5.93%, 0, 0, 10, 88.15, 174601, 223, 0, 0
1948, 3, 195, 337, 2, 0, 5.93%, 0, 0, 10, 88.58, 175051, 223, 0, 0
1953, 3, 281, 337, 2, 0, 5.93%, 0, 0, 10, 88.20, 175503, 223, 0, 0
1958, 3, 244, 337, 2, 0, 5.93%, 0, 0, 10, 88.84, 175954, 223, 0, 0
1963, 3, 203, 337, 2, 0, 5.93%, 0, 0, 10, 88.94, 176404, 223, 0, 0
1968, 4, 289, 337, 2, 0, 5.93%, 0, 0, 10, 89.19, 176856, 223, 0, 0
1973, 4, 221, 337, 2, 0, 5.93%, 0, 0, 10, 89.00, 177310, 223, 0, 0
1978, 4, 200, 337, 2, 0, 5.93%, 0, 0, 10, 88.94, 177761, 223, 0, 0
1983, 4, 313, 337, 2, 0, 5.93%, 0, 0, 10, 88.30, 178221, 223, 0, 0
1988, 4, 241, 337, 2, 0, 5.93%, 0, 0, 10, 88.35, 178669, 223, 0, 0
1993, 4, 206, 337, 2, 0, 5.93%, 0, 0, 10, 88.67, 179119, 223, 0, 0
1998, 4, 249, 337, 2, 0, 5.93%, 0, 0, 10, 88.67, 179570, 223, 0, 0
2004, 4, 192, 337, 2, 0, 5.93%, 0, 0, 10, 88.82, 180022, 223, 0, 0
2009, 4, 215, 337, 2, 0, 5.93%, 0, 0, 10, 88.53, 180472, 223, 0, 0
2014, 4, 193, 337, 2, 0, 5.93%, 0, 0, 10, 88.59, 180922, 223, 0, 0
2019, 4, 292, 337, 2, 0, 5.93%, 0, 0, 10, 88.75, 181372, 223, 0, 0
2024, 4, 334, 337, 2, 0, 5.93%, 0, 0, 10, 88.76, 181820, 223, 0, 0
2029, 4, 336, 337, 1, 0, 5.93%, 0, 0, 10, 89.07, 182272, 223, 0, 0
2034, 4, 273, 337, 0, 0, 5.93%, 0, 0, 10, 89.01, 182722, 223, 0, 0
2039, 4, 271, 337, 0, 0, 5.93%, 0, 0, 10, 89.25, 183177, 223, 0, 0
2044, 4, 215, 337, 0, 0, 5.93%, 0, 0, 10, 88.75, 183628, 223, 0, 0
2049, 4, 215, 337, 0, 0, 5.93%, 0, 0, 10, 88.72, 184080, 223, 0, 0
2054, 4, 316, 337, 0, 0, 5.93%, 0, 0, 10, 88.93, 184530, 223, 0, 0
2059, 4, 270, 337, 0, 0, 5.93%, 0, 0, 10, 88.91, 184982, 223, 0, 0
2064, 4, 298, 337, 0, 0, 5.93%, 0, 0, 10, 88.95, 185435, 223, 0, 0
2070, 4, 217, 337, 0, 0, 5.93%, 0, 0, 10, 88.81, 185888, 223, 0, 0
2075, 4, 207, 337, 0, 0, 5.93%, 0, 0, 10, 88.02, 186338, 223, 0, 0
2080, 4, 307, 337, 0, 0, 5.93%, 0, 0, 10, 87.45, 186788, 223, 0, 0
2085, 4, 282, 337, 0, 0, 5.93%, 0, 0, 10, 87.92, 187237, 223, 0, 0
2090, 4, 199, 337, 0, 0, 5.93%, 0, 0, 10, 88.96, 187690, 223, 0, 0
2095, 4, 249, 337, 0, 0, 5.93%, 0, 0, 10, 88.80, 188140, 223, 0, 0
2100, 4, 282, 337, 0, 0, 5.93%, 0, 0, 10, 88.23, 188589, 223, 0, 0
2105, 4, 251, 337, 0, 0, 5.93%, 0, 0, 10, 88.81, 189040, 223, 0, 0
2110, 4, 192, 337, 0, 0, 5.93%, 0, 0, 10, 88.96, 189492, 223, 0, 0
2115, 4, 214, 337, 0, 0, 5.93%, 0, 0, 10, 88.76, 189942, 223, 0, 0
2121, 4, 199, 337, 0, 0, 5.93%, 0, 0, 10, 89.28, 190396, 223, 0, 0
2126, 4, 186, 337, 0, 0, 5.93%, 0, 0, 10, 88.85, 190848, 223, 0, 0
2131, 4, 217, 337, 0, 0, 5.93%, 0, 0, 10, 89.09, 191298, 223, 0, 0
2136, 4, 191, 337, 0, 0, 5.93%, 0, 0, 10, 89.06, 191749, 223, 0, 0
2141, 4, 305, 337, 0, 0, 5.93%, 0, 0, 10, 89.31, 192202, 223, 0, 0
2146, 4, 201, 337, 0, 0, 5.93%, 0, 0, 10, 89.62, 192656, 223, 0, 0
2151, 4, 235, 337, 0, 0, 5.93%, 0, 0, 10, 89.15, 193107, 223, 0, 0
2156, 4, 214, 337, 0, 0, 5.93%, 0, 0, 10, 89.36, 193564, 223, 0, 0
2161, 4, 214, 337, 0, 0, 5.93%, 0, 0, 10, 89.04, 194014, 223, 0, 0
2166, 4, 311, 337, 0, 0, 5.93%, 0, 0, 10, 87.92, 194464, 223, 0, 0
2171, 4, 288, 337, 0, 0, 5.93%, 0, 0, 10, 88.52, 194915, 223, 0, 0
2176, 4, 320, 337, 0, 0, 5.93%, 0, 0, 10, 88.37, 195366, 223, 0, 0
2182, 4, 200, 337, 0, 0, 5.93%, 0, 0, 10, 89.03, 195818, 223, 0, 0
2187, 4, 295, 337, 0, 0, 5.93%, 0, 0, 10, 89.36, 196270, 223, 0, 0
2192, 4, 209, 337, 0, 0, 5.93%, 0, 0, 10, 86.76, 196713, 223, 0, 0
2197, 4, 334, 337, 0, 0, 5.93%, 0, 0, 10, 87.15, 197162, 223, 0, 0
2202, 4, 224, 337, 0, 0, 5.93%, 0, 0, 10, 88.28, 197613, 223, 0, 0
2207, 4, 193, 337, 0, 0, 5.93%, 0, 0, 10, 89.07, 198063, 223, 0, 0
2212, 4, 214, 337, 0, 0, 5.93%, 0, 0, 10, 89.49, 198517, 223, 0, 0
2217, 4, 212, 337, 0, 0, 5.93%, 0, 0, 10, 89.37, 198969, 223, 0, 0
2222, 4, 300, 337, 0, 0, 5.93%, 0, 0, 10, 87.69, 199417, 223, 0, 0
2227, 4, 200, 337, 0, 0, 5.93%, 0, 0, 10, 89.03, 199869, 223, 0, 0
2232, 4, 200, 337, 0, 0, 5.93%, 0, 0, 10, 89.56, 200324, 223, 0, 0
2237, 4, 217, 337, 0, 0, 5.93%, 0, 0, 10, 89.86, 200782, 223, 0, 0
2242, 4, 201, 337, 0, 0, 5.93%, 0, 0, 10, 88.55, 201224, 223, 0, 0
2248, 4, 336, 337, 0, 0, 5.93%, 0, 0, 10, 88.77, 201679, 223, 0, 0
2253, 4, 201, 337, 0, 0, 5.93%, 0, 0, 10, 89.69, 202143, 223, 0, 0
2258, 4, 253, 337, 0, 0, 5.93%, 0, 0, 10, 89.71, 202596, 223, 0, 0
2263, 4, 295, 337, 0, 0, 5.93%, 0, 0, 10, 89.98, 203055, 223, 0, 0
2268, 4, 248, 337, 0, 0, 5.93%, 0, 0, 10, 89.82, 203515, 223, 0, 0
2273, 4, 279, 337, 0, 0, 5.93%, 0, 0, 10, 89.86, 203972, 223, 0, 0
2278, 4, 224, 337, 0, 0, 5.93%, 0, 0, 10, 89.77, 204427, 223, 0, 0
2283, 4, 212, 337, 0, 0, 5.93%, 0, 0, 10, 89.93, 204887, 223, 0, 0
2288, 4, 244, 337, 0, 0, 5.93%, 0, 0, 10, 87.92, 205340, 223, 0, 0
2294, 4, 249, 337, 0, 0, 5.93%, 0, 0, 10, 89.25, 205797, 223, 0, 0
2299, 5, 241, 337, 0, 0, 5.93%, 0, 0, 10, 89.88, 206255, 223, 0, 0
2304, 5, 285, 337, 0, 0, 5.93%, 0, 0, 10, 87.40, 206702, 223, 0, 0
2309, 5, 282, 337, 0, 0, 5.93%, 0, 0, 10, 87.37, 207154, 223, 0, 0
2314, 5, 206, 337, 0, 0, 5.93%, 0, 0, 10, 89.16, 207609, 223, 0, 0
2319, 5, 217, 337, 0, 0, 5.93%, 0, 0, 10, 89.55, 208071, 223, 0, 0
2324, 5, 197, 337, 0, 0, 5.93%, 0, 0, 10, 89.21, 208519, 223, 0, 0
2329, 5, 215, 337, 0, 0, 5.93%, 0, 0, 10, 89.44, 208969, 223, 0, 0
2334, 5, 190, 337, 0, 0, 5.93%, 0, 0, 10, 89.40, 209420, 223, 0, 0
2339, 5, 212, 337, 0, 0, 5.93%, 0, 0, 10, 88.98, 209872, 223, 0, 0
2344, 5, 321, 337, 0, 0, 5.93%, 0, 0, 10, 88.90, 210323, 223, 0, 0
2350, 5, 321, 337, 0, 0, 5.93%, 0, 0, 10, 86.39, 210765, 223, 0, 0
2355, 5, 214, 337, 0, 0, 5.93%, 0, 0, 10, 85.92, 211203, 223, 0, 0
2360, 5, 197, 337, 0, 0, 5.93%, 0, 0, 10, 88.74, 211656, 223, 0, 0
2365, 5, 320, 337, 0, 0, 5.93%, 0, 0, 10, 91.29, 212121, 223, 0, 0
2370, 5, 320, 337, 0, 0, 5.93%, 0, 0, 10, 92.85, 212596, 223, 0, 0
2375, 5, 320, 337, 0, 0, 5.93%, 0, 0, 10, 93.26, 213071, 223, 0, 0
2380, 5, 320, 337, 0, 0, 5.93%, 0, 0, 10, 91.93, 213544, 223, 0, 0
2385, 5, 320, 337, 0, 0, 5.93%, 0, 0, 10, 91.62, 214019, 223, 0, 0
2391, 5, 320, 337, 0, 0, 5.93%, 0, 0, 10, 91.00, 214492, 223, 0, 0
2396, 5, 229, 337, 0, 0, 5.93%, 0, 0, 10, 88.28, 214942, 223, 0, 0
2401, 5, 297, 337, 0, 0, 5.93%, 0, 0, 10, 86.76, 215390, 223, 0, 0
2406, 5, 294, 337, 0, 0, 5.93%, 0, 0, 10, 87.41, 215833, 223, 0, 0
2411, 5, 258, 337, 0, 0, 5.93%, 0, 0, 10, 87.85, 216287, 223, 0, 0
2416, 5, 343, 344, 7, 1, 5.96%, 0, 0, 10, 86.88, 216724, 224, 0, 0
2421, 5, 343, 344, 7, 1, 5.96%, 0, 0, 10, 84.58, 217155, 224, 0, 0
2426, 5, 343, 344, 7, 1, 5.96%, 0, 0, 10, 84.20, 217580, 224, 0, 0
2431, 5, 343, 344, 7, 1, 5.96%, 0, 0, 10, 84.10, 218005, 224, 0, 0
2436, 5, 343, 344, 7, 1, 5.96%, 0, 0, 10, 83.88, 218430, 224, 0, 0
2442, 5, 282, 344, 6, 0, 5.96%, 0, 0, 10, 85.92, 218874, 224, 0, 0
2447, 5, 341, 344, 6, 0, 5.96%, 0, 0, 10, 89.12, 219336, 224, 0, 0
2452, 5, 341, 344, 6, 0, 5.96%, 0, 0, 10, 88.39, 219786, 224, 0, 0
2457, 5, 341, 344, 6, 0, 5.96%, 0, 0, 10, 87.88, 220236, 224, 0, 0
2462, 5, 341, 344, 6, 0, 5.96%, 0, 0, 10, 88.15, 220686, 224, 0, 0
2467, 5, 341, 344, 6, 0, 5.96%, 0, 0, 10, 88.27, 221144, 224, 0, 0
2472, 5, 342, 344, 5, 0, 5.96%, 0, 0, 10, 87.95, 221607, 224, 0, 0
2478, 5, 298, 345, 5, 0, 5.96%, 0, 0, 10, 89.47, 222073, 224, 0, 0
2483, 5, 337, 345, 5, 0, 5.96%, 0, 0, 10, 89.05, 222536, 224, 0, 0
2489, 5, 339, 345, 4, 0, 5.96%, 0, 0, 10, 87.94, 223113, 224, 0, 0
2494, 5, 340, 345, 3, 0, 5.96%, 0, 0, 10, 89.41, 223568, 224, 0, 0
2499, 5, 340, 345, 3, 0, 5.96%, 0, 0, 10, 89.48, 224019, 224, 0, 0
2504, 5, 340, 345, 3, 0, 5.96%, 0, 0, 10, 89.62, 224471, 224, 0, 0
2511, 5, 340, 345, 3, 0, 5.96%, 0, 0, 10, 89.56, 225012, 224, 0, 0
2516, 5, 343, 345, 2, 0, 5.96%, 0, 0, 10, 88.81, 225468, 224, 0, 0
2521, 5, 316, 345, 2, 0, 5.96%, 0, 0, 10, 89.12, 225920, 224, 0, 0
2526, 5, 208, 345, 2, 0, 5.96%, 0, 0, 10, 88.12, 226371, 224, 0, 0
2531, 5, 248, 345, 2, 0, 5.96%, 0, 0, 10, 89.67, 226833, 224, 0, 0
2536, 5, 338, 345, 2, 0, 5.96%, 0, 0, 10, 88.67, 227303, 224, 0, 0
2541, 5, 259, 345, 1, 0, 5.96%, 0, 0, 10, 88.94, 227755, 224, 0, 0
2547, 5, 344, 345, 1, 0, 5.96%, 0, 0, 10, 88.43, 228211, 224, 0, 0
2552, 5, 186, 345, 0, 0, 5.96%, 0, 0, 10, 88.36, 228667, 224, 0, 0
2557, 5, 214, 345, 0, 0, 5.96%, 0, 0, 10, 88.81, 229119, 224, 0, 0
2562, 5, 191, 345, 0, 0, 5.96%, 0, 0, 10, 84.23, 229547, 224, 0, 0
2567, 5, 282, 345, 0, 0, 5.96%, 0, 0, 10, 88.10, 230001, 224, 0, 0
2572, 5, 212, 345, 0, 0, 5.96%, 0, 0, 10, 88.51, 230451, 224, 0, 0
2577, 5, 288, 345, 0, 0, 5.96%, 0, 0, 10, 88.50, 230900, 224, 0, 0
2582, 5, 186, 345, 0, 0, 5.96%, 0, 0, 10, 88.66, 231350, 224, 0, 0
2587, 5, 217, 345, 0, 0, 5.96%, 0, 0, 10, 88.51, 231800, 224, 0, 0
2592, 5, 316, 345, 0, 0, 5.96%, 0, 0, 10, 88.85, 232250, 224, 0, 0
2598, 5, 200, 345, 0, 0, 5.96%, 0, 0, 10, 86.03, 232691, 224, 0, 0
2603, 5, 243, 345, 0, 0, 5.96%, 0, 0, 10, 87.57, 233138, 224, 0, 0
2608, 5, 195, 345, 0, 0, 5.96%, 0, 0, 10, 88.53, 233588, 224, 0, 0
2613, 5, 201, 345, 0, 0, 5.96%, 0, 0, 10, 87.89, 234033, 224, 0, 0
2618, 5, 249, 345, 0, 0, 5.96%, 0, 0, 10, 87.53, 234479, 224, 0, 0
2623, 5, 207, 345, 0, 0, 5.96%, 0, 0, 10, 88.10, 234929, 224, 0, 0
2628, 5, 208, 345, 0, 0, 5.96%, 0, 0, 10, 87.19, 235374, 224, 0, 0
2633, 5, 289, 345, 0, 0, 5.96%, 0, 0, 10, 87.29, 235817, 224, 0, 0
2638, 5, 282, 345, 0, 0, 5.96%, 0, 0, 10, 87.73, 236258, 224, 0, 0
2643, 5, 123, 345, 0, 0, 5.96%, 0, 0, 10, 87.41, 236703, 224, 0, 0
2648, 5, 288, 345, 0, 0, 5.96%, 0, 0, 10, 87.80, 237153, 224, 0, 0
2654, 5, 197, 345, 0, 0, 5.96%, 0, 0, 10, 86.72, 237597, 224, 0, 0
2659, 5, 248, 345, 0, 0, 5.96%, 0, 0, 10, 87.91, 238047, 224, 0, 0
2664, 5, 199, 345, 0, 0, 5.96%, 0, 0, 10, 88.60, 238498, 224, 0, 0
2669, 5, 250, 345, 0, 0, 5.96%, 0, 0, 10, 87.97, 238947, 224, 0, 0
2674, 5, 186, 345, 0, 0, 5.96%, 0, 0, 10, 87.92, 239396, 224, 0, 0
2679, 5, 197, 345, 0, 0, 5.96%, 0, 0, 10, 87.79, 239845, 224, 0, 0
2684, 5, 9, 345, 0, 0, 5.96%, 0, 0, 10, 88.21, 240295, 224, 0, 0
2689, 5, 217, 345, 0, 0, 5.96%, 0, 0, 10, 83.85, 240729, 224, 0, 0
2694, 5, 191, 345, 0, 0, 5.96%, 0, 0, 10, 86.45, 241170, 224, 0, 0
2700, 5, 195, 345, 0, 0, 5.96%, 0, 0, 10, 87.75, 241620, 224, 0, 0
2705, 5, 201, 345, 0, 0, 5.96%, 0, 0, 10, 88.09, 242070, 224, 0, 0
2710, 5, 282, 345, 0, 0, 5.96%, 0, 0, 10, 88.19, 242520, 224, 0, 0
2715, 6, 191, 345, 0, 0, 5.96%, 0, 0, 10, 88.03, 242971, 224, 0, 0
2720, 6, 248, 345, 0, 0, 5.96%, 0, 0, 10, 86.62, 243415, 224, 0, 0
2725, 6, 270, 345, 0, 0, 5.96%, 0, 0, 10, 87.23, 243861, 224, 0, 0
2730, 6, 186, 346, 1, 0, 5.96%, 0, 0, 10, 87.51, 244308, 224, 0, 0
2735, 6, 201, 346, 1, 0, 5.96%, 0, 0, 10, 88.26, 244757, 224, 0, 0
2740, 6, 197, 346, 1, 0, 5.96%, 0, 0, 10, 88.33, 245207, 224, 0, 0
2746, 6, 190, 346, 1, 0, 5.96%, 0, 0, 10, 87.80, 245657, 224, 0, 0
2751, 6, 287, 346, 1, 0, 5.96%, 0, 0, 10, 88.40, 246106, 224, 0, 0
2756, 6, 235, 346, 1, 0, 5.96%, 0, 0, 10, 88.53, 246557, 224, 0, 0
2761, 6, 186, 346, 1, 0, 5.96%, 0, 0, 10, 88.22, 247002, 224, 0, 0
2766, 6, 274, 346, 1, 0, 5.96%, 0, 0, 10, 88.49, 247452, 224, 0, 0
2771, 6, 249, 346, 1, 0, 5.96%, 0, 0, 10, 88.46, 247903, 224, 0, 0
2776, 6, 186, 346, 1, 0, 5.96%, 0, 0, 10, 88.50, 248354, 224, 0, 0
2781, 6, 288, 346, 1, 0, 5.96%, 0, 0, 10, 87.14, 248801, 224, 0, 0
2786, 6, 308, 346, 1, 0, 5.96%, 0, 0, 10, 86.99, 249250, 224, 0, 0
2791, 6, 190, 346, 1, 0, 5.96%, 0, 0, 10, 87.77, 249699, 224, 0, 0
2797, 6, 190, 346, 1, 0, 5.96%, 0, 0, 10, 87.27, 250143, 224, 0, 0
2802, 6, 308, 346, 1, 0, 5.96%, 0, 0, 10, 87.59, 250592, 224, 0, 0
2807, 6, 206, 346, 1, 0, 5.96%, 0, 0, 10, 87.35, 251041, 224, 0, 0
2812, 6, 192, 346, 1, 0, 5.96%, 0, 0, 10, 87.84, 251490, 224, 0, 0
2817, 6, 251, 346, 1, 0, 5.96%, 0, 0, 10, 87.97, 251940, 224, 0, 0
2823, 6, 345, 346, 1, 0, 5.96%, 0, 0, 10, 85.72, 252447, 224, 0, 0
2828, 6, 186, 346, 0, 0, 5.96%, 0, 0, 10, 86.56, 252888, 224, 0, 0
2833, 6, 282, 346, 0, 0, 5.96%, 0, 0, 10, 87.19, 253337, 224, 0, 0
2838, 6, 316, 346, 0, 0, 5.96%, 0, 0, 10, 88.20, 253787, 224, 0, 0
2843, 6, 199, 346, 0, 0, 5.96%, 0, 0, 10, 87.57, 254234, 224, 0, 0
2848, 6, 208, 346, 0, 0, 5.96%, 0, 0, 10, 88.12, 254683, 224, 0, 0
2854, 6, 232, 346, 0, 0, 5.96%, 0, 0, 10, 88.10, 255132, 224, 0, 0
2859, 6, 264, 346, 0, 0, 5.96%, 0, 0, 10, 88.21, 255581, 224, 0, 0
2864, 6, 261, 346, 0, 0, 5.96%, 0, 0, 10, 88.12, 256031, 224, 0, 0
2869, 6, 249, 346, 0, 0, 5.96%, 0, 0, 10, 88.04, 256481, 224, 0, 0
2874, 6, 316, 346, 0, 0, 5.96%, 0, 0, 10, 88.03, 256931, 224, 0, 0
2879, 6, 207, 346, 0, 0, 5.96%, 0, 0, 10, 87.88, 257381, 224, 0, 0
2884, 6, 186, 346, 0, 0, 5.96%, 0, 0, 10, 87.84, 257830, 224, 0, 0
2889, 6, 282, 346, 0, 0, 5.96%, 0, 0, 10, 87.28, 258279, 224, 0, 0
2894, 6, 249, 346, 0, 0, 5.96%, 0, 0, 10, 87.92, 258729, 224, 0, 0
2900, 6, 300, 346, 0, 0, 5.96%, 0, 0, 10, 87.72, 259179, 224, 0, 0
2905, 6, 282, 346, 0, 0, 5.96%, 0, 0, 10, 87.46, 259622, 224, 0, 0
2910, 6, 201, 346, 0, 0, 5.96%, 0, 0, 10, 87.88, 260072, 224, 0, 0
2915, 6, 281, 346, 0, 0, 5.96%, 0, 0, 10, 87.95, 260522, 224, 0, 0
2920, 6, 200, 346, 0, 0, 5.96%, 0, 0, 10, 88.20, 260972, 224, 0, 0
2925, 6, 186, 346, 0, 0, 5.96%, 0, 0, 10, 86.64, 261417, 224, 0, 0
2930, 6, 190, 346, 0, 0, 5.96%, 0, 0, 10, 87.21, 261867, 224, 0, 0
2935, 6, 224, 346, 0, 0, 5.96%, 0, 0, 10, 87.41, 262316, 224, 0, 0
2941, 6, 207, 346, 0, 0, 5.96%, 0, 0, 10, 86.05, 262759, 224, 0, 0
2946, 6, 186, 346, 0, 0, 5.96%, 0, 0, 10, 87.08, 263207, 224, 0, 0
2951, 6, 332, 346, 0, 0, 5.96%, 0, 0, 10, 88.15, 263658, 224, 0, 0
2956, 6, 248, 346, 0, 0, 5.96%, 0, 0, 10, 88.49, 264108, 224, 0, 0
2961, 6, 186, 346, 0, 0, 5.96%, 0, 0, 10, 85.61, 264549, 224, 0, 0
2966, 6, 186, 346, 0, 0, 5.96%, 0, 0, 10, 87.04, 264996, 224, 0, 0
2971, 6, 9, 346, 0, 0, 5.96%, 0, 0, 10, 88.18, 265446, 224, 0, 0
2976, 6, 273, 346, 0, 0, 5.96%, 0, 0, 10, 88.22, 265896, 224, 0, 0
2981, 6, 192, 346, 0, 0, 5.96%, 0, 0, 10, 87.88, 266346, 224, 0, 0
2987, 6, 197, 346, 0, 0, 5.96%, 0, 0, 10, 88.11, 266796, 224, 0, 0
2992, 6, 212, 346, 0, 0, 5.96%, 0, 0, 10, 87.81, 267246, 224, 0, 0
2997, 6, 197, 346, 0, 0, 5.96%, 0, 0, 10, 88.05, 267695, 224, 0, 0
3002, 6, 274, 346, 0, 0, 5.96%, 0, 0, 10, 85.48, 268134, 224, 0, 0
3007, 6, 316, 346, 0, 0, 5.96%, 0, 0, 10, 87.53, 268583, 224, 0, 0
3012, 6, 224, 346, 0, 0, 5.96%, 0, 0, 10, 86.54, 269030, 224, 0, 0
3017, 6, 212, 346, 0, 0, 5.96%, 0, 0, 10, 86.79, 269477, 224, 0, 0
3022, 6, 217, 346, 0, 0, 5.96%, 0, 0, 10, 87.59, 269927, 224, 0, 0
3028, 6, 192, 346, 0, 0, 5.96%, 0, 0, 10, 87.67, 270373, 224, 0, 0
3033, 7, 316, 346, 0, 0, 5.96%, 0, 0, 10, 88.64, 270823, 224, 0, 0
3038, 7, 190, 346, 0, 0, 5.96%, 0, 0, 10, 89.02, 271281, 224, 0, 0
3043, 7, 288, 346, 0, 0, 5.96%, 0, 0, 10, 88.55, 271731, 224, 0, 0
3048, 7, 345, 346, 0, 0, 5.96%, 0, 0, 10, 86.10, 272172, 224, 0, 0
3053, 7, 282, 346, 0, 0, 5.96%, 0, 0, 10, 85.19, 272598, 224, 0, 0
3058, 7, 230, 346, 0, 0, 5.96%, 0, 0, 10, 88.15, 273050, 224, 0, 0
3063, 7, 288, 346, 0, 0, 5.96%, 0, 0, 10, 88.71, 273501, 224, 0, 0
3068, 7, 202, 346, 0, 0, 5.96%, 0, 0, 10, 88.06, 273951, 224, 0, 0
3073, 7, 316, 346, 0, 0, 5.96%, 0, 0, 10, 87.96, 274398, 224, 0, 0
3078, 7, 292, 346, 0, 0, 5.96%, 0, 0, 10, 88.37, 274846, 224, 0, 0
3084, 7, 207, 346, 0, 0, 5.96%, 0, 0, 10, 85.85, 275282, 224, 0, 0
3089, 7, 186, 346, 0, 0, 5.96%, 0, 0, 10, 85.54, 275722, 224, 0, 0
3094, 7, 207, 346, 0, 0, 5.96%, 0, 0, 10, 86.71, 276162, 224, 0, 0
3099, 7, 201, 346, 0, 0, 5.96%, 0, 0, 10, 87.55, 276611, 224, 0, 0
3104, 7, 186, 346, 0, 0, 5.96%, 0, 0, 10, 86.82, 277054, 224, 0, 0
3109, 7, 186, 346, 0, 0, 5.96%, 0, 0, 10, 87.57, 277503, 224, 0, 0
3114, 7, 197, 346, 0, 0, 5.96%, 0, 0, 10, 86.97, 277950, 224, 0, 0
3119, 7, 186, 346, 0, 0, 5.96%, 0, 0, 10, 87.94, 278400, 224, 0, 0
3125, 7, 195, 346, 0, 0, 5.96%, 0, 0, 10, 87.89, 278851, 224, 0, 0
3130, 7, 292, 346, 0, 0, 5.96%, 0, 0, 10, 88.02, 279300, 224, 0, 0
3135, 7, 217, 346, 0, 0, 5.96%, 0, 0, 10, 86.91, 279748, 224, 0, 0
3140, 7, 332, 346, 0, 0, 5.96%, 0, 0, 10, 85.95, 280190, 224, 0, 0
3145, 7, 13, 347, 1, 0, 5.96%, 0, 0, 10, 86.15, 280614, 224, 0, 0
3150, 7, 204, 347, 1, 0, 5.96%, 0, 0, 10, 87.73, 281065, 224, 0, 0
3155, 7, 346, 347, 1, 0, 5.96%, 0, 0, 10, 85.97, 281511, 224, 0, 0
3160, 7, 200, 347, 0, 0, 5.96%, 0, 0, 10, 87.23, 281959, 224, 0, 0
3165, 7, 249, 347, 0, 0, 5.96%, 0, 0, 10, 88.06, 282409, 224, 0, 0
3171, 7, 192, 347, 0, 0, 5.96%, 0, 0, 10, 87.61, 282856, 224, 0, 0
3176, 7, 199, 347, 0, 0, 5.96%, 0, 0, 10, 88.17, 283305, 224, 0, 0
3181, 7, 10, 347, 0, 0, 5.96%, 0, 0, 10, 87.84, 283753, 224, 0, 0
3186, 7, 282, 347, 0, 0, 5.96%, 0, 0, 10, 88.64, 284205, 224, 0, 0
3191, 7, 186, 347, 0, 0, 5.96%, 0, 0, 10, 88.19, 284654, 224, 0, 0
3196, 7, 224, 347, 0, 0, 5.96%, 0, 0, 10, 87.91, 285104, 224, 0, 0
3201, 7, 282, 347, 0, 0, 5.96%, 0, 0, 10, 87.90, 285553, 224, 0, 0
3206, 7, 208, 347, 0, 0, 5.96%, 0, 0, 10, 88.08, 286003, 224, 0, 0
3211, 7, 195, 347, 0, 0, 5.96%, 0, 0, 10, 88.21, 286453, 224, 0, 0
3217, 7, 282, 347, 0, 0, 5.96%, 0, 0, 10, 88.12, 286903, 224, 0, 0
3222, 7, 346, 347, 0, 0, 5.96%, 0, 0, 10, 87.58, 287353, 224, 0, 0
3227, 7, 283, 347, 0, 0, 5.96%, 0, 0, 10, 88.23, 287803, 224, 0, 0
3232, 7, 195, 347, 0, 0, 5.96%, 0, 0, 10, 88.21, 288252, 224, 0, 0
3237, 7, 12, 347, 0, 0, 5.96%, 0, 0, 10, 88.34, 288702, 224, 0, 0
3242, 7, 316, 347, 0, 0, 5.96%, 0, 0, 10, 88.54, 289152, 224, 0, 0
3247, 7, 212, 347, 0, 0, 5.96%, 0, 0, 10, 87.65, 289601, 224, 0, 0
3252, 7, 317, 347, 0, 0, 5.96%, 0, 0, 10, 87.99, 290051, 224, 0, 0
3257, 7, 215, 347, 0, 0, 5.96%, 0, 0, 10, 88.08, 290500, 224, 0, 0
3262, 7, 201, 347, 0, 0, 5.96%, 0, 0, 10, 87.29, 290946, 224, 0, 0
3268, 7, 215, 347, 0, 0, 5.96%, 0, 0, 10, 87.01, 291394, 224, 0, 0
3273, 7, 212, 347, 0, 0, 5.96%, 0, 0, 10, 87.47, 291841, 224, 0, 0
3278, 7, 199, 347, 0, 0, 5.96%, 0, 0, 10, 87.76, 292291, 224, 0, 0
3283, 7, 217, 347, 0, 0, 5.96%, 0, 0, 10, 88.12, 292740, 224, 0, 0
3288, 7, 186, 347, 0, 0, 5.96%, 0, 0, 10, 87.02, 293183, 224, 0, 0
3293, 7, 186, 347, 0, 0, 5.96%, 0, 0, 10, 87.64, 293633, 224, 0, 0
3298, 7, 207, 347, 0, 0, 5.96%, 0, 0, 10, 88.02, 294082, 224, 0, 0
3303, 7, 199, 347, 0, 0, 5.96%, 0, 0, 10, 86.88, 294525, 224, 0, 0
3308, 7, 215, 347, 0, 0, 5.96%, 0, 0, 10, 86.80, 294970, 224, 0, 0
3314, 7, 192, 347, 0, 0, 5.96%, 0, 0, 10, 88.00, 295419, 224, 0, 0
3319, 7, 215, 347, 0, 0, 5.96%, 0, 0, 10, 88.03, 295868, 224, 0, 0
3324, 8, 288, 347, 0, 0, 5.96%, 0, 0, 10, 88.17, 296318, 224, 0, 0
3329, 8, 186, 347, 0, 0, 5.96%, 0, 0, 10, 88.08, 296768, 224, 0, 0
3334, 8, 346, 347, 0, 0, 5.96%, 0, 0, 10, 86.19, 297211, 224, 0, 0
3339, 8, 200, 347, 0, 0, 5.96%, 0, 0, 10, 87.75, 297659, 224, 0, 0
3344, 8, 224, 347, 0, 0, 5.96%, 0, 0, 10, 88.02, 298109, 224, 0, 0
3349, 8, 212, 347, 0, 0, 5.96%, 0, 0, 10, 88.15, 298559, 224, 0, 0
3354, 8, 285, 347, 0, 0, 5.96%, 0, 0, 10, 88.21, 299009, 224, 0, 0
3360, 8, 214, 347, 0, 0, 5.96%, 0, 0, 10, 88.22, 299459, 224, 0, 0
3365, 8, 215, 347, 0, 0, 5.96%, 0, 0, 10, 88.14, 299908, 224, 0, 0
3370, 8, 201, 347, 0, 0, 5.96%, 0, 0, 10, 87.89, 300358, 224, 0, 0
3375, 8, 186, 347, 0, 0, 5.96%, 0, 0, 10, 87.88, 300807, 224, 0, 0
3380, 8, 208, 347, 0, 0, 5.96%, 0, 0, 10, 87.78, 301257, 224, 0, 0
3385, 8, 12, 347, 0, 0, 5.96%, 0, 0, 10, 87.86, 301704, 224, 0, 0
3390, 8, 316, 347, 0, 0, 5.96%, 0, 0, 10, 88.21, 302153, 224, 0, 0
3395, 8, 186, 347, 0, 0, 5.96%, 0, 0, 10, 87.31, 302598, 224, 0, 0
3400, 8, 200, 347, 0, 0, 5.96%, 0, 0, 10, 85.13, 303036, 224, 0, 0
3406, 8, 246, 347, 0, 0, 5.96%, 0, 0, 10, 81.63, 303454, 224, 0, 0
3411, 8, 200, 347, 0, 0, 5.96%, 0, 0, 10, 85.58, 303900, 224, 0, 0
3416, 8, 224, 347, 0, 0, 5.96%, 0, 0, 10, 83.63, 304331, 224, 0, 0
3421, 8, 208, 347, 0, 0, 5.96%, 0, 0, 10, 87.11, 304781, 224, 0, 0
3426, 8, 212, 347, 0, 0, 5.96%, 0, 0, 10, 88.18, 305231, 224, 0, 0
3431, 8, 12, 347, 0, 0, 5.96%, 0, 0, 10, 88.18, 305680, 224, 0, 0
3436, 8, 217, 347, 0, 0, 5.96%, 0, 0, 10, 88.20, 306130, 224, 0, 0
3441, 8, 199, 347, 0, 0, 5.96%, 0, 0, 10, 87.70, 306577, 224, 0, 0
3447, 8, 255, 347, 0, 0, 5.96%, 0, 0, 10, 87.51, 307024, 224, 0, 0
3452, 8, 249, 347, 0, 0, 5.96%, 0, 0, 10, 88.06, 307473, 224, 0, 0
3457, 8, 267, 347, 0, 0, 5.96%, 0, 0, 10, 85.64, 307913, 224, 0, 0
3462, 8, 201, 347, 0, 0, 5.96%, 0, 0, 10, 86.28, 308358, 224, 0, 0
3467, 8, 324, 347, 0, 0, 5.96%, 0, 0, 10, 87.36, 308807, 224, 0, 0
3472, 8, 282, 347, 0, 0, 5.96%, 0, 0, 10, 84.50, 309235, 224, 0, 0
3477, 8, 200, 347, 0, 0, 5.96%, 0, 0, 10, 87.43, 309685, 224, 0, 0
3482, 8, 186, 347, 0, 0, 5.96%, 0, 0, 10, 87.82, 310134, 224, 0, 0
3487, 8, 191, 347, 0, 0, 5.96%, 0, 0, 10, 88.19, 310585, 224, 0, 0
3493, 8, 319, 347, 0, 0, 5.96%, 0, 0, 10, 87.27, 311028, 224, 0, 0
3498, 8, 345, 347, 0, 0, 5.96%, 0, 0, 10, 87.86, 311478, 224, 0, 0
3503, 8, 186, 347, 0, 0, 5.96%, 0, 0, 10, 86.82, 311924, 224, 0, 0
3508, 8, 217, 347, 0, 0, 5.96%, 0, 0, 10, 87.84, 312374, 224, 0, 0
3513, 8, 288, 347, 0, 0, 5.96%, 0, 0, 10, 87.92, 312824, 224, 0, 0
3518, 8, 199, 347, 0, 0, 5.96%, 0, 0, 10, 86.12, 313261, 224, 0, 0
3523, 8, 308, 347, 0, 0, 5.96%, 0, 0, 10, 85.24, 313703, 224, 0, 0
3528, 8, 282, 347, 0, 0, 5.96%, 0, 0, 10, 87.34, 314153, 224, 0, 0
3534, 8, 212, 347, 0, 0, 5.96%, 0, 0, 10, 87.50, 314598, 224, 0, 0
3539, 8, 186, 347, 0, 0, 5.96%, 0, 0, 10, 89.04, 315050, 224, 0, 0
3544, 8, 288, 347, 0, 0, 5.96%, 0, 0, 10, 85.70, 315474, 224, 0, 0
3549, 8, 305, 347, 0, 0, 5.96%, 0, 0, 10, 87.86, 315924, 224, 0, 0
3554, 8, 214, 347, 0, 0, 5.96%, 0, 0, 10, 87.72, 316369, 224, 0, 0
3559, 8, 12, 347, 0, 0, 5.96%, 0, 0, 10, 88.01, 316819, 224, 0, 0
3564, 8, 288, 347, 0, 0, 5.96%, 0, 0, 10, 87.23, 317262, 224, 0, 0
3569, 8, 201, 347, 0, 0, 5.96%, 0, 0, 10, 87.08, 317708, 224, 0, 0
3574, 8, 201, 347, 0, 0, 5.96%, 0, 0, 10, 88.15, 318158, 224, 0, 0
3579, 8, 207, 347, 0, 0, 5.96%, 0, 0, 10, 88.40, 318608, 224, 0, 0
3585, 8, 344, 347, 0, 0, 5.96%, 0, 0, 10, 84.12, 319037, 224, 0, 0
3590, 8, 335, 347, 0, 0, 5.96%, 0, 0, 10, 87.74, 319486, 224, 0, 0
3595, 8, 340, 347, 0, 0, 5.96%, 0, 0, 10, 88.57, 319936, 224, 0, 0
3600, 8, 217, 347, 0, 0, 5.96%, 0, 0, 10, 87.52, 320377, 224, 0, 0
3605, 8, 207, 347, 0, 0, 5.96%, 0, 0, 10, 88.17, 320828, 224, 0, 0
3610, 8, 225, 347, 0, 0, 5.96%, 0, 0, 10, 85.99, 321270, 224, 0, 0
3615, 8, 186, 347, 0, 0, 5.96%, 0, 0, 10, 88.01, 321721, 224, 0, 0
3620, 8, 212, 347, 0, 0, 5.96%, 0, 0, 10, 88.55, 322171, 224, 0, 0
3625, 8, 192, 347, 0, 0, 5.96%, 0, 0, 10, 87.36, 322619, 224, 0, 0
3631, 8, 191, 347, 0, 0, 5.96%, 0, 0, 10, 87.77, 323069, 224, 0, 0
3636, 8, 186, 347, 0, 0, 5.96%, 0, 0, 10, 88.67, 323520, 224, 0, 0
3641, 9, 207, 347, 0, 0, 5.96%, 0, 0, 10, 88.16, 323969, 224, 0, 0
3646, 9, 298, 347, 0, 0, 5.96%, 0, 0, 10, 88.51, 324419, 224, 0, 0
3651, 9, 215, 347, 0, 0, 5.96%, 0, 0, 10, 86.66, 324862, 224, 0, 0
3656, 9, 201, 347, 0, 0, 5.96%, 0, 0, 10, 87.63, 325308, 224, 0, 0
3661, 9, 186, 347, 0, 0, 5.96%, 0, 0, 10, 87.55, 325757, 224, 0, 0
3666, 9, 193, 347, 0, 0, 5.96%, 0, 0, 10, 86.77, 326201, 224, 0, 0
3671, 9, 193, 347, 0, 0, 5.96%, 0, 0, 10, 87.59, 326650, 224, 0, 0
3676, 9, 249, 347, 0, 0, 5.96%, 0, 0, 10, 87.85, 327099, 224, 0, 0
3682, 9, 343, 347, 0, 0, 5.96%, 0, 0, 10, 85.58, 327536, 224, 0, 0
3687, 9, 343, 347, 0, 0, 5.96%, 0, 0, 10, 83.87, 327961, 224, 0, 0
3692, 9, 343, 347, 0, 0, 5.96%, 0, 0, 10, 83.23, 328384, 224, 0, 0
3697, 9, 343, 347, 0, 0, 5.96%, 0, 0, 10, 83.58, 328813, 224, 0, 0
3702, 9, 343, 347, 0, 0, 5.96%, 0, 0, 10, 83.93, 329244, 224, 0, 0
3707, 9, 189, 347, 0, 0, 5.96%, 0, 0, 10, 85.48, 329677, 224, 0, 0
3712, 9, 253, 347, 0, 0, 5.96%, 0, 0, 10, 87.45, 330126, 224, 0, 0
3717, 9, 224, 347, 0, 0, 5.96%, 0, 0, 10, 88.42, 330577, 224, 0, 0
3722, 9, 280, 347, 0, 0, 5.96%, 0, 0, 10, 88.99, 331027, 224, 0, 0
3727, 9, 290, 347, 0, 0, 5.96%, 0, 0, 10, 89.49, 331481, 224, 0, 0
3733, 9, 248, 347, 0, 0, 5.96%, 0, 0, 10, 88.51, 331931, 224, 0, 0
3738, 9, 201, 347, 0, 0, 5.96%, 0, 0, 10, 89.28, 332385, 224, 0, 0
3743, 9, 214, 347, 0, 0, 5.96%, 0, 0, 10, 89.14, 332837, 224, 0, 0
3748, 9, 199, 347, 0, 0, 5.96%, 0, 0, 10, 88.94, 333290, 224, 0, 0
3753, 9, 289, 347, 0, 0, 5.96%, 0, 0, 10, 89.15, 333742, 224, 0, 0
3758, 9, 323, 347, 0, 0, 5.96%, 0, 0, 10, 89.28, 334198, 224, 0, 0
3763, 9, 193, 347, 0, 0, 5.96%, 0, 0, 10, 88.98, 334642, 224, 0, 0
3768, 9, 191, 347, 0, 0, 5.96%, 0, 0, 10, 89.85, 335102, 224, 0, 0
3773, 9, 279, 347, 0, 0, 5.96%, 0, 0, 10, 89.86, 335556, 224, 0, 0
3778, 9, 190, 347, 0, 0, 5.96%, 0, 0, 10, 90.00, 336019, 224, 0, 0
3783, 9, 239, 347, 0, 0, 5.96%, 0, 0, 10, 89.38, 336473, 224, 0, 0
3788, 9, 324, 347, 0, 0, 5.96%, 0, 0, 10, 89.23, 336926, 224, 0, 0
3794, 9, 299, 347, 0, 0, 5.96%, 0, 0, 10, 89.32, 337377, 224, 0, 0
3799, 9, 248, 347, 0, 0, 5.96%, 0, 0, 10, 89.68, 337833, 224, 0, 0
3804, 9, 323, 347, 0, 0, 5.96%, 0, 0, 10, 90.08, 338296, 224, 0, 0
3809, 9, 192, 347, 0, 0, 5.96%, 0, 0, 10, 89.93, 338754, 224, 0, 0
3814, 9, 208, 347, 0, 0, 5.96%, 0, 0, 10, 89.19, 339212, 224, 0, 0
3819, 9, 199, 347, 0, 0, 5.96%, 0, 0, 10, 89.69, 339670, 224, 0, 0
3824, 9, 197, 347, 0, 0, 5.96%, 0, 0, 10, 89.75, 340123, 224, 0, 0
3829, 9, 290, 347, 0, 0, 5.96%, 0, 0, 10, 89.88, 340581, 224, 0, 0
3834, 9, 186, 347, 0, 0, 5.96%, 0, 0, 10, 89.70, 341041, 224, 0, 0
3839, 9, 9, 347, 0, 0, 5.96%, 0, 0, 10, 89.28, 341492, 224, 0, 0
3845, 9, 270, 347, 0, 0, 5.96%, 0, 0, 10, 89.12, 341945, 224, 0, 0
3850, 9, 273, 347, 0, 0, 5.96%, 0, 0, 10, 89.47, 342399, 224, 0, 0
3855, 9, 282, 347, 0, 0, 5.96%, 0, 0, 10, 90.24, 342861, 224, 0, 0
3860, 9, 207, 347, 0, 0, 5.96%, 0, 0, 10, 90.37, 343327, 224, 0, 0
3865, 9, 186, 347, 0, 0, 5.96%, 0, 0, 10, 89.55, 343786, 224, 0, 0
3870, 9, 200, 347, 0, 0, 5.96%, 0, 0, 10, 90.64, 344241, 224, 0, 0
3875, 9, 200, 347, 0, 0, 5.96%, 0, 0, 10, 90.30, 344705, 224, 0, 0
3880, 9, 282, 347, 0, 0, 5.96%, 0, 0, 10, 89.94, 345162, 224, 0, 0
3885, 9, 212, 347, 0, 0, 5.96%, 0, 0, 10, 89.54, 345612, 224, 0, 0
3890, 9, 224, 347, 0, 0, 5.96%, 0, 0, 10, 89.82, 346069, 224, 0, 0
3895, 9, 200, 347, 0, 0, 5.96%, 0, 0, 10, 90.38, 346533, 224, 0, 0
3901, 9, 227, 347, 0, 0, 5.96%, 0, 0, 10, 90.17, 346990, 224, 0, 0
3906, 9, 282, 347, 0, 0, 5.96%, 0, 0, 10, 89.64, 347442, 224, 0, 0
3911, 9, 186, 347, 0, 0, 5.96%, 0, 0, 10, 89.49, 347898, 224, 0, 0
3916, 9, 248, 347, 0, 0, 5.96%, 0, 0, 10, 89.89, 348358, 224, 0, 0
3921, 9, 224, 347, 0, 0, 5.96%, 0, 0, 10, 88.75, 348809, 224, 0, 0
3926, 9, 212, 347, 0, 0, 5.96%, 0, 0, 10, 89.37, 349263, 224, 0, 0
3931, 9, 186, 347, 0, 0, 5.96%, 0, 0, 10, 89.80, 349720, 224, 0, 0
3936, 9, 186, 347, 0, 0, 5.96%, 0, 0, 10, 89.98, 350181, 224, 0, 0
3941, 9, 208, 347, 0, 0, 5.96%, 0, 0, 10, 89.67, 350632, 224, 0, 0
3946, 9, 239, 347, 0, 0, 5.96%, 0, 0, 10, 89.73, 351090, 224, 0, 0
3951, 9, 204, 347, 0, 0, 5.96%, 0, 0, 10, 89.69, 351548, 224, 0, 0
3957, 9, 215, 347, 0, 0, 5.96%, 0, 0, 10, 89.76, 352004, 224, 0, 0
3962, 9, 302, 347, 0, 0, 5.96%, 0, 0, 10, 87.30, 352450, 224, 0, 0
3967, 10, 224, 347, 0, 0, 5.96%, 0, 0, 10, 89.88, 352917, 224, 0, 0
3972, 10, 316, 347, 0, 0, 5.96%, 0, 0, 10, 90.15, 353380, 224, 0, 0
3977, 10, 197, 347, 0, 0, 5.96%, 0, 0, 10, 90.35, 353842, 224, 0, 0
3982, 10, 190, 347, 0, 0, 5.96%, 0, 0, 10, 90.26, 354307, 224, 0, 0
3987, 10, 332, 347, 0, 0, 5.96%, 0, 0, 10, 90.07, 354769, 224, 0, 0
3992, 10, 331, 348, 1, 0, 5.96%, 0, 0, 10, 89.92, 355226, 224, 0, 0
3999, 10, 347, 348, 1, 0, 5.96%, 0, 0, 10, 89.50, 355860, 224, 0, 0
4005, 10, 206, 348, 0, 0, 5.96%, 0, 0, 10, 89.73, 356318, 224, 0, 0
4010, 10, 207, 348, 0, 0, 5.96%, 0, 0, 10, 89.28, 356770, 224, 0, 0
4015, 10, 190, 348, 0, 0, 5.96%, 0, 0, 10, 89.34, 357224, 224, 0, 0
4020, 10, 193, 348, 0, 0, 5.96%, 0, 0, 10, 89.17, 357675, 224, 0, 0
4025, 10, 288, 348, 0, 0, 5.96%, 0, 0, 10, 88.91, 358125, 224, 0, 0
4030, 10, 212, 348, 0, 0, 5.96%, 0, 0, 10, 88.83, 358575, 224, 0, 0
4035, 10, 296, 348, 0, 0, 5.96%, 0, 0, 10, 89.37, 359027, 224, 0, 0
4040, 10, 197, 348, 0, 0, 5.96%, 0, 0, 10, 89.27, 359476, 224, 0, 0
4045, 10, 249, 349, 1, 0, 5.96%, 0, 0, 10, 89.55, 359940, 224, 0, 0
4050, 10, 214, 349, 1, 0, 5.96%, 0, 0, 10, 89.28, 360390, 224, 0, 0
4055, 10, 201, 349, 1, 0, 5.96%, 0, 0, 10, 89.49, 360846, 224, 0, 0
4060, 10, 249, 349, 1, 0, 5.96%, 0, 0, 10, 89.79, 361302, 224, 0, 0
4065, 10, 348, 349, 1, 0, 5.96%, 0, 0, 10, 89.06, 361754, 224, 0, 0
4071, 10, 201, 349, 0, 0, 5.96%, 0, 0, 10, 89.58, 362211, 224, 0, 0
4076, 10, 334, 349, 0, 0, 5.96%, 0, 0, 10, 90.28, 362673, 224, 0, 0
4081, 10, 288, 349, 0, 0, 5.96%, 0, 0, 10, 89.94, 363129, 224, 0, 0
4086, 10, 307, 349, 0, 0, 5.96%, 0, 0, 10, 89.87, 363590, 224, 0, 0
4091, 10, 215, 349, 0, 0, 5.96%, 0, 0, 10, 89.81, 364047, 224, 0, 0
4096, 10, 200, 349, 0, 0, 5.96%, 0, 0, 10, 90.04, 364509, 224, 0, 0
4101, 10, 249, 349, 0, 0, 5.96%, 0, 0, 10, 90.08, 364971, 224, 0, 0
4106, 10, 207, 349, 0, 0, 5.96%, 0, 0, 10, 90.52, 365438, 224, 0, 0
4112, 10, 311, 349, 0, 0, 5.96%, 0, 0, 10, 87.74, 365887, 224, 0, 0
4117, 10, 288, 349, 0, 0, 5.96%, 0, 0, 10, 88.37, 366338, 224, 0, 0
4122, 10, 212, 349, 0, 0, 5.96%, 0, 0, 10, 89.35, 366792, 224, 0, 0
4127, 10, 195, 349, 0, 0, 5.96%, 0, 0, 10, 90.07, 367253, 224, 0, 0
4132, 10, 249, 349, 0, 0, 5.96%, 0, 0, 10, 90.19, 367713, 224, 0, 0
4137, 10, 208, 349, 0, 0, 5.96%, 0, 0, 10, 89.99, 368172, 224, 0, 0
4142, 10, 197, 349, 0, 0, 5.96%, 0, 0, 10, 89.77, 368625, 224, 0, 0
4147, 10, 316, 349, 0, 0, 5.96%, 0, 0, 10, 89.83, 369084, 224, 0, 0
4152, 10, 288, 349, 0, 0, 5.96%, 0, 0, 10, 89.88, 369541, 224, 0, 0
4157, 10, 248, 349, 0, 0, 5.96%, 0, 0, 10, 89.40, 369997, 224, 0, 0
4162, 10, 224, 349, 0, 0, 5.96%, 0, 0, 10, 89.59, 370447, 224, 0, 0
4168, 10, 201, 349, 0, 0, 5.96%, 0, 0, 10, 90.22, 370911, 224, 0, 0
4173, 10, 312, 349, 0, 0, 5.96%, 0, 0, 10, 90.23, 371371, 224, 0, 0
4178, 10, 207, 349, 0, 0, 5.96%, 0, 0, 10, 88.16, 371824, 224, 0, 0
4183, 10, 237, 349, 0, 0, 5.96%, 0, 0, 10, 89.36, 372274, 224, 0, 0
4188, 10, 248, 349, 0, 0, 5.96%, 0, 0, 10, 89.53, 372728, 224, 0, 0
4193, 10, 217, 349, 0, 0, 5.96%, 0, 0, 10, 89.66, 373186, 224, 0, 0
4198, 10, 282, 349, 0, 0, 5.96%, 0, 0, 10, 89.80, 373647, 224, 0, 0
4203, 10, 193, 349, 0, 0, 5.96%, 0, 0, 10, 90.01, 374106, 224, 0, 0
4208, 10, 201, 349, 0, 0, 5.96%, 0, 0, 10, 89.87, 374561, 224, 0, 0
4213, 10, 344, 349, 0, 0, 5.96%, 0, 0, 10, 89.15, 375014, 224, 0, 0
4218, 10, 248, 349, 0, 0, 5.96%, 0, 0, 10, 89.09, 375465, 224, 0, 0
4224, 10, 217, 349, 0, 0, 5.96%, 0, 0, 10, 89.75, 375921, 224, 0, 0
4229, 10, 237, 349, 0, 0, 5.96%, 0, 0, 10, 89.88, 376381, 224, 0, 0
4234, 10, 248, 349, 0, 0, 5.96%, 0, 0, 10, 89.92, 376834, 224, 0, 0
4239, 10, 249, 349, 0, 0, 5.96%, 0, 0, 10, 89.25, 377292, 224, 0, 0
4244, 10, 201, 349, 0, 0, 5.96%, 0, 0, 10, 90.16, 377757, 224, 0, 0
4249, 11, 217, 349, 0, 0, 5.96%, 0, 0, 10, 90.40, 378220, 224, 0, 0
4254, 11, 298, 349, 0, 0, 5.96%, 0, 0, 10, 89.93, 378678, 224, 0, 0
4259, 11, 224, 349, 0, 0, 5.96%, 0, 0, 10, 90.18, 379140, 224, 0, 0
4264, 11, 193, 349, 0, 0, 5.96%, 0, 0, 10, 90.04, 379596, 224, 0, 0
4269, 11, 195, 349, 0, 0, 5.96%, 0, 0, 10, 89.68, 380052, 224, 0, 0
4275, 11, 199, 349, 0, 0, 5.96%, 0, 0, 10, 89.79, 380505, 224, 0, 0
4280, 11, 199, 349, 0, 0, 5.96%, 0, 0, 10, 89.25, 380957, 224, 0, 0
4285, 11, 186, 349, 0, 0, 5.96%, 0, 0, 10, 89.77, 381417, 224, 0, 0
4290, 11, 212, 349, 0, 0, 5.96%, 0, 0, 10, 90.06, 381881, 224, 0, 0
4295, 11, 186, 349, 0, 0, 5.96%, 0, 0, 10, 89.83, 382344, 224, 0, 0
4300, 11, 206, 349, 0, 0, 5.96%, 0, 0, 10, 90.22, 382811, 224, 0, 0
4305, 11, 224, 349, 0, 0, 5.96%, 0, 0, 10, 90.03, 383272, 224, 0, 0
4310, 11, 208, 349, 0, 0, 5.96%, 0, 0, 10, 90.12, 383732, 224, 0, 0
4315, 11, 288, 349, 0, 0, 5.96%, 0, 0, 10, 89.86, 384186, 224, 0, 0
4321, 11, 197, 349, 0, 0, 5.96%, 0, 0, 10, 89.87, 384641, 224, 0, 0
4326, 11, 212, 349, 0, 0, 5.96%, 0, 0, 10, 89.72, 385093, 224, 0, 0
4331, 11, 347, 349, 0, 0, 5.96%, 0, 0, 10, 89.43, 385548, 224, 0, 0
4336, 11, 347, 349, 0, 0, 5.96%, 0, 0, 10, 87.34, 385990, 224, 0, 0
4341, 11, 215, 349, 0, 0, 5.96%, 0, 0, 10, 88.99, 386444, 224, 0, 0
4346, 11, 214, 349, 0, 0, 5.96%, 0, 0, 10, 89.83, 386901, 224, 0, 0
4351, 11, 207, 349, 0, 0, 5.96%, 0, 0, 10, 89.77, 387357, 224, 0, 0
4356, 11, 307, 349, 0, 0, 5.96%, 0, 0, 10, 87.84, 387806, 224, 0, 0
4361, 11, 200, 349, 0, 0, 5.96%, 0, 0, 10, 89.10, 388260, 224, 0, 0
4366, 11, 235, 349, 0, 0, 5.96%, 0, 0, 10, 89.76, 388720, 224, 0, 0
4371, 11, 200, 349, 0, 0, 5.96%, 0, 0, 10, 89.71, 389177, 224, 0, 0
4377, 11, 335, 349, 0, 0, 5.96%, 0, 0, 10, 89.89, 389636, 224, 0, 0
4382, 11, 186, 349, 0, 0, 5.96%, 0, 0, 10, 89.83, 390092, 224, 0, 0
4387, 11, 249, 349, 0, 0, 5.96%, 0, 0, 10, 89.78, 390545, 224, 0, 0
4392, 11, 214, 349, 0, 0, 5.96%, 0, 0, 10, 88.91, 390998, 224, 0, 0
4397, 11, 190, 349, 0, 0, 5.96%, 0, 0, 10, 89.49, 391455, 224, 0, 0
4402, 11, 186, 349, 0, 0, 5.96%, 0, 0, 10, 89.77, 391912, 224, 0, 0
4407, 11, 282, 349, 0, 0, 5.96%, 0, 0, 10, 90.09, 392374, 224, 0, 0
4412, 11, 224, 349, 0, 0, 5.96%, 0, 0, 10, 89.94, 392828, 224, 0, 0
4417, 11, 288, 349, 0, 0, 5.96%, 0, 0, 10, 89.73, 393279, 224, 0, 0
4422, 11, 195, 349, 0, 0, 5.96%, 0, 0, 10, 89.86, 393738, 224, 0, 0
4427, 11, 199, 349, 0, 0, 5.96%, 0, 0, 10, 89.84, 394196, 224, 0, 0
4432, 11, 201, 349, 0, 0, 5.96%, 0, 0, 10, 89.82, 394653, 224, 0, 0
4438, 11, 192, 349, 0, 0, 5.96%, 0, 0, 10, 89.89, 395113, 224, 0, 0
4443, 11, 186, 349, 0, 0, 5.96%, 0, 0, 10, 89.88, 395574, 224, 0, 0
4448, 11, 192, 349, 0, 0, 5.96%, 0, 0, 10, 89.52, 396024, 224, 0, 0
4453, 11, 195, 349, 0, 0, 5.96%, 0, 0, 10, 89.59, 396484, 224, 0, 0
4458, 11, 213, 349, 0, 0, 5.96%, 0, 0, 10, 89.14, 396933, 224, 0, 0
4463, 11, 214, 349, 0, 0, 5.96%, 0, 0, 10, 88.89, 397381, 224, 0, 0
4468, 11, 191, 349, 0, 0, 5.96%, 0, 0, 10, 89.54, 397838, 224, 0, 0
4473, 11, 288, 349, 0, 0, 5.96%, 0, 0, 10, 89.71, 398294, 224, 0, 0
4478, 11, 282, 349, 0, 0, 5.96%, 0, 0, 10, 89.55, 398746, 224, 0, 0
4483, 11, 224, 349, 0, 0, 5.96%, 0, 0, 10, 89.52, 399203, 224, 0, 0
4488, 11, 210, 349, 0, 0, 5.96%, 0, 0, 10, 89.72, 399658, 224, 0, 0
4494, 11, 307, 349, 0, 0, 5.96%, 0, 0, 10, 89.95, 400119, 224, 0, 0
4499, 11, 191, 349, 0, 0, 5.96%, 0, 0, 10, 89.84, 400576, 224, 0, 0
4504, 11, 205, 349, 0, 0, 5.96%, 0, 0, 10, 90.12, 401041, 224, 0, 0
4509, 11, 346, 349, 0, 0, 5.96%, 0, 0, 10, 89.32, 401499, 224, 0, 0
4514, 11, 199, 349, 0, 0, 5.96%, 0, 0, 10, 87.58, 401943, 224, 0, 0
4519, 11, 206, 349, 0, 0, 5.96%, 0, 0, 10, 89.47, 402409, 224, 0, 0
4524, 11, 201, 349, 0, 0, 5.96%, 0, 0, 10, 89.72, 402865, 224, 0, 0
4529, 11, 117, 349, 0, 0, 5.96%, 0, 0, 10, 89.32, 403318, 224, 0, 0
4534, 12, 249, 349, 0, 0, 5.96%, 0, 0, 10, 89.51, 403772, 224, 0, 0
4539, 12, 186, 349, 0, 0, 5.96%, 0, 0, 10, 89.84, 404228, 224, 0, 0
4545, 12, 224, 349, 0, 0, 5.96%, 0, 0, 10, 88.91, 404676, 224, 0, 0
4550, 12, 249, 349, 0, 0, 5.96%, 0, 0, 10, 89.05, 405129, 224, 0, 0
4555, 12, 215, 349, 0, 0, 5.96%, 0, 0, 10, 89.70, 405583, 224, 0, 0
4560, 12, 215, 349, 0, 0, 5.96%, 0, 0, 10, 89.71, 406039, 224, 0, 0
4565, 12, 235, 349, 0, 0, 5.96%, 0, 0, 10, 89.82, 406493, 224, 0, 0
4570, 12, 212, 349, 0, 0, 5.96%, 0, 0, 10, 90.20, 406955, 224, 0, 0
4575, 12, 342, 349, 0, 0, 5.96%, 0, 0, 10, 88.67, 407405, 224, 0, 0
4580, 12, 212, 349, 0, 0, 5.96%, 0, 0, 10, 87.73, 407847, 224, 0, 0
4585, 12, 248, 349, 0, 0, 5.96%, 0, 0, 10, 88.21, 408297, 224, 0, 0
4590, 12, 197, 349, 0, 0, 5.96%, 0, 0, 10, 89.00, 408747, 224, 0, 0
4595, 12, 212, 349, 0, 0, 5.96%, 0, 0, 10, 89.86, 409208, 224, 0, 0
4600, 12, 200, 349, 0, 0, 5.96%, 0, 0, 10, 90.11, 409673, 224, 0, 0
4606, 12, 307, 349, 0, 0, 5.96%, 0, 0, 10, 90.11, 410134, 224, 0, 0
4611, 12, 201, 349, 0, 0, 5.96%, 0, 0, 10, 88.35, 410586, 224, 0, 0
4616, 12, 217, 349, 0, 0, 5.96%, 0, 0, 10, 89.79, 411047, 224, 0, 0
4621, 12, 217, 349, 0, 0, 5.96%, 0, 0, 10, 88.56, 411503, 224, 0, 0
4626, 12, 193, 349, 0, 0, 5.96%, 0, 0, 10, 89.54, 411958, 224, 0, 0
4631, 12, 348, 349, 0, 0, 5.96%, 0, 0, 10, 88.70, 412408, 224, 0, 0
4636, 12, 348, 349, 0, 0, 5.96%, 0, 0, 10, 87.49, 412853, 224, 0, 0
4641, 12, 348, 350, 1, 0, 5.96%, 0, 0, 10, 88.64, 413311, 224, 0, 0
4646, 12, 348, 350, 1, 0, 5.96%, 0, 0, 10, 89.00, 413761, 224, 0, 0
4652, 12, 249, 350, 1, 0, 5.96%, 0, 0, 10, 89.66, 414213, 224, 0, 0
4657, 12, 197, 350, 1, 0, 5.96%, 0, 0, 10, 89.37, 414666, 224, 0, 0
4662, 12, 241, 350, 1, 0, 5.96%, 0, 0, 10, 89.77, 415121, 224, 0, 0
4667, 12, 349, 350, 1, 0, 5.96%, 0, 0, 10, 89.20, 415570, 224, 0, 0
4672, 12, 316, 350, 0, 0, 5.96%, 0, 0, 10, 89.60, 416025, 224, 0, 0
4677, 12, 192, 350, 0, 0, 5.96%, 0, 0, 10, 90.08, 416484, 224, 0, 0
4682, 12, 201, 350, 0, 0, 5.96%, 0, 0, 10, 90.06, 416941, 224, 0, 0
4687, 12, 288, 350, 0, 0, 5.96%, 0, 0, 10, 90.28, 417408, 224, 0, 0
4692, 12, 192, 350, 0, 0, 5.96%, 0, 0, 10, 89.79, 417864, 224, 0, 0
4697, 12, 206, 350, 0, 0, 5.96%, 0, 0, 10, 89.51, 418312, 224, 0, 0
4702, 12, 200, 350, 0, 0, 5.96%, 0, 0, 10, 89.87, 418770, 224, 0, 0
4707, 12, 349, 350, 0, 0, 5.96%, 0, 0, 10, 88.86, 419226, 224, 0, 0
4713, 12, 349, 350, 0, 0, 5.96%, 0, 0, 10, 87.92, 419676, 224, 0, 0
4718, 12, 349, 350, 0, 0, 5.96%, 0, 0, 10, 87.67, 420124, 224, 0, 0
4723, 12, 281, 350, 0, 0, 5.96%, 0, 0, 10, 88.94, 420578, 224, 0, 0
4728, 12, 212, 350, 0, 0, 5.96%, 0, 0, 10, 90.11, 421045, 224, 0, 0
4733, 12, 224, 350, 0, 0, 5.96%, 0, 0, 10, 89.79, 421500, 224, 0, 0
4738, 12, 186, 350, 0, 0, 5.96%, 0, 0, 10, 89.64, 421955, 224, 0, 0
4743, 12, 186, 350, 0, 0, 5.96%, 0, 0, 10, 89.48, 422407, 224, 0, 0
4748, 12, 199, 350, 0, 0, 5.96%, 0, 0, 10, 89.65, 422859, 224, 0, 0
4753, 12, 335, 350, 0, 0, 5.96%, 0, 0, 10, 89.84, 423319, 224, 0, 0
4758, 12, 214, 350, 0, 0, 5.96%, 0, 0, 10, 89.81, 423779, 224, 0, 0
4764, 12, 186, 350, 0, 0, 5.96%, 0, 0, 10, 89.83, 424233, 224, 0, 0
4769, 12, 186, 350, 0, 0, 5.96%, 0, 0, 10, 89.99, 424691, 224, 0, 0
4774, 12, 212, 350, 0, 0, 5.96%, 0, 0, 10, 89.68, 425147, 224, 0, 0
4779, 12, 288, 350, 0, 0, 5.96%, 0, 0, 10, 89.92, 425606, 224, 0, 0
4784, 12, 200, 350, 0, 0, 5.96%, 0, 0, 10, 89.51, 426058, 224, 0, 0
4789, 12, 224, 350, 0, 0, 5.96%, 0, 0, 10, 89.54, 426509, 224, 0, 0
4794, 12, 192, 350, 0, 0, 5.96%, 0, 0, 10, 89.76, 426961, 224, 0, 0
4799, 12, 192, 350, 0, 0, 5.96%, 0, 0, 10, 89.73, 427418, 224, 0, 0
4804, 12, 201, 350, 0, 0, 5.96%, 0, 0, 10, 89.78, 427877, 224, 0, 0
4809, 12, 51, 350, 0, 0, 5.96%, 0, 0, 10, 89.91, 428337, 224, 0, 0
4814, 12, 200, 350, 0, 0, 5.96%, 0, 0, 10, 89.99, 428801, 224, 0, 0
4819, 12, 201, 350, 0, 0, 5.96%, 0, 0, 10, 89.89, 429260, 224, 0, 0
4825, 12, 201, 350, 0, 0, 5.96%, 0, 0, 10, 89.53, 429715, 224, 0, 0
4830, 12, 350, 351, 1, 0, 5.96%, 0, 0, 10, 89.39, 430177, 224, 0, 0
4835, 12, 316, 351, 0, 0, 5.96%, 0, 0, 10, 89.07, 430630, 224, 0, 0
4840, 12, 206, 351, 0, 0, 5.96%, 0, 0, 10, 89.69, 431086, 224, 0, 0
4845, 12, 217, 351, 0, 0, 5.96%, 0, 0, 10, 89.44, 431540, 224, 0, 0
4850, 13, 284, 351, 0, 0, 5.96%, 0, 0, 10, 89.54, 431997, 224, 0, 0
4855, 13, 199, 351, 0, 0, 5.96%, 0, 0, 10, 89.95, 432460, 224, 0, 0
4860, 13, 191, 351, 0, 0, 5.96%, 0, 0, 10, 89.20, 432919, 224, 0, 0
4865, 13, 249, 351, 0, 0, 5.96%, 0, 0, 10, 89.72, 433376, 224, 0, 0
4871, 13, 309, 351, 0, 0, 5.96%, 0, 0, 10, 89.51, 433832, 224, 0, 0
4876, 13, 192, 351, 0, 0, 5.96%, 0, 0, 10, 88.99, 434283, 224, 0, 0
4881, 13, 249, 351, 0, 0, 5.96%, 0, 0, 10, 88.56, 434734, 224, 0, 0
4886, 13, 207, 351, 0, 0, 5.96%, 0, 0, 10, 88.98, 435185, 224, 0, 0
4891, 13, 199, 351, 0, 0, 5.96%, 0, 0, 10, 89.69, 435643, 224, 0, 0
4896, 13, 215, 351, 0, 0, 5.96%, 0, 0, 10, 88.66, 436096, 224, 0, 0
4901, 13, 309, 351, 0, 0, 5.96%, 0, 0, 10, 89.21, 436555, 224, 0, 0
4906, 13, 309, 353, 2, 0, 5.96%, 0, 0, 10, 88.97, 436999, 224, 0, 0
4911, 13, 309, 353, 2, 0, 5.96%, 0, 0, 10, 88.90, 437450, 224, 0, 0
4916, 13, 309, 353, 2, 0, 5.96%, 0, 0, 10, 87.68, 437900, 224, 0, 0
4921, 13, 192, 353, 2, 0, 5.96%, 0, 0, 10, 88.32, 438349, 224, 0, 0
4926, 13, 214, 353, 2, 0, 5.96%, 0, 0, 10, 89.30, 438804, 224, 0, 0
4932, 13, 197, 353, 2, 0, 5.96%, 0, 0, 10, 89.36, 439259, 224, 0, 0
4937, 13, 288, 353, 2, 0, 5.96%, 0, 0, 10, 89.04, 439711, 224, 0, 0
4942, 13, 237, 353, 2, 0, 5.96%, 0, 0, 10, 89.53, 440162, 224, 0, 0
4947, 13, 352, 353, 2, 0, 5.96%, 0, 0, 10, 87.87, 440602, 224, 0, 0
4952, 13, 352, 353, 2, 0, 5.96%, 0, 0, 10, 86.34, 441048, 224, 0, 0
4957, 13, 212, 353, 1, 0, 5.96%, 0, 0, 10, 89.49, 441508, 224, 0, 0
4962, 13, 224, 353, 1, 0, 5.96%, 0, 0, 10, 89.67, 441970, 224, 0, 0
4967, 13, 217, 353, 1, 0, 5.96%, 0, 0, 10, 90.04, 442429, 224, 0, 0
4972, 13, 191, 353, 1, 0, 5.96%, 0, 0, 10, 89.98, 442889, 224, 0, 0
4977, 13, 214, 353, 1, 0, 5.96%, 0, 0, 10, 89.70, 443346, 224, 0, 0
4983, 13, 195, 353, 1, 0, 5.96%, 0, 0, 10, 89.84, 443802, 224, 0, 0
4988, 13, 217, 353, 1, 0, 5.96%, 0, 0, 10, 89.64, 444259, 224, 0, 0
4993, 13, 352, 353, 1, 0, 5.96%, 0, 0, 10, 89.28, 444710, 224, 0, 0
4998, 13, 352, 353, 1, 0, 5.96%, 0, 0, 10, 89.16, 445162, 224, 0, 0
5003, 13, 195, 353, 1, 0, 5.96%, 0, 0, 10, 89.35, 445615, 224, 0, 0
5008, 13, 217, 353, 1, 0, 5.96%, 0, 0, 10, 89.32, 446065, 224, 0, 0
5013, 13, 351, 353, 1, 0, 5.96%, 0, 0, 10, 88.42, 446513, 224, 0, 0
5018, 13, 351, 353, 1, 0, 5.96%, 0, 0, 10, 88.36, 446968, 224, 0, 0
5023, 13, 270, 353, 0, 0, 5.96%, 0, 0, 10, 89.00, 447421, 224, 0, 0
5028, 13, 197, 353, 0, 0, 5.96%, 0, 0, 10, 89.70, 447876, 224, 0, 0
5033, 13, 186, 353, 0, 0, 5.96%, 0, 0, 10, 89.45, 448331, 224, 0, 0
5038, 13, 190, 353, 0, 0, 5.96%, 0, 0, 10, 89.50, 448783, 224, 0, 0
5043, 13, 285, 353, 0, 0, 5.96%, 0, 0, 10, 89.83, 449239, 224, 0, 0
5048, 13, 206, 353, 0, 0, 5.96%, 0, 0, 10, 89.53, 449692, 224, 0, 0
5054, 13, 195, 353, 0, 0, 5.96%, 0, 0, 10, 89.00, 450147, 224, 0, 0
5059, 13, 224, 353, 0, 0, 5.96%, 0, 0, 10, 89.63, 450604, 224, 0, 0
5064, 13, 288, 353, 0, 0, 5.96%, 0, 0, 10, 89.90, 451063, 224, 0, 0
5069, 13, 215, 353, 0, 0, 5.96%, 0, 0, 10, 90.02, 451522, 224, 0, 0
5074, 13, 197, 353, 0, 0, 5.96%, 0, 0, 10, 89.42, 451977, 224, 0, 0
5079, 13, 288, 353, 0, 0, 5.96%, 0, 0, 10, 89.46, 452433, 224, 0, 0
5084, 13, 282, 353, 0, 0, 5.96%, 0, 0, 10, 90.08, 452900, 224, 0, 0
5089, 13, 214, 353, 0, 0, 5.96%, 0, 0, 10, 89.83, 453356, 224, 0, 0
5094, 13, 201, 353, 0, 0, 5.96%, 0, 0, 10, 89.54, 453810, 224, 0, 0
5099, 13, 280, 353, 0, 0, 5.96%, 0, 0, 10, 89.52, 454261, 224, 0, 0
5104, 13, 186, 353, 0, 0, 5.96%, 0, 0, 10, 89.60, 454713, 224, 0, 0
5110, 13, 186, 353, 0, 0, 5.96%, 0, 0, 10, 89.65, 455168, 224, 0, 0
5115, 13, 319, 353, 0, 0, 5.96%, 0, 0, 10, 89.79, 455623, 224, 0, 0
5120, 13, 261, 353, 0, 0, 5.96%, 0, 0, 10, 90.09, 456086, 224, 0, 0
5125, 13, 8, 353, 0, 0, 5.96%, 0, 0, 10, 89.89, 456545, 224, 0, 0
5130, 13, 197, 353, 0, 0, 5.96%, 0, 0, 10, 88.89, 456998, 224, 0, 0
5135, 13, 343, 353, 0, 0, 5.96%, 0, 0, 10, 86.61, 457448, 224, 0, 0
5140, 13, 343, 353, 0, 0, 5.96%, 0, 0, 10, 85.30, 457886, 224, 0, 0
5145, 13, 343, 353, 0, 0, 5.96%, 0, 0, 10, 83.95, 458312, 224, 0, 0
5150, 13, 343, 353, 0, 0, 5.96%, 0, 0, 10, 84.09, 458737, 224, 0, 0
5155, 13, 343, 353, 0, 0, 5.96%, 0, 0, 10, 84.03, 459162, 224, 0, 0
5161, 13, 343, 353, 0, 0, 5.96%, 0, 0, 10, 84.18, 459587, 224, 0, 0
5166, 13, 343, 353, 0, 0, 5.96%, 0, 0, 10, 83.92, 460012, 224, 0, 0
5171, 13, 343, 353, 0, 0, 5.96%, 0, 0, 10, 83.92, 460436, 224, 0, 0
5176, 13, 343, 353, 0, 0, 5.96%, 0, 0, 10, 84.01, 460861, 224, 0, 0
5181, 13, 282, 353, 0, 0, 5.96%, 0, 0, 10, 88.41, 461317, 224, 0, 0
5186, 13, 240, 353, 0, 0, 5.96%, 0, 0, 10, 87.97, 461767, 224, 0, 0
5191, 13, 197, 353, 0, 0, 5.96%, 0, 0, 10, 89.72, 462228, 224, 0, 0
5196, 13, 288, 353, 0, 0, 5.96%, 0, 0, 10, 89.19, 462686, 224, 0, 0
5201, 13, 352, 353, 0, 0, 5.96%, 0, 0, 10, 87.51, 463135, 224, 0, 0
5206, 13, 352, 353, 0, 0, 5.96%, 0, 0, 10, 88.14, 463580, 224, 0, 0
5211, 13, 215, 353, 0, 0, 5.96%, 0, 0, 10, 89.01, 464030, 224, 0, 0
5216, 13, 259, 353, 0, 0, 5.96%, 0, 0, 10, 88.65, 464481, 224, 0, 0
5222, 14, 248, 353, 0, 0, 5.96%, 0, 0, 10, 88.76, 464934, 224, 0, 0
5227, 14, 249, 353, 0, 0, 5.96%, 0, 0, 10, 89.32, 465385, 224, 0, 0
5232, 14, 9, 353, 0, 0, 5.96%, 0, 0, 10, 89.73, 465844, 224, 0, 0
5237, 14, 224, 353, 0, 0, 5.96%, 0, 0, 10, 89.13, 466296, 224, 0, 0
5242, 14, 212, 353, 0, 0, 5.96%, 0, 0, 10, 89.53, 466751, 224, 0, 0
5247, 14, 195, 353, 0, 0, 5.96%, 0, 0, 10, 89.30, 467202, 224, 0, 0
5252, 14, 186, 353, 0, 0, 5.96%, 0, 0, 10, 89.40, 467658, 224, 0, 0
5257, 14, 221, 353, 0, 0, 5.96%, 0, 0, 10, 89.87, 468117, 224, 0, 0
5262, 14, 248, 353, 0, 0, 5.96%, 0, 0, 10, 89.88, 468575, 224, 0, 0
5267, 14, 293, 353, 0, 0, 5.96%, 0, 0, 10, 88.96, 469029, 224, 0, 0
5272, 14, 186, 353, 0, 0, 5.96%, 0, 0, 10, 87.87, 469471, 224, 0, 0
5278, 14, 298, 353, 0, 0, 5.96%, 0, 0, 10, 89.60, 469931, 224, 0, 0
5283, 14, 212, 353, 0, 0, 5.96%, 0, 0, 10, 89.93, 470389, 224, 0, 0
5288, 14, 282, 353, 0, 0, 5.96%, 0, 0, 10, 89.76, 470846, 224, 0, 0
5293, 14, 282, 353, 0, 0, 5.96%, 0, 0, 10, 90.15, 471305, 224, 0, 0
5298, 14, 248, 353, 0, 0, 5.96%, 0, 0, 10, 89.22, 471763, 224, 0, 0
5303, 14, 200, 353, 0, 0, 5.96%, 0, 0, 10, 89.67, 472217, 224, 0, 0
5308, 14, 282, 353, 0, 0, 5.96%, 0, 0, 10, 89.57, 472673, 224, 0, 0
5313, 14, 207, 353, 0, 0, 5.96%, 0, 0, 10, 89.57, 473130, 224, 0, 0
5318, 14, 349, 353, 0, 0, 5.96%, 0, 0, 10, 89.18, 473581, 224, 0, 0
5323, 14, 197, 353, 0, 0, 5.96%, 0, 0, 10, 87.44, 474026, 224, 0, 0
5328, 14, 311, 353, 0, 0, 5.96%, 0, 0, 10, 88.12, 474479, 224, 0, 0
5334, 14, 311, 353, 0, 0, 5.96%, 0, 0, 10, 87.27, 474922, 224, 0, 0
5339, 14, 117, 353, 0, 0, 5.96%, 0, 0, 10, 88.42, 475371, 224, 0, 0
5344, 14, 186, 353, 0, 0, 5.96%, 0, 0, 10, 89.37, 475822, 224, 0, 0
5349, 14, 248, 353, 0, 0, 5.96%, 0, 0, 10, 89.72, 476280, 224, 0, 0
5354, 14, 288, 353, 0, 0, 5.96%, 0, 0, 10, 90.22, 476741, 224, 0, 0
5359, 14, 224, 353, 0, 0, 5.96%, 0, 0, 10, 89.84, 477198, 224, 0, 0
5364, 14, 311, 353, 0, 0, 5.96%, 0, 0, 10, 87.60, 477646, 224, 0, 0
5369, 14, 239, 353, 0, 0, 5.96%, 0, 0, 10, 89.43, 478100, 224, 0, 0
5374, 14, 201, 353, 0, 0, 5.96%, 0, 0, 10, 89.89, 478564, 224, 0, 0
5380, 14, 215, 353, 0, 0, 5.96%, 0, 0, 10, 89.89, 479023, 224, 0, 0
5385, 14, 199, 353, 0, 0, 5.96%, 0, 0, 10, 89.94, 479484, 224, 0, 0
5390, 14, 249, 353, 0, 0, 5.96%, 0, 0, 10, 88.98, 479939, 224, 0, 0
5395, 14, 248, 353, 0, 0, 5.96%, 0, 0, 10, 89.67, 480396, 224, 0, 0
5400, 14, 186, 353, 0, 0, 5.96%, 0, 0, 10, 89.74, 480852, 224, 0, 0
5405, 14, 207, 353, 0, 0, 5.96%, 0, 0, 10, 88.78, 481303, 224, 0, 0
5410, 14, 215, 353, 0, 0, 5.96%, 0, 0, 10, 89.93, 481766, 224, 0, 0
5415, 14, 327, 353, 0, 0, 5.96%, 0, 0, 10, 89.38, 482222, 224, 0, 0
5420, 14, 189, 353, 0, 0, 5.96%, 0, 0, 10, 88.48, 482671, 224, 0, 0
5426, 14, 239, 353, 0, 0, 5.96%, 0, 0, 10, 89.77, 483134, 224, 0, 0
5431, 14, 282, 353, 0, 0, 5.96%, 0, 0, 10, 89.89, 483591, 224, 0, 0
5436, 14, 252, 353, 0, 0, 5.96%, 0, 0, 10, 89.53, 484045, 224, 0, 0
5441, 14, 201, 353, 0, 0, 5.96%, 0, 0, 10, 89.00, 484499, 224, 0, 0
5446, 14, 186, 353, 0, 0, 5.96%, 0, 0, 10, 90.01, 484965, 224, 0, 0
5451, 14, 118, 353, 0, 0, 5.96%, 0, 0, 10, 89.85, 485420, 224, 0, 0
5456, 14, 191, 353, 0, 0, 5.96%, 0, 0, 10, 90.06, 485883, 224, 0, 0
5461, 14, 215, 353, 0, 0, 5.96%, 0, 0, 10, 89.70, 486336, 224, 0, 0
5466, 14, 292, 353, 0, 0, 5.96%, 0, 0, 10, 89.47, 486788, 224, 0, 0
5471, 14, 190, 353, 0, 0, 5.96%, 0, 0, 10, 89.93, 487250, 224, 0, 0
5476, 14, 249, 353, 0, 0, 5.96%, 0, 0, 10, 89.65, 487701, 224, 0, 0
5482, 14, 215, 353, 0, 0, 5.96%, 0, 0, 10, 89.76, 488154, 224, 0, 0
5487, 14, 192, 353, 0, 0, 5.96%, 0, 0, 10, 89.44, 488610, 224, 0, 0
5492, 14, 224, 353, 0, 0, 5.96%, 0, 0, 10, 89.48, 489061, 224, 0, 0
5497, 14, 192, 353, 0, 0, 5.96%, 0, 0, 10, 89.61, 489515, 224, 0, 0
5502, 14, 215, 353, 0, 0, 5.96%, 0, 0, 10, 89.82, 489970, 224, 0, 0
5507, 15, 212, 353, 0, 0, 5.96%, 0, 0, 10, 89.91, 490428, 224, 0, 0
5512, 15, 316, 353, 0, 0, 5.96%, 0, 0, 10, 90.01, 490885, 224, 0, 0
5517, 15, 282, 353, 0, 0, 5.96%, 0, 0, 10, 90.13, 491343, 224, 0, 0
5522, 15, 191, 353, 0, 0, 5.96%, 0, 0, 10, 90.17, 491805, 224, 0, 0
5527, 15, 214, 353, 0, 0, 5.96%, 0, 0, 10, 89.65, 492261, 224, 0, 0
5532, 15, 193, 353, 0, 0, 5.96%, 0, 0, 10, 90.05, 492720, 224, 0, 0
5537, 15, 200, 353, 0, 0, 5.96%, 0, 0, 10, 89.88, 493174, 224, 0, 0
5543, 15, 224, 353, 0, 0, 5.96%, 0, 0, 10, 89.86, 493632, 224, 0, 0
5548, 15, 186, 353, 0, 0, 5.96%, 0, 0, 10, 89.31, 494082, 224, 0, 0
5553, 15, 315, 353, 0, 0, 5.96%, 0, 0, 10, 89.86, 494538, 224, 0, 0
5558, 15, 249, 353, 0, 0, 5.96%, 0, 0, 10, 89.66, 494995, 224, 0, 0
5563, 15, 288, 353, 0, 0, 5.96%, 0, 0, 10, 90.14, 495457, 224, 0, 0
5568, 15, 193, 353, 0, 0, 5.96%, 0, 0, 10, 89.92, 495913, 224, 0, 0
5573, 15, 253, 353, 0, 0, 5.96%, 0, 0, 10, 89.75, 496365, 224, 0, 0
5578, 15, 335, 353, 0, 0, 5.96%, 0, 0, 10, 89.98, 496825, 224, 0, 0
5583, 15, 300, 353, 0, 0, 5.96%, 0, 0, 10, 89.74, 497286, 224, 0, 0
5588, 15, 288, 353, 0, 0, 5.96%, 0, 0, 10, 90.13, 497745, 224, 0, 0
5593, 15, 288, 353, 0, 0, 5.96%, 0, 0, 10, 90.36, 498210, 224, 0, 0
5599, 15, 248, 353, 0, 0, 5.96%, 0, 0, 10, 90.18, 498672, 224, 0, 0
5604, 15, 201, 353, 0, 0, 5.96%, 0, 0, 10, 89.79, 499129, 224, 0, 0
5609, 15, 316, 353, 0, 0, 5.96%, 0, 0, 10, 89.58, 499579, 224, 0, 0
5614, 15, 197, 353, 0, 0, 5.96%, 0, 0, 10, 89.62, 500036, 224, 0, 0
5619, 15, 191, 353, 0, 0, 5.96%, 0, 0, 10, 88.17, 500483, 224, 0, 0
5624, 15, 192, 353, 0, 0, 5.96%, 0, 0, 10, 89.31, 500936, 224, 0, 0
5629, 15, 197, 353, 0, 0, 5.96%, 0, 0, 10, 89.57, 501391, 224, 0, 0
5634, 15, 249, 353, 0, 0, 5.96%, 0, 0, 10, 89.85, 501847, 224, 0, 0
5639, 15, 288, 353, 0, 0, 5.96%, 0, 0, 10, 89.98, 502306, 224, 0, 0
5644, 15, 341, 353, 0, 0, 5.96%, 0, 0, 10, 88.72, 502757, 224, 0, 0
5649, 15, 341, 353, 0, 0, 5.96%, 0, 0, 10, 88.53, 503207, 224, 0, 0
5655, 15, 208, 353, 0, 0, 5.96%, 0, 0, 10, 88.37, 503657, 224, 0, 0
5660, 15, 288, 353, 0, 0, 5.96%, 0, 0, 10, 89.44, 504112, 224, 0, 0
5665, 15, 191, 353, 0, 0, 5.96%, 0, 0, 10, 89.62, 504567, 224, 0, 0
5670, 15, 195, 353, 0, 0, 5.96%, 0, 0, 10, 89.44, 505019, 224, 0, 0
5675, 15, 215, 353, 0, 0, 5.96%, 0, 0, 10, 89.40, 505470, 224, 0, 0
5680, 15, 288, 353, 0, 0, 5.96%, 0, 0, 10, 89.77, 505926, 224, 0, 0
5685, 15, 282, 353, 0, 0, 5.96%, 0, 0, 10, 88.97, 506380, 224, 0, 0
5690, 15, 308, 353, 0, 0, 5.96%, 0, 0, 10, 89.43, 506834, 224, 0, 0
5695, 15, 343, 353, 0, 0, 5.96%, 0, 0, 10, 89.65, 507296, 224, 0, 0
5700, 15, 217, 353, 0, 0, 5.96%, 0, 0, 10, 89.94, 507754, 224, 0, 0
5705, 15, 352, 353, 0, 0, 5.96%, 0, 0, 10, 89.50, 508208, 224, 0, 0
5711, 15, 352, 353, 0, 0, 5.96%, 0, 0, 10, 87.91, 508658, 224, 0, 0
5716, 15, 201, 353, 0, 0, 5.96%, 0, 0, 10, 89.58, 509118, 224, 0, 0
5721, 15, 8, 353, 0, 0, 5.96%, 0, 0, 10, 90.05, 509581, 224, 0, 0
5726, 15, 212, 353, 0, 0, 5.96%, 0, 0, 10, 89.72, 510036, 224, 0, 0
5731, 15, 212, 353, 0, 0, 5.96%, 0, 0, 10, 89.88, 510496, 224, 0, 0
5736, 15, 212, 353, 0, 0, 5.96%, 0, 0, 10, 89.76, 510950, 224, 0, 0
5741, 15, 214, 353, 0, 0, 5.96%, 0, 0, 10, 89.59, 511404, 224, 0, 0
5746, 15, 288, 353, 0, 0, 5.96%, 0, 0, 10, 89.74, 511860, 224, 0, 0
5751, 15, 195, 353, 0, 0, 5.96%, 0, 0, 10, 89.63, 512316, 224, 0, 0
5756, 15, 206, 353, 0, 0, 5.96%, 0, 0, 10, 89.54, 512766, 224, 0, 0
5761, 15, 186, 353, 0, 0, 5.96%, 0, 0, 10, 89.34, 513218, 224, 0, 0
5766, 15, 195, 353, 0, 0, 5.96%, 0, 0, 10, 89.35, 513672, 224, 0, 0
5772, 15, 191, 353, 0, 0, 5.96%, 0, 0, 10, 89.70, 514132, 224, 0, 0
5777, 15, 186, 353, 0, 0, 5.96%, 0, 0, 10, 89.72, 514590, 224, 0, 0
5782, 16, 190, 353, 0, 0, 5.96%, 0, 0, 10, 88.51, 515039, 224, 0, 0
5787, 16, 197, 353, 0, 0, 5.96%, 0, 0, 10, 89.27, 515497, 224, 0, 0
5792, 16, 316, 353, 0, 0, 5.96%, 0, 0, 10, 89.66, 515951, 224, 0, 0
5797, 16, 319, 353, 0, 0, 5.96%, 0, 0, 10, 90.03, 516410, 224, 0, 0
5802, 16, 258, 353, 0, 0, 5.96%, 0, 0, 10, 90.13, 516869, 224, 0, 0
5807, 16, 224, 353, 0, 0, 5.96%, 0, 0, 10, 90.04, 517332, 224, 0, 0
5812, 16, 208, 353, 0, 0, 5.96%, 0, 0, 10, 89.91, 517787, 224, 0, 0
5817, 16, 231, 353, 0, 0, 5.96%, 0, 0, 10, 87.99, 518238, 224, 0, 0
5822, 16, 190, 353, 0, 0, 5.96%, 0, 0, 10, 88.45, 518690, 224, 0, 0
5828, 16, 186, 353, 0, 0, 5.96%, 0, 0, 10, 89.59, 519149, 224, 0, 0
5833, 16, 273, 353, 0, 0, 5.96%, 0, 0, 10, 89.53, 519600, 224, 0, 0
5838, 16, 197, 353, 0, 0, 5.96%, 0, 0, 10, 89.57, 520053, 224, 0, 0
5843, 16, 186, 353, 0, 0, 5.96%, 0, 0, 10, 89.58, 520511, 224, 0, 0
5848, 16, 352, 353, 0, 0, 5.96%, 0, 0, 10, 89.45, 520963, 224, 0, 0
5853, 16, 316, 353, 0, 0, 5.96%, 0, 0, 10, 89.67, 521420, 224, 0, 0
5858, 16, 195, 353, 0, 0, 5.96%, 0, 0, 10, 89.58, 521874, 224, 0, 0
5863, 16, 217, 353, 0, 0, 5.96%, 0, 0, 10, 90.12, 522341, 224, 0, 0
5868, 16, 282, 353, 0, 0, 5.96%, 0, 0, 10, 89.37, 522798, 224, 0, 0
5873, 16, 309, 353, 0, 0, 5.96%, 0, 0, 10, 89.39, 523250, 224, 0, 0
5878, 16, 316, 353, 0, 0, 5.96%, 0, 0, 10, 89.06, 523700, 224, 0, 0
5884, 16, 192, 353, 0, 0, 5.96%, 0, 0, 10, 89.30, 524156, 224, 0, 0
5889, 16, 295, 353, 0, 0, 5.96%, 0, 0, 10, 89.14, 524607, 224, 0, 0
5894, 16, 207, 353, 0, 0, 5.96%, 0, 0, 10, 89.48, 525063, 224, 0, 0
5899, 16, 351, 353, 0, 0, 5.96%, 0, 0, 10, 87.73, 525512, 224, 0, 0
5904, 16, 351, 353, 0, 0, 5.96%, 0, 0, 10, 88.32, 525959, 224, 0, 0
5909, 16, 284, 353, 0, 0, 5.96%, 0, 0, 10, 89.72, 526420, 224, 0, 0
5914, 16, 190, 353, 0, 0, 5.96%, 0, 0, 10, 89.72, 526880, 224, 0, 0
5919, 16, 233, 353, 0, 0, 5.96%, 0, 0, 10, 89.39, 527333, 224, 0, 0
5924, 16, 230, 353, 0, 0, 5.96%, 0, 0, 10, 89.40, 527789, 224, 0, 0
5929, 16, 208, 353, 0, 0, 5.96%, 0, 0, 10, 88.95, 528237, 224, 0, 0
5934, 16, 224, 353, 0, 0, 5.96%, 0, 0, 10, 89.40, 528686, 224, 0, 0
5940, 16, 186, 353, 0, 0, 5.96%, 0, 0, 10, 89.59, 529139, 224, 0, 0
5945, 16, 316, 353, 0, 0, 5.96%, 0, 0, 10, 89.64, 529599, 224, 0, 0
5950, 16, 210, 353, 0, 0, 5.96%, 0, 0, 10, 89.80, 530056, 224, 0, 0
5955, 16, 213, 353, 0, 0, 5.96%, 0, 0, 10, 89.33, 530509, 224, 0, 0
5960, 16, 186, 353, 0, 0, 5.96%, 0, 0, 10, 89.12, 530960, 224, 0, 0
5965, 16, 224, 353, 0, 0, 5.96%, 0, 0, 10, 89.25, 531413, 224, 0, 0
5970, 16, 282, 353, 0, 0, 5.96%, 0, 0, 10, 89.98, 531874, 224, 0, 0
5975, 16, 282, 353, 0, 0, 5.96%, 0, 0, 10, 90.27, 532334, 224, 0, 0
5980, 16, 288, 353, 0, 0, 5.96%, 0, 0, 10, 90.59, 532800, 224, 0, 0
5985, 16, 208, 353, 0, 0, 5.96%, 0, 0, 10, 89.89, 533258, 224, 0, 0
5990, 16, 197, 353, 0, 0, 5.96%, 0, 0, 10, 89.95, 533718, 224, 0, 0
5996, 16, 284, 353, 0, 0, 5.96%, 0, 0, 10, 90.07, 534182, 224, 0, 0
6001, 16, 282, 353, 0, 0, 5.96%, 0, 0, 10, 89.65, 534641, 224, 0, 0
6006, 16, 201, 353, 0, 0, 5.96%, 0, 0, 10, 89.95, 535100, 224, 0, 0
6011, 16, 351, 353, 0, 0, 5.96%, 0, 0, 10, 90.02, 535561, 224, 0, 0
6016, 16, 351, 353, 0, 0, 5.96%, 0, 0, 10, 88.99, 536013, 224, 0, 0
6021, 16, 186, 353, 0, 0, 5.96%, 0, 0, 10, 89.30, 536465, 224, 0, 0
6026, 16, 190, 353, 0, 0, 5.96%, 0, 0, 10, 89.38, 536920, 224, 0, 0
6031, 16, 190, 353, 0, 0, 5.96%, 0, 0, 10, 88.66, 537372, 224, 0, 0
6036, 16, 200, 353, 0, 0, 5.96%, 0, 0, 10, 89.28, 537824, 224, 0, 0
6041, 16, 197, 353, 0, 0, 5.96%, 0, 0, 10, 89.45, 538276, 224, 0, 0
6046, 16, 282, 353, 0, 0, 5.96%, 0, 0, 10, 89.32, 538728, 224, 0, 0
6052, 16, 215, 353, 0, 0, 5.96%, 0, 0, 10, 88.61, 539181, 224, 0, 0
6057, 16, 206, 353, 0, 0, 5.96%, 0, 0, 10, 89.32, 539634, 224, 0, 0
6062, 16, 197, 353, 0, 0, 5.96%, 0, 0, 10, 89.62, 540089, 224, 0, 0
6067, 17, 282, 353, 0, 0, 5.96%, 0, 0, 10, 89.22, 540539, 224, 0, 0
6072, 17, 288, 353, 0, 0, 5.96%, 0, 0, 10, 89.36, 540990, 224, 0, 0
6077, 17, 312, 353, 0, 0, 5.96%, 0, 0, 10, 89.96, 541453, 224, 0, 0
6082, 17, 280, 353, 0, 0, 5.96%, 0, 0, 10, 89.78, 541908, 224, 0, 0
6087, 17, 195, 353, 0, 0, 5.96%, 0, 0, 10, 90.16, 542367, 224, 0, 0
6092, 17, 207, 353, 0, 0, 5.96%, 0, 0, 10, 89.60, 542819, 224, 0, 0
6097, 17, 186, 353, 0, 0, 5.96%, 0, 0, 10, 89.45, 543275, 224, 0, 0
6102, 17, 197, 353, 0, 0, 5.96%, 0, 0, 10, 89.58, 543727, 224, 0, 0
6107, 17, 200, 353, 0, 0, 5.96%, 0, 0, 10, 89.68, 544181, 224, 0, 0
6112, 17, 192, 353, 0, 0, 5.96%, 0, 0, 10, 89.03, 544633, 224, 0, 0
6118, 17, 248, 353, 0, 0, 5.96%, 0, 0, 10, 88.79, 545084, 224, 0, 0
6123, 17, 288, 353, 0, 0, 5.96%, 0, 0, 10, 89.91, 545543, 224, 0, 0
6128, 17, 193, 353, 0, 0, 5.96%, 0, 0, 10, 89.64, 545997, 224, 0, 0
6133, 17, 195, 353, 0, 0, 5.96%, 0, 0, 10, 89.87, 546457, 224, 0, 0
6138, 17, 290, 353, 0, 0, 5.96%, 0, 0, 10, 90.24, 546920, 224, 0, 0
6143, 17, 199, 353, 0, 0, 5.96%, 0, 0, 10, 90.22, 547376, 224, 0, 0
6148, 17, 215, 353, 0, 0, 5.96%, 0, 0, 10, 89.95, 547835, 224, 0, 0
6153, 17, 282, 353, 0, 0, 5.96%, 0, 0, 10, 89.86, 548295, 224, 0, 0
6158, 17, 251, 353, 0, 0, 5.96%, 0, 0, 10, 90.23, 548756, 224, 0, 0
6163, 17, 217, 353, 0, 0, 5.96%, 0, 0, 10, 89.81, 549213, 224, 0, 0
6169, 17, 298, 353, 0, 0, 5.96%, 0, 0, 10, 89.75, 549670, 224, 0, 0
6174, 17, 311, 353, 0, 0, 5.96%, 0, 0, 10, 89.50, 550128, 224, 0, 0
6179, 17, 191, 353, 0, 0, 5.96%, 0, 0, 10, 89.65, 550584, 224, 0, 0
6184, 17, 293, 353, 0, 0, 5.96%, 0, 0, 10, 89.18, 551035, 224, 0, 0
6189, 17, 217, 353, 0, 0, 5.96%, 0, 0, 10, 88.39, 551485, 224, 0, 0
6194, 17, 249, 353, 0, 0, 5.96%, 0, 0, 10, 89.44, 551940, 224, 0, 0
6199, 17, 296, 353, 0, 0, 5.96%, 0, 0, 10, 89.49, 552393, 224, 0, 0
6204, 17, 186, 353, 0, 0, 5.96%, 0, 0, 10, 89.68, 552849, 224, 0, 0
6209, 17, 214, 353, 0, 0, 5.96%, 0, 0, 10, 90.26, 553309, 224, 0, 0
6214, 17, 208, 353, 0, 0, 5.96%, 0, 0, 10, 89.60, 553760, 224, 0, 0
6219, 17, 190, 353, 0, 0, 5.96%, 0, 0, 10, 90.23, 554224, 224, 0, 0
6224, 17, 243, 353, 0, 0, 5.96%, 0, 0, 10, 89.70, 554675, 224, 0, 0
6230, 17, 248, 353, 0, 0, 5.96%, 0, 0, 10, 89.14, 555121, 224, 0, 0
6235, 17, 230, 353, 0, 0, 5.96%, 0, 0, 10, 89.32, 555579, 224, 0, 0
6240, 17, 227, 353, 0, 0, 5.96%, 0, 0, 10, 89.07, 556033, 224, 0, 0
6245, 17, 298, 353, 0, 0, 5.96%, 0, 0, 10, 89.57, 556487, 224, 0, 0
6250, 17, 224, 353, 0, 0, 5.96%, 0, 0, 10, 89.65, 556941, 224, 0, 0
6255, 17, 199, 353, 0, 0, 5.96%, 0, 0, 10, 90.09, 557401, 224, 0, 0
6260, 17, 282, 353, 0, 0, 5.96%, 0, 0, 10, 89.91, 557862, 224, 0, 0
6265, 17, 186, 353, 0, 0, 5.96%, 0, 0, 10, 89.30, 558315, 224, 0, 0
6270, 17, 295, 353, 0, 0, 5.96%, 0, 0, 10, 89.24, 558764, 224, 0, 0
6275, 17, 249, 353, 0, 0, 5.96%, 0, 0, 10, 89.75, 559220, 224, 0, 0
6280, 17, 288, 353, 0, 0, 5.96%, 0, 0, 10, 89.35, 559677, 224, 0, 0
6285, 17, 254, 353, 0, 0, 5.96%, 0, 0, 10, 89.76, 560132, 224, 0, 0
6291, 17, 316, 353, 0, 0, 5.96%, 0, 0, 10, 89.74, 560588, 224, 0, 0
6296, 17, 186, 353, 0, 0, 5.96%, 0, 0, 10, 88.53, 561038, 224, 0, 0
6301, 17, 198, 353, 0, 0, 5.96%, 0, 0, 10, 89.30, 561491, 224, 0, 0
6306, 17, 249, 353, 0, 0, 5.96%, 0, 0, 10, 87.91, 561938, 224, 0, 0
6311, 17, 215, 353, 0, 0, 5.96%, 0, 0, 10, 89.22, 562389, 224, 0, 0
6316, 17, 349, 353, 0, 0, 5.96%, 0, 0, 10, 89.08, 562841, 224, 0, 0
6321, 17, 305, 353, 0, 0, 5.96%, 0, 0, 10, 89.71, 563301, 224, 0, 0
6326, 17, 200, 353, 0, 0, 5.96%, 0, 0, 10, 89.12, 563755, 224, 0, 0
6331, 17, 282, 353, 0, 0, 5.96%, 0, 0, 10, 89.58, 564208, 224, 0, 0
6336, 17, 248, 353, 0, 0, 5.96%, 0, 0, 10, 89.64, 564662, 224, 0, 0
6341, 18, 276, 353, 0, 0, 5.96%, 0, 0, 10, 87.99, 565112, 224, 0, 0
6346, 18, 298, 353, 0, 0, 5.96%, 0, 0, 10, 88.31, 565558, 224, 0, 0
6351, 18, 186, 353, 0, 0, 5.96%, 0, 0, 10, 87.75, 566008, 224, 0, 0
6357, 18, 215, 353, 0, 0, 5.96%, 0, 0, 10, 88.78, 566460, 224, 0, 0
6362, 18, 249, 353, 0, 0, 5.96%, 0, 0, 10, 89.22, 566916, 224, 0, 0
6367, 18, 316, 353, 0, 0, 5.96%, 0, 0, 10, 89.29, 567368, 224, 0, 0
6372, 18, 197, 353, 0, 0, 5.96%, 0, 0, 10, 89.76, 567824, 224, 0, 0
6377, 18, 249, 353, 0, 0, 5.96%, 0, 0, 10, 89.85, 568279, 224, 0, 0
6382, 18, 215, 353, 0, 0, 5.96%, 0, 0, 10, 89.63, 568734, 224, 0, 0
6387, 18, 186, 353, 0, 0, 5.96%, 0, 0, 10, 89.15, 569185, 224, 0, 0
6392, 18, 216, 353, 0, 0, 5.96%, 0, 0, 10, 87.09, 569632, 224, 0, 0
6397, 18, 264, 353, 0, 0, 5.96%, 0, 0, 10, 88.80, 570085, 224, 0, 0
6402, 18, 186, 353, 0, 0, 5.96%, 0, 0, 10, 88.94, 570536, 224, 0, 0
6407, 18, 186, 353, 0, 0, 5.96%, 0, 0, 10, 89.08, 570986, 224, 0, 0
6412, 18, 192, 353, 0, 0, 5.96%, 0, 0, 10, 89.44, 571443, 224, 0, 0
6418, 18, 248, 353, 0, 0, 5.96%, 0, 0, 10, 88.37, 571894, 224, 0, 0
6423, 18, 212, 353, 0, 0, 5.96%, 0, 0, 10, 89.35, 572348, 224, 0, 0
6428, 18, 201, 353, 0, 0, 5.96%, 0, 0, 10, 89.17, 572803, 224, 0, 0
6433, 18, 288, 353, 0, 0, 5.96%, 0, 0, 10, 89.89, 573262, 224, 0, 0
6438, 18, 330, 353, 0, 0, 5.96%, 0, 0, 10, 89.26, 573717, 224, 0, 0
6443, 18, 288, 353, 0, 0, 5.96%, 0, 0, 10, 88.29, 574167, 224, 0, 0
6448, 18, 186, 353, 0, 0, 5.96%, 0, 0, 10, 89.31, 574620, 224, 0, 0
6453, 18, 187, 353, 0, 0, 5.96%, 0, 0, 10, 89.51, 575072, 224, 0, 0
6458, 18, 296, 353, 0, 0, 5.96%, 0, 0, 10, 89.60, 575527, 224, 0, 0
6463, 18, 288, 353, 0, 0, 5.96%, 0, 0, 10, 89.62, 575984, 224, 0, 0
6468, 18, 199, 353, 0, 0, 5.96%, 0, 0, 10, 89.91, 576443, 224, 0, 0
6473, 18, 224, 353, 0, 0, 5.96%, 0, 0, 10, 89.69, 576896, 224, 0, 0
6479, 18, 277, 353, 0, 0, 5.96%, 0, 0, 10, 89.80, 577357, 224, 0, 0
6484, 18, 232, 353, 0, 0, 5.96%, 0, 0, 10, 90.20, 577822, 224, 0, 0
6489, 18, 217, 353, 0, 0, 5.96%, 0, 0, 10, 90.13, 578287, 224, 0, 0
6494, 18, 193, 353, 0, 0, 5.96%, 0, 0, 10, 89.94, 578750, 224, 0, 0
6499, 18, 186, 353, 0, 0, 5.96%, 0, 0, 10, 89.71, 579205, 224, 0, 0
6503, 18, 200, 353, 0, 0, 5.96%, 0, 0, 10, 87.15, 579513, 224, 0, 0
