# relative_time, cycles_done, cur_item, corpus_count, pending_total, pending_favs, map_size, saved_crashes, saved_hangs, max_depth, execs_per_sec, total_execs, edges_found, total_crashes, servers_count
61, 0, 0, 598, 352, 49, 21.93%, 0, 0, 2, 46.40, 6325, 716, 0, 0
66, 0, 0, 604, 358, 49, 21.99%, 0, 0, 2, 48.14, 6572, 718, 0, 0
71, 0, 0, 610, 364, 49, 22.02%, 0, 0, 2, 47.53, 6808, 719, 0, 0
76, 0, 0, 614, 368, 49, 22.11%, 0, 0, 2, 48.54, 7052, 722, 0, 0
81, 0, 0, 621, 375, 49, 22.11%, 0, 0, 2, 46.66, 7280, 722, 0, 0
87, 0, 0, 628, 382, 49, 22.21%, 0, 0, 2, 48.96, 7533, 725, 0, 0
92, 0, 0, 632, 386, 49, 22.21%, 0, 0, 2, 44.93, 7747, 725, 0, 0
97, 0, 0, 639, 393, 49, 22.21%, 0, 0, 2, 45.23, 7981, 725, 0, 0
102, 0, 0, 642, 396, 49, 22.21%, 0, 0, 2, 47.39, 8216, 725, 0, 0
107, 0, 0, 647, 401, 49, 22.30%, 0, 0, 2, 46.09, 8446, 728, 0, 0
112, 0, 0, 651, 405, 49, 22.33%, 0, 0, 2, 48.34, 8694, 729, 0, 0
117, 0, 0, 656, 410, 49, 22.36%, 0, 0, 2, 46.83, 8931, 730, 0, 0
122, 0, 0, 662, 416, 49, 22.39%, 0, 0, 2, 46.94, 9164, 731, 0, 0
127, 0, 0, 669, 423, 49, 22.39%, 0, 0, 2, 45.87, 9392, 731, 0, 0
133, 0, 0, 672, 426, 49, 22.39%, 0, 0, 2, 47.17, 9632, 731, 0, 0
138, 0, 0, 673, 427, 49, 22.39%, 0, 0, 2, 47.26, 9872, 731, 0, 0
143, 0, 0, 677, 431, 49, 22.48%, 0, 0, 2, 45.66, 10101, 734, 0, 0
148, 0, 0, 679, 433, 49, 22.57%, 0, 0, 2, 49.82, 10352, 737, 0, 0
153, 0, 0, 682, 436, 49, 22.57%, 0, 0, 2, 49.22, 10600, 737, 0, 0
158, 0, 0, 684, 438, 49, 22.57%, 0, 0, 2, 47.98, 10849, 737, 0, 0
164, 0, 0, 688, 442, 49, 22.57%, 0, 0, 2, 46.42, 11070, 737, 0, 0
169, 0, 0, 689, 443, 49, 22.57%, 0, 0, 2, 49.10, 11328, 737, 0, 0
174, 0, 0, 695, 449, 49, 22.60%, 0, 0, 2, 46.15, 11551, 738, 0, 0
179, 0, 0, 698, 452, 49, 22.63%, 0, 0, 2, 47.70, 11801, 739, 0, 0
184, 0, 0, 703, 457, 49, 22.66%, 0, 0, 2, 46.29, 12038, 740, 0, 0
189, 0, 0, 706, 460, 49, 22.66%, 0, 0, 2, 47.36, 12266, 740, 0, 0
194, 0, 0, 710, 464, 49, 22.66%, 0, 0, 2, 49.28, 12511, 740, 0, 0
200, 0, 0, 712, 466, 49, 22.66%, 0, 0, 2, 42.28, 12729, 740, 0, 0
205, 0, 0, 713, 467, 49, 22.66%, 0, 0, 2, 46.71, 12964, 740, 0, 0
210, 0, 0, 714, 468, 49, 22.66%, 0, 0, 2, 48.74, 13217, 740, 0, 0
215, 0, 0, 717, 471, 49, 22.66%, 0, 0, 2, 48.91, 13466, 740, 0, 0
220, 0, 0, 721, 475, 49, 22.73%, 0, 0, 2, 46.13, 13703, 742, 0, 0
225, 0, 0, 724, 478, 49, 22.73%, 0, 0, 2, 47.93, 13956, 742, 0, 0
230, 0, 0, 727, 481, 49, 22.73%, 0, 0, 2, 49.17, 14216, 742, 0, 0
235, 0, 0, 728, 482, 49, 22.73%, 0, 0, 2, 48.58, 14457, 742, 0, 0
241, 0, 0, 730, 484, 49, 22.73%, 0, 0, 2, 45.92, 14704, 742, 0, 0
246, 0, 0, 731, 485, 49, 22.73%, 0, 0, 2, 47.89, 14943, 742, 0, 0
251, 0, 0, 736, 490, 49, 22.76%, 0, 0, 2, 47.95, 15183, 743, 0, 0
256, 0, 0, 738, 492, 49, 22.79%, 0, 0, 2, 46.92, 15426, 744, 0, 0
261, 0, 0, 742, 496, 49, 22.79%, 0, 0, 2, 47.62, 15666, 744, 0, 0
266, 0, 0, 745, 499, 49, 22.79%, 0, 0, 2, 45.03, 15882, 744, 0, 0
271, 0, 0, 748, 502, 49, 22.79%, 0, 0, 2, 46.16, 16108, 744, 0, 0
276, 0, 0, 750, 504, 49, 22.79%, 0, 0, 2, 47.25, 16346, 744, 0, 0
281, 0, 381, 750, 502, 107, 22.79%, 0, 0, 2, 45.72, 16583, 744, 0, 0
287, 0, 68, 753, 503, 105, 22.79%, 0, 0, 3, 36.06, 16744, 744, 0, 0
292, 0, 7, 755, 503, 103, 22.79%, 0, 0, 3, 37.87, 16946, 744, 0, 0
297, 0, 593, 757, 502, 101, 22.85%, 0, 0, 3, 38.13, 17151, 746, 0, 0
302, 0, 534, 760, 501, 97, 22.88%, 0, 0, 3, 38.33, 17346, 747, 0, 0
307, 0, 534, 764, 505, 97, 22.88%, 0, 0, 3, 42.20, 17555, 747, 0, 0
312, 0, 534, 767, 508, 97, 22.88%, 0, 0, 3, 42.44, 17768, 747, 0, 0
317, 0, 534, 770, 511, 97, 22.91%, 0, 0, 3, 43.87, 17987, 748, 0, 0
322, 0, 534, 771, 512, 97, 22.94%, 0, 0, 3, 44.78, 18218, 749, 0, 0
328, 0, 534, 772, 513, 97, 22.94%, 0, 0, 3, 42.71, 18425, 749, 0, 0
333, 0, 534, 772, 513, 97, 22.94%, 0, 0, 3, 44.01, 18656, 749, 0, 0
338, 0, 534, 774, 515, 97, 22.94%, 0, 0, 3, 42.77, 18855, 749, 0, 0
343, 0, 534, 774, 515, 97, 22.94%, 0, 0, 3, 41.94, 19063, 749, 0, 0
348, 0, 534, 775, 516, 97, 22.94%, 0, 0, 3, 42.06, 19272, 749, 0, 0
353, 0, 534, 776, 517, 97, 22.94%, 0, 0, 3, 41.67, 19494, 749, 0, 0
358, 0, 534, 777, 518, 97, 22.94%, 0, 0, 3, 43.55, 19712, 749, 0, 0
363, 0, 534, 778, 519, 97, 22.94%, 0, 0, 3, 42.42, 19927, 749, 0, 0
369, 0, 677, 779, 518, 97, 23.06%, 0, 0, 3, 41.18, 20154, 753, 0, 0
375, 0, 780, 781, 518, 98, 23.12%, 0, 0, 3, 37.02, 20337, 755, 0, 0
380, 0, 651, 781, 514, 94, 23.12%, 0, 0, 3, 37.37, 20521, 755, 0, 0
385, 0, 153, 782, 512, 91, 23.12%, 0, 0, 3, 37.07, 20721, 755, 0, 0
390, 0, 313, 783, 508, 86, 23.12%, 0, 0, 3, 37.91, 20920, 755, 0, 0
395, 0, 644, 783, 502, 81, 23.12%, 0, 0, 3, 39.44, 21132, 755, 0, 0
401, 0, 312, 786, 504, 80, 23.12%, 0, 0, 3, 33.12, 21271, 755, 0, 0
406, 0, 700, 787, 504, 79, 23.12%, 0, 0, 3, 30.34, 21416, 755, 0, 0
411, 0, 319, 787, 501, 76, 23.12%, 0, 0, 3, 33.06, 21590, 755, 0, 0
416, 0, 597, 791, 503, 74, 23.12%, 0, 0, 3, 35.59, 21779, 755, 0, 0
421, 0, 527, 791, 499, 70, 23.12%, 0, 0, 3, 36.87, 21977, 755, 0, 0
426, 0, 694, 791, 496, 68, 23.12%, 0, 0, 3, 35.39, 22164, 755, 0, 0
432, 0, 71, 793, 492, 62, 23.12%, 0, 0, 3, 35.66, 22336, 755, 0, 0
437, 0, 71, 797, 496, 62, 23.12%, 0, 0, 3, 31.39, 22474, 755, 0, 0
442, 0, 71, 798, 497, 62, 23.12%, 0, 0, 3, 30.23, 22618, 755, 0, 0
447, 0, 71, 800, 499, 62, 23.12%, 0, 0, 3, 31.53, 22778, 755, 0, 0
452, 0, 71, 803, 502, 62, 23.12%, 0, 0, 3, 30.33, 22925, 755, 0, 0
457, 0, 71, 805, 504, 62, 23.12%, 0, 0, 3, 32.28, 23082, 755, 0, 0
462, 0, 71, 807, 506, 62, 23.12%, 0, 0, 3, 31.66, 23242, 755, 0, 0
467, 0, 71, 808, 507, 62, 23.15%, 0, 0, 3, 31.33, 23407, 756, 0, 0
472, 0, 71, 810, 509, 62, 23.15%, 0, 0, 3, 31.17, 23559, 756, 0, 0
477, 0, 71, 810, 509, 62, 23.15%, 0, 0, 3, 28.42, 23700, 756, 0, 0
482, 0, 71, 812, 511, 62, 23.15%, 0, 0, 3, 30.68, 23856, 756, 0, 0
488, 0, 71, 813, 512, 62, 23.15%, 0, 0, 3, 30.55, 24006, 756, 0, 0
493, 0, 71, 815, 514, 62, 23.15%, 0, 0, 3, 30.87, 24167, 756, 0, 0
498, 0, 71, 816, 515, 62, 23.15%, 0, 0, 3, 32.36, 24329, 756, 0, 0
503, 0, 71, 817, 516, 62, 23.15%, 0, 0, 3, 31.61, 24480, 756, 0, 0
508, 0, 71, 820, 519, 62, 23.15%, 0, 0, 3, 33.52, 24658, 756, 0, 0
513, 0, 71, 820, 519, 62, 23.15%, 0, 0, 3, 31.82, 24820, 756, 0, 0
518, 0, 71, 821, 520, 62, 23.15%, 0, 0, 3, 31.11, 24976, 756, 0, 0
523, 0, 71, 823, 522, 62, 23.15%, 0, 0, 3, 31.07, 25130, 756, 0, 0
529, 0, 613, 824, 519, 60, 23.15%, 0, 0, 3, 36.30, 25333, 756, 0, 0
534, 0, 674, 824, 515, 56, 23.15%, 0, 0, 3, 36.59, 25528, 756, 0, 0
539, 0, 537, 826, 514, 53, 23.15%, 0, 0, 3, 35.18, 25704, 756, 0, 0
544, 0, 617, 826, 509, 50, 23.15%, 0, 0, 3, 37.54, 25906, 756, 0, 0
549, 0, 91, 830, 509, 46, 23.19%, 0, 0, 3, 37.90, 26116, 757, 0, 0
555, 0, 807, 831, 507, 44, 23.19%, 0, 0, 3, 38.41, 26340, 757, 0, 0
560, 0, 464, 835, 508, 41, 23.19%, 0, 0, 3, 35.64, 26501, 757, 0, 0
566, 0, 770, 835, 506, 40, 23.19%, 0, 0, 3, 33.78, 26658, 757, 0, 0
571, 0, 829, 835, 502, 36, 23.19%, 0, 0, 3, 33.64, 26820, 757, 0, 0
576, 0, 650, 835, 498, 33, 23.19%, 0, 0, 3, 34.04, 27011, 757, 0, 0
581, 0, 820, 838, 495, 29, 23.22%, 0, 0, 4, 36.92, 27210, 758, 0, 0
587, 0, 798, 838, 486, 24, 23.22%, 0, 0, 4, 37.99, 27390, 758, 0, 0
592, 0, 736, 841, 487, 22, 23.28%, 0, 0, 4, 34.59, 27564, 760, 0, 0
597, 0, 736, 842, 488, 22, 23.28%, 0, 0, 4, 33.13, 27731, 760, 0, 0
602, 0, 482, 843, 486, 21, 23.28%, 0, 0, 4, 34.76, 27918, 760, 0, 0
607, 0, 407, 844, 480, 17, 23.28%, 0, 0, 4, 35.63, 28100, 760, 0, 0
612, 0, 661, 846, 479, 17, 23.28%, 0, 0, 4, 30.31, 28240, 760, 0, 0
618, 0, 463, 848, 478, 15, 23.28%, 0, 0, 4, 33.09, 28415, 760, 0, 0
623, 0, 403, 850, 478, 15, 23.31%, 0, 0, 4, 29.18, 28569, 761, 0, 0
628, 0, 403, 850, 478, 15, 23.31%, 0, 0, 4, 26.42, 28699, 761, 0, 0
633, 0, 403, 850, 478, 15, 23.31%, 0, 0, 4, 23.46, 28817, 761, 0, 0
638, 0, 403, 850, 478, 15, 23.31%, 0, 0, 4, 29.36, 28970, 761, 0, 0
643, 0, 585, 850, 476, 14, 23.31%, 0, 0, 4, 28.40, 29116, 761, 0, 0
649, 0, 843, 851, 476, 13, 23.31%, 0, 0, 4, 26.74, 29248, 761, 0, 0
654, 0, 843, 851, 476, 13, 23.31%, 0, 0, 4, 26.04, 29379, 761, 0, 0
659, 0, 843, 851, 476, 13, 23.31%, 0, 0, 4, 25.57, 29512, 761, 0, 0
664, 0, 675, 851, 473, 10, 23.31%, 0, 0, 4, 31.09, 29681, 761, 0, 0
671, 0, 849, 852, 467, 7, 23.31%, 0, 0, 4, 33.72, 29894, 761, 0, 0
676, 0, 491, 853, 463, 6, 23.31%, 0, 0, 4, 27.82, 30019, 761, 0, 0
681, 0, 772, 856, 463, 5, 23.31%, 0, 0, 4, 22.30, 30127, 761, 0, 0
687, 0, 772, 857, 464, 5, 23.31%, 0, 0, 4, 16.42, 30202, 761, 0, 0
692, 0, 772, 857, 464, 5, 23.31%, 0, 0, 4, 15.26, 30278, 761, 0, 0
697, 0, 772, 858, 465, 5, 23.31%, 0, 0, 4, 14.64, 30353, 761, 0, 0
702, 0, 772, 858, 465, 5, 23.31%, 0, 0, 4, 13.94, 30425, 761, 0, 0
707, 0, 772, 858, 465, 5, 23.31%, 0, 0, 4, 14.53, 30501, 761, 0, 0
712, 0, 772, 858, 465, 5, 23.31%, 0, 0, 4, 14.36, 30574, 761, 0, 0
717, 0, 395, 858, 462, 4, 23.31%, 0, 0, 4, 25.84, 30743, 761, 0, 0
722, 0, 660, 859, 459, 4, 23.31%, 0, 0, 4, 34.67, 30946, 761, 0, 0
728, 0, 850, 859, 451, 3, 23.31%, 0, 0, 4, 25.16, 31068, 761, 0, 0
733, 0, 657, 861, 447, 0, 23.31%, 0, 0, 4, 33.90, 31239, 761, 0, 0
738, 0, 657, 861, 446, 0, 23.31%, 0, 0, 4, 31.64, 31385, 761, 0, 0
743, 0, 524, 861, 441, 0, 23.31%, 0, 0, 4, 34.33, 31568, 761, 0, 0
748, 0, 554, 861, 438, 0, 23.31%, 0, 0, 4, 33.19, 31733, 761, 0, 0
753, 0, 624, 862, 436, 0, 23.31%, 0, 0, 4, 31.22, 31904, 761, 0, 0
758, 0, 549, 862, 435, 0, 23.31%, 0, 0, 4, 36.48, 32095, 761, 0, 0
763, 0, 838, 862, 433, 0, 23.31%, 0, 0, 4, 38.37, 32296, 761, 0, 0
768, 0, 753, 862, 430, 0, 23.31%, 0, 0, 4, 35.19, 32471, 761, 0, 0
773, 0, 312, 863, 427, 0, 23.31%, 0, 0, 4, 36.46, 32654, 761, 0, 0
778, 0, 273, 863, 422, 0, 23.31%, 0, 0, 4, 30.89, 32800, 761, 0, 0
783, 0, 369, 863, 422, 0, 23.31%, 0, 0, 4, 37.80, 33004, 761, 0, 0
789, 0, 5, 863, 420, 0, 23.31%, 0, 0, 4, 34.50, 33158, 761, 0, 0
794, 0, 768, 863, 417, 0, 23.31%, 0, 0, 4, 35.92, 33342, 761, 0, 0
799, 0, 544, 864, 415, 0, 23.31%, 0, 0, 4, 35.37, 33508, 761, 0, 0
805, 0, 748, 865, 415, 0, 23.31%, 0, 0, 4, 29.52, 33708, 761, 0, 0
810, 0, 562, 866, 413, 0, 23.31%, 0, 0, 4, 35.63, 33895, 761, 0, 0
816, 0, 564, 866, 410, 0, 23.31%, 0, 0, 4, 34.97, 34071, 761, 0, 0
821, 0, 21, 866, 407, 0, 23.31%, 0, 0, 4, 33.43, 34234, 761, 0, 0
826, 0, 704, 867, 407, 0, 23.31%, 0, 0, 4, 36.35, 34422, 761, 0, 0
831, 0, 596, 868, 406, 0, 23.31%, 0, 0, 4, 35.61, 34595, 761, 0, 0
837, 0, 325, 869, 405, 0, 23.31%, 0, 0, 4, 35.78, 34799, 761, 0, 0
842, 0, 80, 870, 402, 0, 23.31%, 0, 0, 4, 32.64, 34948, 761, 0, 0
847, 0, 724, 870, 398, 0, 23.31%, 0, 0, 4, 34.36, 35121, 761, 0, 0
852, 0, 866, 871, 398, 0, 23.31%, 0, 0, 4, 34.78, 35273, 761, 0, 0
857, 0, 684, 871, 395, 0, 23.31%, 0, 0, 4, 33.65, 35438, 761, 0, 0
862, 0, 383, 871, 394, 0, 23.31%, 0, 0, 4, 34.85, 35625, 761, 0, 0
867, 0, 415, 872, 395, 0, 23.31%, 0, 0, 4, 35.37, 35796, 761, 0, 0
873, 0, 511, 873, 394, 0, 23.31%, 0, 0, 4, 34.55, 35979, 761, 0, 0
878, 0, 873, 876, 396, 1, 23.34%, 0, 0, 4, 34.06, 36157, 762, 0, 0
883, 0, 783, 879, 397, 0, 23.34%, 0, 0, 4, 29.39, 36291, 762, 0, 0
890, 0, 431, 879, 395, 0, 23.34%, 0, 0, 4, 26.96, 36492, 762, 0, 0
895, 0, 369, 879, 392, 0, 23.34%, 0, 0, 4, 30.49, 36653, 762, 0, 0
900, 0, 67, 879, 388, 0, 23.34%, 0, 0, 4, 29.81, 36808, 762, 0, 0
905, 0, 837, 879, 384, 0, 23.34%, 0, 0, 4, 30.77, 36969, 762, 0, 0
910, 0, 625, 880, 385, 0, 23.34%, 0, 0, 4, 36.87, 37150, 762, 0, 0
916, 0, 828, 881, 385, 0, 23.34%, 0, 0, 4, 39.29, 37360, 762, 0, 0
923, 0, 863, 882, 385, 0, 23.34%, 0, 0, 4, 33.89, 37603, 762, 0, 0
928, 0, 43, 884, 385, 0, 23.34%, 0, 0, 4, 30.64, 37758, 762, 0, 0
933, 0, 377, 884, 383, 0, 23.34%, 0, 0, 4, 36.80, 37954, 762, 0, 0
938, 0, 384, 884, 380, 0, 23.34%, 0, 0, 4, 26.79, 38077, 762, 0, 0
943, 0, 362, 886, 381, 0, 23.34%, 0, 0, 4, 28.55, 38226, 762, 0, 0
948, 0, 585, 887, 379, 0, 23.34%, 0, 0, 5, 27.61, 38354, 762, 0, 0
953, 0, 657, 887, 379, 0, 23.34%, 0, 0, 5, 36.67, 38548, 762, 0, 0
958, 0, 888, 889, 380, 1, 23.34%, 0, 0, 5, 34.31, 38712, 762, 0, 0
963, 0, 330, 890, 380, 0, 23.34%, 0, 0, 5, 37.99, 38909, 762, 0, 0
969, 0, 838, 890, 379, 0, 23.34%, 0, 0, 5, 34.43, 39062, 762, 0, 0
974, 0, 890, 892, 380, 1, 23.34%, 0, 0, 5, 23.13, 39152, 762, 0, 0
979, 0, 890, 892, 380, 1, 23.34%, 0, 0, 5, 18.36, 39236, 762, 0, 0
984, 0, 890, 892, 380, 1, 23.34%, 0, 0, 5, 17.31, 39324, 762, 0, 0
989, 0, 890, 892, 380, 1, 23.34%, 0, 0, 5, 16.61, 39407, 762, 0, 0
994, 0, 890, 893, 381, 1, 23.34%, 0, 0, 5, 16.41, 39495, 762, 0, 0
999, 0, 890, 893, 381, 1, 23.34%, 0, 0, 5, 16.65, 39582, 762, 0, 0
1004, 0, 890, 893, 381, 1, 23.34%, 0, 0, 5, 17.23, 39670, 762, 0, 0
1009, 0, 890, 893, 381, 1, 23.34%, 0, 0, 5, 16.64, 39753, 762, 0, 0
1015, 0, 890, 893, 381, 1, 23.34%, 0, 0, 5, 16.52, 39837, 762, 0, 0
1020, 0, 515, 893, 379, 0, 23.34%, 0, 0, 5, 19.54, 39940, 762, 0, 0
1025, 0, 346, 893, 377, 0, 23.34%, 0, 0, 5, 28.33, 40119, 762, 0, 0
1031, 0, 665, 894, 375, 0, 23.34%, 0, 0, 5, 33.55, 40295, 762, 0, 0
1036, 0, 91, 894, 373, 0, 23.34%, 0, 0, 5, 36.36, 40482, 762, 0, 0
1041, 0, 788, 895, 372, 0, 23.34%, 0, 0, 5, 35.94, 40666, 762, 0, 0
1046, 0, 788, 897, 374, 0, 23.34%, 0, 0, 5, 31.97, 40815, 762, 0, 0
1051, 0, 857, 897, 373, 0, 23.34%, 0, 0, 5, 28.53, 40932, 762, 0, 0
1056, 0, 882, 899, 373, 0, 23.34%, 0, 0, 5, 28.23, 41070, 762, 0, 0
1061, 0, 569, 899, 370, 0, 23.34%, 0, 0, 5, 27.39, 41200, 762, 0, 0
1066, 0, 552, 900, 368, 0, 23.34%, 0, 0, 5, 31.45, 41357, 762, 0, 0
1071, 0, 785, 900, 367, 0, 23.34%, 0, 0, 5, 30.17, 41489, 762, 0, 0
1076, 0, 381, 901, 365, 0, 23.34%, 0, 0, 5, 32.60, 41632, 762, 0, 0
1082, 0, 891, 901, 363, 0, 23.34%, 0, 0, 5, 26.26, 41768, 762, 0, 0
1087, 0, 890, 901, 362, 0, 23.34%, 0, 0, 5, 23.10, 41866, 762, 0, 0
1092, 0, 827, 903, 362, 0, 23.34%, 0, 0, 5, 23.64, 41987, 762, 0, 0
1097, 0, 904, 905, 361, 1, 23.37%, 0, 0, 5, 30.63, 42143, 763, 0, 0
1102, 0, 849, 906, 359, 0, 23.37%, 0, 0, 5, 27.11, 42282, 763, 0, 0
1107, 0, 178, 906, 359, 0, 23.37%, 0, 0, 5, 32.43, 42469, 763, 0, 0
1112, 0, 779, 907, 355, 0, 23.37%, 0, 0, 5, 30.53, 42614, 763, 0, 0
1117, 0, 22, 908, 355, 0, 23.37%, 0, 0, 5, 31.80, 42774, 763, 0, 0
1122, 0, 380, 908, 353, 0, 23.37%, 0, 0, 5, 32.91, 42963, 763, 0, 0
1127, 0, 503, 909, 353, 0, 23.37%, 0, 0, 5, 26.40, 43072, 763, 0, 0
1133, 0, 680, 909, 351, 0, 23.37%, 0, 0, 5, 31.48, 43235, 763, 0, 0
1140, 0, 877, 910, 348, 0, 23.37%, 0, 0, 5, 33.27, 43456, 763, 0, 0
1145, 0, 508, 910, 344, 0, 23.37%, 0, 0, 5, 32.85, 43615, 763, 0, 0
1150, 0, 745, 910, 341, 0, 23.37%, 0, 0, 5, 34.94, 43800, 763, 0, 0
1155, 0, 902, 910, 337, 0, 23.37%, 0, 0, 5, 33.42, 43972, 763, 0, 0
1160, 0, 752, 911, 337, 0, 23.37%, 0, 0, 5, 31.50, 44109, 763, 0, 0
1165, 0, 771, 911, 333, 0, 23.37%, 0, 0, 5, 34.26, 44280, 763, 0, 0
1170, 0, 881, 912, 332, 0, 23.37%, 0, 0, 5, 33.39, 44455, 763, 0, 0
1176, 0, 725, 912, 330, 0, 23.37%, 0, 0, 5, 37.59, 44638, 763, 0, 0
1182, 0, 757, 912, 327, 0, 23.37%, 0, 0, 5, 35.63, 44860, 763, 0, 0
1187, 0, 900, 913, 326, 0, 23.37%, 0, 0, 5, 31.94, 45003, 763, 0, 0
1192, 0, 381, 914, 324, 0, 23.40%, 0, 0, 5, 33.46, 45167, 764, 0, 0
1197, 0, 519, 914, 321, 0, 23.40%, 0, 0, 5, 31.16, 45330, 764, 0, 0
1202, 0, 374, 914, 319, 0, 23.40%, 0, 0, 5, 30.41, 45457, 764, 0, 0
1207, 0, 384, 914, 319, 0, 23.40%, 0, 0, 5, 33.78, 45633, 764, 0, 0
1213, 0, 846, 914, 317, 0, 23.40%, 0, 0, 5, 34.47, 45805, 764, 0, 0
1218, 0, 846, 916, 319, 0, 23.40%, 0, 0, 5, 31.84, 45969, 764, 0, 0
1223, 0, 846, 921, 324, 0, 23.40%, 0, 0, 5, 27.96, 46100, 764, 0, 0
1229, 0, 846, 933, 336, 0, 23.40%, 0, 0, 5, 27.94, 46255, 764, 0, 0
1234, 0, 846, 946, 349, 0, 23.46%, 0, 0, 5, 28.48, 46383, 766, 0, 0
1239, 0, 846, 963, 366, 0, 23.46%, 0, 0, 5, 30.49, 46548, 766, 0, 0
1244, 0, 846, 975, 378, 0, 23.46%, 0, 0, 5, 29.34, 46690, 766, 0, 0
1250, 0, 846, 986, 389, 0, 23.49%, 0, 0, 5, 26.04, 46813, 767, 0, 0
1256, 0, 846, 998, 401, 0, 23.49%, 0, 0, 5, 26.47, 46935, 767, 0, 0
1261, 0, 846, 1009, 412, 0, 23.49%, 0, 0, 5, 23.39, 47043, 767, 0, 0
1266, 0, 846, 1020, 423, 0, 23.49%, 0, 0, 5, 22.07, 47151, 767, 0, 0
1274, 0, 1014, 1023, 425, 4, 23.49%, 0, 0, 5, 22.01, 47309, 767, 0, 0
1280, 0, 979, 1023, 422, 3, 23.49%, 0, 0, 5, 25.27, 47485, 767, 0, 0
1285, 0, 886, 1024, 418, 0, 23.49%, 0, 0, 6, 25.41, 47617, 767, 0, 0
1290, 0, 767, 1025, 418, 0, 23.49%, 0, 0, 6, 23.78, 47727, 767, 0, 0
1295, 0, 428, 1025, 416, 0, 23.49%, 0, 0, 6, 33.69, 47911, 767, 0, 0
1300, 0, 837, 1025, 412, 0, 23.49%, 0, 0, 6, 34.23, 48100, 767, 0, 0
1305, 0, 587, 1025, 411, 0, 23.49%, 0, 0, 6, 31.39, 48259, 767, 0, 0
1310, 0, 1007, 1025, 408, 0, 23.49%, 0, 0, 6, 29.43, 48391, 767, 0, 0
1316, 0, 444, 1025, 405, 0, 23.49%, 0, 0, 6, 32.95, 48557, 767, 0, 0
1321, 0, 960, 1026, 402, 0, 23.49%, 0, 0, 6, 31.03, 48698, 767, 0, 0
1326, 0, 573, 1026, 399, 0, 23.49%, 0, 0, 6, 35.09, 48878, 767, 0, 0
1331, 0, 717, 1026, 394, 0, 23.49%, 0, 0, 6, 28.65, 49016, 767, 0, 0
1336, 0, 381, 1026, 389, 0, 23.49%, 0, 0, 6, 25.13, 49145, 767, 0, 0
1341, 0, 68, 1026, 387, 0, 23.49%, 0, 0, 6, 31.39, 49343, 767, 0, 0
1346, 0, 527, 1026, 384, 0, 23.49%, 0, 0, 6, 30.84, 49514, 767, 0, 0
1352, 0, 111, 1026, 382, 0, 23.49%, 0, 0, 6, 33.45, 49692, 767, 0, 0
1357, 0, 918, 1027, 380, 0, 23.49%, 0, 0, 7, 23.08, 49801, 767, 0, 0
1362, 0, 413, 1027, 378, 0, 23.49%, 0, 0, 7, 31.02, 49993, 767, 0, 0
1367, 0, 716, 1027, 376, 0, 23.49%, 0, 0, 7, 27.47, 50138, 767, 0, 0
1372, 0, 833, 1027, 373, 0, 23.49%, 0, 0, 7, 34.10, 50320, 767, 0, 0
1377, 0, 433, 1027, 370, 0, 23.49%, 0, 0, 7, 33.54, 50481, 767, 0, 0
1382, 0, 476, 1028, 368, 0, 23.49%, 0, 0, 7, 28.68, 50628, 767, 0, 0
1387, 0, 992, 1029, 367, 0, 23.49%, 0, 0, 7, 23.36, 50744, 767, 0, 0
1393, 0, 870, 1030, 365, 0, 23.49%, 0, 0, 7, 22.89, 50891, 767, 0, 0
1398, 0, 1023, 1031, 365, 0, 23.49%, 0, 0, 7, 20.64, 50997, 767, 0, 0
1403, 0, 382, 1031, 363, 0, 23.49%, 0, 0, 7, 28.07, 51146, 767, 0, 0
1408, 0, 119, 1031, 361, 0, 23.49%, 0, 0, 7, 30.92, 51326, 767, 0, 0
1413, 0, 942, 1031, 358, 0, 23.49%, 0, 0, 7, 32.20, 51494, 767, 0, 0
1418, 0, 580, 1032, 357, 0, 23.49%, 0, 0, 7, 31.42, 51661, 767, 0, 0
1424, 0, 163, 1032, 353, 0, 23.49%, 0, 0, 7, 26.95, 51791, 767, 0, 0
1429, 0, 434, 1033, 353, 0, 23.49%, 0, 0, 7, 32.74, 51974, 767, 0, 0
1434, 0, 391, 1033, 347, 0, 23.49%, 0, 0, 7, 36.82, 52171, 767, 0, 0
1439, 0, 747, 1034, 346, 0, 23.49%, 0, 0, 7, 36.51, 52364, 767, 0, 0
1444, 0, 837, 1035, 345, 0, 23.49%, 0, 0, 7, 36.44, 52547, 767, 0, 0
1449, 0, 391, 1036, 344, 0, 23.49%, 0, 0, 7, 31.82, 52688, 767, 0, 0
1454, 0, 118, 1037, 342, 0, 23.49%, 0, 0, 7, 28.88, 52816, 767, 0, 0
1460, 0, 959, 1037, 340, 0, 23.49%, 0, 0, 7, 36.22, 53012, 767, 0, 0
1466, 0, 552, 1037, 338, 0, 23.49%, 0, 0, 7, 33.19, 53228, 767, 0, 0
1471, 0, 986, 1037, 335, 0, 23.49%, 0, 0, 7, 29.75, 53379, 767, 0, 0
1477, 0, 1014, 1037, 331, 0, 23.49%, 0, 0, 7, 24.86, 53506, 767, 0, 0
1482, 0, 734, 1037, 328, 0, 23.49%, 0, 0, 7, 30.87, 53665, 767, 0, 0
1487, 0, 987, 1037, 328, 0, 23.49%, 0, 0, 7, 29.43, 53788, 767, 0, 0
1492, 0, 88, 1037, 327, 0, 23.49%, 0, 0, 7, 34.09, 53951, 767, 0, 0
1497, 0, 1029, 1038, 325, 0, 23.49%, 0, 0, 7, 28.81, 54085, 767, 0, 0
1502, 0, 933, 1038, 322, 0, 23.49%, 0, 0, 7, 27.21, 54221, 767, 0, 0
1508, 0, 803, 1040, 322, 0, 23.49%, 0, 0, 7, 24.08, 54345, 767, 0, 0
1513, 0, 906, 1040, 320, 0, 23.49%, 0, 0, 7, 26.76, 54508, 767, 0, 0
1518, 0, 829, 1040, 317, 0, 23.49%, 0, 0, 7, 31.63, 54663, 767, 0, 0
1523, 0, 383, 1040, 315, 0, 23.49%, 0, 0, 7, 27.09, 54792, 767, 0, 0
1528, 0, 119, 1040, 313, 0, 23.49%, 0, 0, 7, 31.85, 54964, 767, 0, 0
1533, 0, 428, 1040, 313, 0, 23.49%, 0, 0, 7, 32.80, 55143, 767, 0, 0
1538, 1, 119, 1041, 312, 0, 23.49%, 0, 0, 7, 23.98, 55256, 767, 0, 0
1543, 1, 923, 1042, 309, 0, 23.49%, 0, 0, 7, 30.68, 55415, 767, 0, 0
1548, 1, 869, 1043, 306, 0, 23.49%, 0, 0, 7, 29.06, 55552, 767, 0, 0
1553, 1, 1032, 1044, 305, 0, 23.49%, 0, 0, 7, 26.81, 55665, 767, 0, 0
1559, 1, 1032, 1047, 308, 0, 23.49%, 0, 0, 7, 31.88, 55836, 767, 0, 0
1564, 1, 1032, 1048, 309, 0, 23.49%, 0, 0, 7, 33.11, 56006, 767, 0, 0
1569, 1, 1032, 1049, 310, 0, 23.49%, 0, 0, 7, 31.78, 56166, 767, 0, 0
1574, 1, 1032, 1050, 311, 0, 23.49%, 0, 0, 7, 33.26, 56337, 767, 0, 0
1579, 1, 1032, 1051, 312, 0, 23.49%, 0, 0, 7, 34.82, 56515, 767, 0, 0
1584, 1, 1032, 1051, 312, 0, 23.49%, 0, 0, 7, 32.38, 56675, 767, 0, 0
1589, 1, 1032, 1051, 312, 0, 23.49%, 0, 0, 7, 32.95, 56839, 767, 0, 0
1594, 1, 1032, 1051, 312, 0, 23.49%, 0, 0, 7, 32.79, 57006, 767, 0, 0
1599, 1, 1032, 1051, 312, 0, 23.49%, 0, 0, 7, 32.84, 57178, 767, 0, 0
1604, 1, 1032, 1051, 312, 0, 23.49%, 0, 0, 7, 33.99, 57352, 767, 0, 0
1610, 1, 1032, 1051, 312, 0, 23.49%, 0, 0, 7, 32.68, 57524, 767, 0, 0
1615, 1, 1032, 1051, 312, 0, 23.49%, 0, 0, 7, 31.83, 57690, 767, 0, 0
1620, 1, 1032, 1051, 312, 0, 23.49%, 0, 0, 7, 32.73, 57857, 767, 0, 0
1625, 1, 1032, 1052, 313, 0, 23.49%, 0, 0, 7, 32.96, 58025, 767, 0, 0
1630, 1, 1032, 1052, 313, 0, 23.49%, 0, 0, 7, 31.67, 58190, 767, 0, 0
1636, 1, 984, 1052, 311, 0, 23.49%, 0, 0, 7, 34.05, 58386, 767, 0, 0
1642, 1, 1012, 1053, 310, 0, 23.49%, 0, 0, 7, 27.98, 58488, 767, 0, 0
1648, 1, 946, 1054, 308, 0, 23.49%, 0, 0, 7, 27.23, 58652, 767, 0, 0
1653, 1, 72, 1054, 304, 0, 23.49%, 0, 0, 7, 24.99, 58758, 767, 0, 0
1658, 1, 1047, 1055, 302, 0, 23.49%, 0, 0, 7, 29.09, 58898, 767, 0, 0
1664, 1, 1038, 1056, 299, 0, 23.49%, 0, 0, 7, 27.19, 59041, 767, 0, 0
1669, 1, 894, 1056, 297, 0, 23.49%, 0, 0, 7, 23.96, 59180, 767, 0, 0
1674, 1, 319, 1056, 292, 0, 23.49%, 0, 0, 7, 25.22, 59312, 767, 0, 0
1679, 1, 316, 1056, 289, 0, 23.49%, 0, 0, 7, 30.67, 59477, 767, 0, 0
1685, 1, 829, 1059, 287, 0, 23.49%, 0, 0, 7, 32.41, 59650, 767, 0, 0
1690, 1, 832, 1059, 283, 0, 23.49%, 0, 0, 7, 28.92, 59787, 767, 0, 0
1695, 1, 166, 1059, 280, 0, 23.49%, 0, 0, 7, 27.28, 59911, 767, 0, 0
1700, 1, 1028, 1060, 279, 0, 23.49%, 0, 0, 7, 26.85, 60054, 767, 0, 0
1705, 1, 624, 1061, 276, 0, 23.49%, 0, 0, 7, 24.80, 60159, 767, 0, 0
1710, 1, 1005, 1062, 275, 0, 23.49%, 0, 0, 7, 22.52, 60276, 767, 0, 0
1715, 1, 976, 1063, 275, 0, 23.49%, 0, 0, 7, 19.23, 60352, 767, 0, 0
1721, 1, 79, 1063, 269, 0, 23.49%, 0, 0, 7, 25.42, 60488, 767, 0, 0
1726, 1, 320, 1063, 264, 0, 23.49%, 0, 0, 7, 30.34, 60650, 767, 0, 0
1731, 1, 904, 1063, 260, 0, 23.49%, 0, 0, 7, 29.22, 60792, 767, 0, 0
1736, 1, 273, 1063, 258, 0, 23.49%, 0, 0, 7, 27.76, 60949, 767, 0, 0
1741, 1, 312, 1063, 254, 0, 23.49%, 0, 0, 7, 28.37, 61097, 767, 0, 0
1747, 1, 978, 1064, 253, 0, 23.49%, 0, 0, 7, 28.35, 61253, 767, 0, 0
1752, 1, 612, 1065, 250, 0, 23.49%, 0, 0, 7, 28.57, 61391, 767, 0, 0
1757, 1, 838, 1065, 247, 0, 23.49%, 0, 0, 7, 23.47, 61513, 767, 0, 0
1762, 1, 412, 1065, 242, 0, 23.49%, 0, 0, 7, 25.93, 61656, 767, 0, 0
1767, 1, 91, 1066, 241, 0, 23.49%, 0, 0, 7, 29.66, 61827, 767, 0, 0
1772, 1, 527, 1066, 238, 0, 23.49%, 0, 0, 7, 29.86, 61976, 767, 0, 0
1778, 1, 932, 1068, 238, 0, 23.49%, 0, 0, 7, 25.94, 62090, 767, 0, 0
1783, 1, 824, 1068, 233, 0, 23.49%, 0, 0, 7, 25.61, 62222, 767, 0, 0
1788, 1, 1049, 1068, 231, 0, 23.49%, 0, 0, 7, 29.68, 62388, 767, 0, 0
1793, 1, 591, 1068, 228, 0, 23.49%, 0, 0, 7, 27.68, 62527, 767, 0, 0
1798, 1, 1057, 1071, 230, 0, 23.49%, 0, 0, 7, 31.61, 62698, 767, 0, 0
1803, 1, 1060, 1071, 228, 0, 23.49%, 0, 0, 7, 28.87, 62837, 767, 0, 0
1809, 1, 1053, 1072, 227, 0, 23.49%, 0, 0, 7, 23.08, 62953, 767, 0, 0
1814, 1, 1069, 1073, 225, 0, 23.49%, 0, 0, 7, 26.74, 63090, 767, 0, 0
1819, 1, 472, 1073, 223, 0, 23.49%, 0, 0, 7, 32.33, 63258, 767, 0, 0
1824, 1, 1045, 1074, 222, 0, 23.49%, 0, 0, 7, 27.85, 63383, 767, 0, 0
1830, 1, 1052, 1075, 221, 0, 23.49%, 0, 0, 7, 25.27, 63523, 767, 0, 0
1835, 1, 610, 1077, 221, 0, 23.49%, 0, 0, 7, 25.50, 63636, 767, 0, 0
1840, 1, 560, 1077, 219, 0, 23.49%, 0, 0, 7, 32.29, 63803, 767, 0, 0
1845, 1, 995, 1077, 215, 0, 23.49%, 0, 0, 7, 24.80, 63915, 767, 0, 0
1850, 1, 1059, 1079, 215, 0, 23.49%, 0, 0, 7, 24.29, 64040, 767, 0, 0
1855, 1, 1059, 1080, 216, 0, 23.49%, 0, 0, 7, 20.94, 64140, 767, 0, 0
1861, 1, 1059, 1080, 216, 0, 23.49%, 0, 0, 7, 20.84, 64245, 767, 0, 0
1866, 1, 1065, 1082, 216, 0, 23.49%, 0, 0, 7, 19.06, 64341, 767, 0, 0
1871, 1, 893, 1083, 216, 0, 23.49%, 0, 0, 7, 18.40, 64473, 767, 0, 0
1876, 1, 423, 1084, 214, 0, 23.49%, 0, 0, 7, 25.11, 64610, 767, 0, 0
1881, 1, 1081, 1086, 215, 0, 23.49%, 0, 0, 7, 20.45, 64705, 767, 0, 0
1886, 1, 1075, 1088, 215, 0, 23.49%, 0, 0, 7, 25.06, 64836, 767, 0, 0
1893, 1, 22, 1088, 210, 0, 23.49%, 0, 0, 7, 23.78, 65004, 767, 0, 0
1898, 1, 828, 1088, 206, 0, 23.49%, 0, 0, 7, 26.70, 65148, 767, 0, 0
1903, 1, 347, 1090, 207, 0, 23.49%, 0, 0, 7, 23.50, 65268, 767, 0, 0
1908, 1, 537, 1090, 202, 0, 23.49%, 0, 0, 7, 27.72, 65419, 767, 0, 0
1913, 1, 590, 1090, 200, 0, 23.49%, 0, 0, 7, 29.32, 65567, 767, 0, 0
1918, 1, 610, 1090, 197, 0, 23.49%, 0, 0, 7, 24.63, 65663, 767, 0, 0
1923, 1, 921, 1090, 193, 0, 23.49%, 0, 0, 7, 21.87, 65761, 767, 0, 0
1929, 1, 1082, 1091, 190, 0, 23.49%, 0, 0, 7, 25.34, 65891, 767, 0, 0
1934, 1, 320, 1091, 188, 0, 23.49%, 0, 0, 7, 23.26, 66015, 767, 0, 0
1939, 1, 961, 1091, 185, 0, 23.49%, 0, 0, 7, 23.42, 66139, 767, 0, 0
1945, 1, 609, 1092, 182, 0, 23.49%, 0, 0, 7, 23.99, 66261, 767, 0, 0
1950, 1, 543, 1092, 180, 0, 23.49%, 0, 0, 7, 26.13, 66402, 767, 0, 0
1955, 1, 930, 1094, 181, 0, 23.49%, 0, 0, 7, 26.19, 66530, 767, 0, 0
1960, 1, 1021, 1095, 177, 0, 23.49%, 0, 0, 7, 27.60, 66668, 767, 0, 0
1965, 1, 593, 1096, 176, 0, 23.49%, 0, 0, 7, 24.73, 66782, 767, 0, 0
1970, 1, 524, 1096, 173, 0, 23.49%, 0, 0, 7, 24.24, 66906, 767, 0, 0
1975, 1, 320, 1096, 171, 0, 23.49%, 0, 0, 7, 24.66, 67058, 767, 0, 0
1980, 1, 559, 1096, 170, 0, 23.49%, 0, 0, 7, 26.43, 67205, 767, 0, 0
1985, 1, 39, 1096, 166, 0, 23.49%, 0, 0, 7, 28.15, 67342, 767, 0, 0
1990, 1, 942, 1096, 161, 0, 23.49%, 0, 0, 7, 32.47, 67510, 767, 0, 0
1996, 1, 73, 1096, 160, 0, 23.49%, 0, 0, 7, 37.10, 67709, 767, 0, 0
2001, 1, 1077, 1096, 159, 0, 23.49%, 0, 0, 7, 24.55, 67793, 767, 0, 0
2006, 1, 1063, 1098, 158, 0, 23.49%, 0, 0, 7, 24.94, 67909, 767, 0, 0
2011, 1, 1076, 1098, 154, 0, 23.49%, 0, 0, 7, 25.92, 68040, 767, 0, 0
2016, 1, 430, 1098, 151, 0, 23.49%, 0, 0, 7, 29.42, 68199, 767, 0, 0
2021, 1, 973, 1098, 148, 0, 23.49%, 0, 0, 7, 25.74, 68327, 767, 0, 0
2027, 1, 1073, 1100, 147, 0, 23.49%, 0, 0, 7, 23.27, 68445, 767, 0, 0
2032, 1, 1073, 1100, 147, 0, 23.49%, 0, 0, 7, 23.90, 68565, 767, 0, 0
2037, 1, 1093, 1100, 142, 0, 23.49%, 0, 0, 7, 23.45, 68687, 767, 0, 0
2042, 1, 7, 1100, 138, 0, 23.49%, 0, 0, 7, 26.69, 68815, 767, 0, 0
2047, 1, 806, 1100, 134, 0, 23.49%, 0, 0, 7, 25.70, 68929, 767, 0, 0
2052, 1, 829, 1100, 130, 0, 23.49%, 0, 0, 7, 27.21, 69066, 767, 0, 0
2058, 1, 1046, 1100, 128, 0, 23.49%, 0, 0, 7, 29.73, 69213, 767, 0, 0
2063, 1, 829, 1100, 125, 0, 23.49%, 0, 0, 7, 26.03, 69339, 767, 0, 0
2068, 1, 1099, 1100, 123, 0, 23.49%, 0, 0, 7, 26.15, 69457, 767, 0, 0
2073, 1, 131, 1100, 121, 0, 23.49%, 0, 0, 7, 29.08, 69592, 767, 0, 0
2078, 1, 1097, 1101, 119, 0, 23.49%, 0, 0, 7, 28.98, 69739, 767, 0, 0
2083, 1, 1037, 1101, 117, 0, 23.49%, 0, 0, 7, 20.35, 69829, 767, 0, 0
2089, 1, 67, 1101, 115, 0, 23.49%, 0, 0, 7, 23.18, 69956, 767, 0, 0
2094, 1, 44, 1101, 110, 0, 23.49%, 0, 0, 7, 31.03, 70131, 767, 0, 0
2099, 1, 980, 1101, 106, 0, 23.49%, 0, 0, 7, 30.79, 70286, 767, 0, 0
2104, 1, 584, 1101, 104, 0, 23.49%, 0, 0, 7, 34.01, 70447, 767, 0, 0
2110, 1, 1068, 1101, 102, 0, 23.49%, 0, 0, 7, 35.42, 70671, 767, 0, 0
2116, 1, 1101, 1102, 101, 1, 23.52%, 0, 0, 7, 20.74, 70755, 768, 0, 0
2121, 1, 1101, 1102, 101, 1, 23.52%, 0, 0, 7, 15.58, 70829, 768, 0, 0
2126, 1, 1101, 1102, 101, 1, 23.52%, 0, 0, 7, 13.68, 70895, 768, 0, 0
2131, 1, 789, 1103, 100, 0, 23.52%, 0, 0, 7, 22.78, 71023, 768, 0, 0
2136, 1, 86, 1103, 98, 0, 23.52%, 0, 0, 7, 24.77, 71147, 768, 0, 0
2141, 1, 927, 1103, 95, 0, 23.52%, 0, 0, 7, 23.41, 71259, 768, 0, 0
2146, 1, 936, 1104, 92, 0, 23.52%, 0, 0, 7, 26.74, 71397, 768, 0, 0
2152, 1, 718, 1106, 93, 0, 23.52%, 0, 0, 7, 31.66, 71564, 768, 0, 0
2157, 1, 913, 1107, 94, 0, 23.52%, 0, 0, 7, 35.99, 71761, 768, 0, 0
2162, 1, 644, 1107, 92, 0, 23.52%, 0, 0, 7, 33.03, 71921, 768, 0, 0
2167, 1, 979, 1107, 90, 0, 23.52%, 0, 0, 7, 31.20, 72070, 768, 0, 0
2172, 1, 1098, 1107, 89, 0, 23.52%, 0, 0, 7, 7.66, 72211, 768, 0, 0
2177, 1, 531, 1107, 87, 0, 23.52%, 0, 0, 7, 21.18, 72367, 768, 0, 0
2182, 1, 807, 1108, 87, 0, 23.52%, 0, 0, 7, 24.35, 72494, 768, 0, 0
2188, 1, 650, 1108, 87, 0, 23.52%, 0, 0, 7, 30.23, 72655, 768, 0, 0
2193, 1, 779, 1108, 86, 0, 23.52%, 0, 0, 7, 33.37, 72849, 768, 0, 0
2198, 1, 10, 1110, 87, 0, 23.52%, 0, 0, 7, 32.95, 73019, 768, 0, 0
2203, 1, 319, 1110, 86, 0, 23.52%, 0, 0, 7, 31.00, 73169, 768, 0, 0
2210, 1, 779, 1110, 84, 0, 23.52%, 0, 0, 7, 33.20, 73407, 768, 0, 0
2215, 1, 101, 1111, 82, 0, 23.52%, 0, 0, 7, 27.55, 73552, 768, 0, 0
2221, 1, 10, 1111, 79, 0, 23.52%, 0, 0, 7, 30.51, 73719, 768, 0, 0
2226, 1, 418, 1111, 77, 0, 23.52%, 0, 0, 7, 32.58, 73888, 768, 0, 0
2231, 1, 118, 1112, 76, 0, 23.52%, 0, 0, 7, 29.33, 74022, 768, 0, 0
2236, 1, 1104, 1112, 76, 0, 23.52%, 0, 0, 7, 29.54, 74160, 768, 0, 0
2241, 1, 674, 1112, 73, 0, 23.52%, 0, 0, 7, 33.66, 74318, 768, 0, 0
2246, 1, 709, 1112, 71, 0, 23.52%, 0, 0, 7, 30.49, 74475, 768, 0, 0
2252, 1, 450, 1112, 69, 0, 23.52%, 0, 0, 7, 30.14, 74645, 768, 0, 0
2258, 1, 767, 1112, 68, 0, 23.52%, 0, 0, 7, 34.99, 74819, 768, 0, 0
2263, 1, 759, 1112, 64, 0, 23.52%, 0, 0, 7, 28.68, 74970, 768, 0, 0
2268, 1, 319, 1112, 62, 0, 23.52%, 0, 0, 7, 33.11, 75154, 768, 0, 0
2274, 1, 1107, 1112, 61, 0, 23.52%, 0, 0, 7, 33.76, 75351, 768, 0, 0
2279, 1, 838, 1113, 58, 0, 23.52%, 0, 0, 7, 32.06, 75515, 768, 0, 0
2284, 1, 424, 1113, 58, 0, 23.52%, 0, 0, 7, 32.89, 75685, 768, 0, 0
2289, 1, 381, 1113, 55, 0, 23.52%, 0, 0, 7, 31.15, 75830, 768, 0, 0
2294, 1, 993, 1113, 53, 0, 23.52%, 0, 0, 7, 30.48, 75982, 768, 0, 0
2299, 1, 550, 1113, 50, 0, 23.52%, 0, 0, 7, 31.12, 76141, 768, 0, 0
2304, 1, 118, 1113, 50, 0, 23.52%, 0, 0, 7, 31.15, 76307, 768, 0, 0
2309, 1, 904, 1113, 48, 0, 23.52%, 0, 0, 7, 29.76, 76464, 768, 0, 0
2314, 1, 528, 1113, 47, 0, 23.52%, 0, 0, 7, 33.85, 76639, 768, 0, 0
2319, 1, 717, 1113, 45, 0, 23.52%, 0, 0, 7, 34.36, 76793, 768, 0, 0
2325, 1, 679, 1113, 45, 0, 23.52%, 0, 0, 7, 38.53, 76996, 768, 0, 0
2330, 1, 405, 1114, 44, 0, 23.52%, 0, 0, 7, 31.40, 77150, 768, 0, 0
2335, 1, 91, 1115, 44, 0, 23.52%, 0, 0, 7, 31.65, 77303, 768, 0, 0
2340, 1, 1089, 1115, 44, 0, 23.52%, 0, 0, 7, 30.04, 77445, 768, 0, 0
2345, 1, 617, 1115, 41, 0, 23.52%, 0, 0, 7, 33.53, 77621, 768, 0, 0
2350, 1, 584, 1115, 39, 0, 23.52%, 0, 0, 7, 26.77, 77748, 768, 0, 0
2355, 1, 601, 1115, 38, 0, 23.52%, 0, 0, 7, 29.30, 77901, 768, 0, 0
2360, 1, 1112, 1116, 39, 0, 23.52%, 0, 0, 7, 28.07, 78043, 768, 0, 0
2366, 1, 21, 1116, 38, 0, 23.52%, 0, 0, 7, 33.03, 78207, 768, 0, 0
2371, 1, 878, 1117, 39, 0, 23.52%, 0, 0, 7, 34.34, 78389, 768, 0, 0
2378, 1, 1116, 1117, 37, 0, 23.52%, 0, 0, 7, 28.46, 78544, 768, 0, 0
2383, 1, 1116, 1119, 39, 0, 23.52%, 0, 0, 7, 20.88, 78628, 768, 0, 0
2388, 1, 942, 1119, 38, 0, 23.52%, 0, 0, 7, 24.35, 78742, 768, 0, 0
2393, 1, 679, 1119, 37, 0, 23.52%, 0, 0, 7, 33.47, 78916, 768, 0, 0
2399, 1, 1118, 1119, 35, 0, 23.52%, 0, 0, 7, 31.29, 79055, 768, 0, 0
2404, 1, 594, 1120, 35, 0, 23.52%, 0, 0, 7, 19.03, 79127, 768, 0, 0
2409, 1, 1117, 1120, 35, 0, 23.52%, 0, 0, 7, 28.60, 79297, 768, 0, 0
2414, 1, 1101, 1120, 33, 0, 23.52%, 0, 0, 7, 28.44, 79431, 768, 0, 0
2419, 1, 904, 1120, 33, 0, 23.52%, 0, 0, 7, 25.57, 79556, 768, 0, 0
2424, 1, 837, 1120, 32, 0, 23.52%, 0, 0, 7, 28.75, 79710, 768, 0, 0
2430, 1, 273, 1120, 31, 0, 23.52%, 0, 0, 7, 36.43, 79909, 768, 0, 0
2435, 1, 617, 1120, 31, 0, 23.52%, 0, 0, 7, 38.31, 80104, 768, 0, 0
2440, 1, 118, 1120, 30, 0, 23.52%, 0, 0, 7, 31.62, 80257, 768, 0, 0
2445, 1, 1120, 1121, 30, 0, 23.52%, 0, 0, 7, 30.59, 80430, 768, 0, 0
2450, 1, 532, 1121, 29, 0, 23.52%, 0, 0, 7, 33.64, 80596, 768, 0, 0
2455, 1, 979, 1121, 28, 0, 23.52%, 0, 0, 7, 31.01, 80763, 768, 0, 0
2460, 1, 74, 1121, 28, 0, 23.52%, 0, 0, 7, 33.74, 80938, 768, 0, 0
2465, 1, 152, 1121, 27, 0, 23.52%, 0, 0, 7, 34.23, 81105, 768, 0, 0
2470, 1, 544, 1121, 27, 0, 23.52%, 0, 0, 7, 34.49, 81282, 768, 0, 0
2476, 1, 679, 1125, 31, 0, 23.52%, 0, 0, 7, 30.98, 81412, 768, 0, 0
2481, 1, 679, 1134, 40, 0, 23.52%, 0, 0, 7, 25.07, 81506, 768, 0, 0
2486, 1, 679, 1145, 51, 0, 23.52%, 0, 0, 7, 25.03, 81636, 768, 0, 0
2491, 1, 679, 1156, 62, 0, 23.52%, 0, 0, 7, 26.36, 81768, 768, 0, 0
2497, 1, 679, 1165, 71, 0, 23.52%, 0, 0, 7, 24.87, 81876, 768, 0, 0
2502, 1, 679, 1173, 79, 0, 23.52%, 0, 0, 7, 22.83, 81982, 768, 0, 0
2507, 1, 679, 1181, 87, 0, 23.52%, 0, 0, 7, 22.27, 82084, 768, 0, 0
2513, 1, 679, 1189, 95, 0, 23.52%, 0, 0, 7, 21.31, 82186, 768, 0, 0
2518, 1, 679, 1199, 105, 0, 23.52%, 0, 0, 7, 20.76, 82288, 768, 0, 0
2524, 1, 679, 1208, 114, 0, 23.52%, 0, 0, 7, 21.86, 82402, 768, 0, 0
2529, 1, 679, 1215, 121, 0, 23.52%, 0, 0, 7, 21.33, 82499, 768, 0, 0
2535, 1, 679, 1221, 127, 0, 23.52%, 0, 0, 7, 19.45, 82578, 768, 0, 0
2540, 1, 679, 1228, 134, 0, 23.52%, 0, 0, 7, 18.05, 82659, 768, 0, 0
2545, 1, 679, 1236, 142, 0, 23.52%, 0, 0, 7, 18.86, 82748, 768, 0, 0
2552, 1, 1180, 1239, 144, 1, 23.52%, 0, 0, 7, 20.16, 82921, 768, 0, 0
2558, 1, 1190, 1240, 144, 1, 23.52%, 0, 0, 7, 22.91, 83094, 768, 0, 0
2565, 1, 1226, 1240, 142, 0, 23.52%, 0, 0, 7, 22.82, 83209, 768, 0, 0
2570, 1, 1132, 1240, 138, 0, 23.52%, 0, 0, 7, 21.46, 83309, 768, 0, 0
2575, 1, 1179, 1240, 135, 0, 23.52%, 0, 0, 7, 26.90, 83442, 768, 0, 0
2580, 1, 383, 1240, 132, 0, 23.52%, 0, 0, 7, 23.42, 83542, 768, 0, 0
2585, 1, 1178, 1240, 130, 0, 23.52%, 0, 0, 7, 23.17, 83664, 768, 0, 0
2591, 1, 374, 1240, 125, 0, 23.52%, 0, 0, 7, 22.59, 83787, 768, 0, 0
2596, 1, 414, 1240, 122, 0, 23.52%, 0, 0, 7, 21.34, 83901, 768, 0, 0
2601, 1, 1194, 1240, 120, 0, 23.52%, 0, 0, 7, 20.81, 84005, 768, 0, 0
2606, 1, 1214, 1240, 115, 0, 23.52%, 0, 0, 7, 24.55, 84123, 768, 0, 0
2611, 1, 74, 1240, 110, 0, 23.52%, 0, 0, 7, 22.91, 84233, 768, 0, 0
2616, 1, 989, 1240, 107, 0, 23.52%, 0, 0, 7, 22.14, 84351, 768, 0, 0
2621, 1, 1221, 1240, 106, 0, 23.52%, 0, 0, 7, 22.64, 84463, 768, 0, 0
2626, 1, 1231, 1240, 104, 0, 23.52%, 0, 0, 7, 31.94, 84631, 768, 0, 0
2632, 1, 1050, 1240, 101, 0, 23.52%, 0, 0, 7, 35.62, 84730, 768, 0, 0
2637, 1, 1236, 1240, 96, 0, 23.52%, 0, 0, 7, 14.57, 84838, 768, 0, 0
2642, 1, 1234, 1240, 94, 0, 23.52%, 0, 0, 7, 18.43, 84939, 768, 0, 0
2647, 1, 1176, 1240, 91, 0, 23.52%, 0, 0, 7, 19.08, 85040, 768, 0, 0
2652, 1, 1188, 1242, 91, 0, 23.52%, 0, 0, 7, 19.21, 85136, 768, 0, 0
2657, 1, 759, 1242, 88, 0, 23.52%, 0, 0, 7, 48.54, 85255, 768, 0, 0
2662, 1, 1240, 1242, 85, 0, 23.52%, 0, 0, 7, 6.45, 85349, 768, 0, 0
2667, 1, 1115, 1243, 84, 0, 23.52%, 0, 0, 7, 12.15, 85424, 768, 0, 0
2673, 1, 1242, 1243, 80, 0, 23.52%, 0, 0, 7, 16.61, 85515, 768, 0, 0
2678, 1, 558, 1243, 78, 0, 23.52%, 0, 0, 7, 23.75, 85630, 768, 0, 0
2683, 1, 1195, 1243, 77, 0, 23.52%, 0, 0, 7, 26.52, 85792, 768, 0, 0
2688, 1, 1094, 1243, 73, 0, 23.52%, 0, 0, 7, 7.78, 85887, 768, 0, 0
2693, 1, 1217, 1243, 71, 0, 23.52%, 0, 0, 7, 15.26, 85993, 768, 0, 0
2698, 1, 1237, 1243, 67, 0, 23.52%, 0, 0, 7, 17.47, 86091, 768, 0, 0
2703, 1, 1197, 1243, 65, 0, 23.52%, 0, 0, 7, 21.13, 86201, 768, 0, 0
2709, 1, 1220, 1243, 62, 0, 23.52%, 0, 0, 7, 23.98, 86322, 768, 0, 0
2714, 1, 1143, 1243, 61, 0, 23.52%, 0, 0, 7, 27.88, 86461, 768, 0, 0
2719, 1, 888, 1243, 59, 0, 23.52%, 0, 0, 7, 30.30, 86597, 768, 0, 0
2724, 1, 1171, 1243, 58, 0, 23.52%, 0, 0, 7, 29.98, 86748, 768, 0, 0
2729, 1, 1165, 1243, 54, 0, 23.52%, 0, 0, 7, 22.06, 86848, 768, 0, 0
2734, 1, 609, 1243, 52, 0, 23.52%, 0, 0, 7, 25.26, 86990, 768, 0, 0
2739, 1, 524, 1243, 49, 0, 23.52%, 0, 0, 7, 20.72, 87083, 768, 0, 0
2744, 1, 1186, 1245, 50, 0, 23.52%, 0, 0, 7, 22.01, 87198, 768, 0, 0
2750, 1, 1190, 1245, 48, 0, 23.52%, 0, 0, 7, 18.67, 87293, 768, 0, 0
2755, 1, 1227, 1245, 48, 0, 23.52%, 0, 0, 7, 24.51, 87418, 768, 0, 0
2760, 1, 71, 1245, 45, 0, 23.52%, 0, 0, 7, 27.66, 87565, 768, 0, 0
2765, 1, 456, 1245, 44, 0, 23.52%, 0, 0, 7, 25.72, 87702, 768, 0, 0
2770, 1, 778, 1245, 41, 0, 23.52%, 0, 0, 7, 9.77, 87836, 768, 0, 0
2775, 1, 1101, 1245, 39, 0, 23.52%, 0, 0, 7, 16.71, 87941, 768, 0, 0
2780, 1, 673, 1245, 39, 0, 23.52%, 0, 0, 7, 26.86, 88077, 768, 0, 0
2785, 1, 601, 1245, 38, 0, 23.52%, 0, 0, 7, 27.44, 88199, 768, 0, 0
2790, 1, 612, 1245, 38, 0, 23.52%, 0, 0, 7, 32.11, 88380, 768, 0, 0
2795, 1, 607, 1245, 36, 0, 23.52%, 0, 0, 7, 27.50, 88493, 768, 0, 0
2801, 1, 969, 1245, 34, 0, 23.52%, 0, 0, 7, 27.99, 88626, 768, 0, 0
2806, 1, 1014, 1245, 31, 0, 23.52%, 0, 0, 7, 25.93, 88749, 768, 0, 0
2811, 1, 546, 1245, 30, 0, 23.52%, 0, 0, 7, 30.54, 88921, 768, 0, 0
2816, 1, 585, 1245, 29, 0, 23.52%, 0, 0, 7, 28.34, 89057, 768, 0, 0
2821, 1, 1138, 1245, 27, 0, 23.52%, 0, 0, 7, 41.86, 89189, 768, 0, 0
2826, 1, 22, 1245, 26, 0, 23.52%, 0, 0, 7, 38.29, 89369, 768, 0, 0
2831, 1, 657, 1245, 24, 0, 23.52%, 0, 0, 7, 32.17, 89518, 768, 0, 0
2836, 1, 779, 1245, 24, 0, 23.52%, 0, 0, 7, 36.80, 89716, 768, 0, 0
2842, 1, 779, 1245, 23, 0, 23.52%, 0, 0, 7, 34.56, 89881, 768, 0, 0
2847, 2, 888, 1245, 22, 0, 23.52%, 0, 0, 7, 29.89, 90023, 768, 0, 0
2852, 2, 736, 1245, 22, 0, 23.52%, 0, 0, 7, 30.93, 90178, 768, 0, 0
2857, 2, 837, 1245, 22, 0, 23.52%, 0, 0, 7, 31.11, 90327, 768, 0, 0
2862, 2, 837, 1245, 21, 0, 23.52%, 0, 0, 7, 29.05, 90470, 768, 0, 0
2867, 2, 403, 1245, 21, 0, 23.52%, 0, 0, 7, 35.49, 90671, 768, 0, 0
2872, 2, 504, 1245, 21, 0, 23.52%, 0, 0, 7, 34.37, 90843, 768, 0, 0
2877, 2, 403, 1245, 21, 0, 23.52%, 0, 0, 7, 32.24, 90987, 768, 0, 0
2882, 2, 119, 1245, 20, 0, 23.52%, 0, 0, 7, 29.87, 91136, 768, 0, 0
2888, 2, 759, 1245, 20, 0, 23.52%, 0, 0, 7, 34.62, 91313, 768, 0, 0
2893, 2, 1155, 1245, 20, 0, 23.52%, 0, 0, 7, 33.32, 91495, 768, 0, 0
2898, 2, 504, 1245, 19, 0, 23.52%, 0, 0, 7, 37.47, 91648, 768, 0, 0
2903, 2, 273, 1245, 18, 0, 23.52%, 0, 0, 7, 36.13, 91827, 768, 0, 0
2908, 2, 537, 1245, 16, 0, 23.52%, 0, 0, 7, 27.50, 91964, 768, 0, 0
2913, 2, 838, 1245, 15, 0, 23.52%, 0, 0, 7, 28.96, 92103, 768, 0, 0
2918, 2, 1161, 1245, 15, 0, 23.52%, 0, 0, 7, 28.18, 92238, 768, 0, 0
2923, 2, 694, 1245, 14, 0, 23.52%, 0, 0, 7, 31.40, 92401, 768, 0, 0
2928, 2, 677, 1245, 13, 0, 23.52%, 0, 0, 7, 27.31, 92543, 768, 0, 0
2934, 2, 828, 1245, 11, 0, 23.52%, 0, 0, 7, 39.58, 92698, 768, 0, 0
2939, 2, 1101, 1245, 11, 0, 23.52%, 0, 0, 7, 32.53, 92842, 768, 0, 0
2944, 2, 888, 1245, 11, 0, 23.52%, 0, 0, 7, 32.60, 92999, 768, 0, 0
2949, 2, 651, 1245, 11, 0, 23.52%, 0, 0, 7, 33.23, 93174, 768, 0, 0
2954, 2, 1135, 1246, 12, 0, 23.52%, 0, 0, 7, 22.75, 93305, 768, 0, 0
2959, 2, 673, 1246, 11, 0, 23.52%, 0, 0, 7, 30.12, 93465, 768, 0, 0
2964, 2, 10, 1246, 10, 0, 23.52%, 0, 0, 7, 41.61, 93633, 768, 0, 0
2969, 2, 1014, 1246, 9, 0, 23.52%, 0, 0, 7, 30.20, 93772, 768, 0, 0
2976, 2, 502, 1246, 9, 0, 23.52%, 0, 0, 7, 34.14, 93958, 768, 0, 0
2981, 2, 717, 1246, 8, 0, 23.52%, 0, 0, 7, 34.66, 94103, 768, 0, 0
2986, 2, 403, 1246, 8, 0, 23.52%, 0, 0, 7, 36.36, 94294, 768, 0, 0
2991, 2, 1101, 1246, 8, 0, 23.52%, 0, 0, 7, 29.50, 94439, 768, 0, 0
2996, 2, 1233, 1246, 8, 0, 23.52%, 0, 0, 7, 32.07, 94600, 768, 0, 0
3001, 2, 381, 1246, 7, 0, 23.52%, 0, 0, 7, 33.70, 94769, 768, 0, 0
3006, 2, 837, 1246, 7, 0, 23.52%, 0, 0, 7, 34.71, 94950, 768, 0, 0
3012, 2, 384, 1246, 7, 0, 23.52%, 0, 0, 7, 33.44, 95126, 768, 0, 0
3017, 2, 152, 1246, 7, 0, 23.52%, 0, 0, 7, 38.67, 95340, 768, 0, 0
3022, 2, 696, 1246, 7, 0, 23.52%, 0, 0, 7, 35.96, 95514, 768, 0, 0
3027, 2, 1101, 1247, 8, 0, 23.52%, 0, 0, 7, 32.24, 95640, 768, 0, 0
3032, 2, 1149, 1247, 8, 0, 23.52%, 0, 0, 7, 36.91, 95828, 768, 0, 0
3037, 2, 581, 1247, 7, 0, 23.52%, 0, 0, 7, 37.97, 96012, 768, 0, 0
3042, 2, 550, 1247, 6, 0, 23.52%, 0, 0, 7, 31.61, 96163, 768, 0, 0
3047, 2, 1210, 1247, 6, 0, 23.52%, 0, 0, 7, 28.85, 96314, 768, 0, 0
3052, 2, 759, 1247, 4, 0, 23.52%, 0, 0, 7, 39.55, 96467, 768, 0, 0
3058, 2, 497, 1247, 4, 0, 23.52%, 0, 0, 7, 37.35, 96655, 768, 0, 0
3065, 2, 496, 1247, 4, 0, 23.52%, 0, 0, 7, 33.13, 96855, 768, 0, 0
3070, 2, 837, 1247, 4, 0, 23.52%, 0, 0, 7, 34.55, 97031, 768, 0, 0
3075, 2, 1091, 1247, 4, 0, 23.52%, 0, 0, 7, 25.68, 97153, 768, 0, 0
3080, 2, 767, 1247, 3, 0, 23.52%, 0, 0, 7, 34.06, 97319, 768, 0, 0
3085, 2, 500, 1247, 3, 0, 23.52%, 0, 0, 7, 38.02, 97522, 768, 0, 0
3090, 2, 68, 1247, 3, 0, 23.52%, 0, 0, 7, 33.97, 97693, 768, 0, 0
3096, 2, 91, 1247, 3, 0, 23.52%, 0, 0, 7, 36.44, 97880, 768, 0, 0
3101, 2, 591, 1247, 3, 0, 23.52%, 0, 0, 7, 33.66, 98082, 768, 0, 0
3107, 2, 515, 1247, 3, 0, 23.52%, 0, 0, 7, 33.69, 98256, 768, 0, 0
3112, 2, 590, 1247, 3, 0, 23.52%, 0, 0, 7, 32.82, 98427, 768, 0, 0
3117, 2, 673, 1247, 3, 0, 23.52%, 0, 0, 7, 37.03, 98633, 768, 0, 0
3122, 2, 7, 1247, 3, 0, 23.52%, 0, 0, 7, 35.28, 98778, 768, 0, 0
3127, 2, 20, 1247, 3, 0, 23.52%, 0, 0, 7, 37.40, 98968, 768, 0, 0
3132, 2, 677, 1247, 3, 0, 23.52%, 0, 0, 7, 34.96, 99149, 768, 0, 0
3138, 2, 600, 1247, 3, 0, 23.52%, 0, 0, 7, 35.63, 99341, 768, 0, 0
3143, 2, 733, 1247, 3, 0, 23.52%, 0, 0, 7, 38.13, 99532, 768, 0, 0
3148, 2, 5, 1247, 3, 0, 23.52%, 0, 0, 7, 35.65, 99718, 768, 0, 0
3153, 2, 779, 1247, 3, 0, 23.52%, 0, 0, 7, 34.45, 99880, 768, 0, 0
3158, 2, 527, 1247, 3, 0, 23.52%, 0, 0, 7, 34.85, 100065, 768, 0, 0
3163, 2, 913, 1247, 3, 0, 23.52%, 0, 0, 7, 32.11, 100216, 768, 0, 0
3168, 2, 759, 1247, 3, 0, 23.52%, 0, 0, 7, 34.84, 100369, 768, 0, 0
3173, 2, 403, 1247, 3, 0, 23.52%, 0, 0, 7, 34.00, 100551, 768, 0, 0
3178, 2, 617, 1247, 2, 0, 23.52%, 0, 0, 7, 29.23, 100695, 768, 0, 0
3183, 2, 657, 1247, 2, 0, 23.52%, 0, 0, 7, 33.58, 100873, 768, 0, 0
3188, 2, 1101, 1247, 2, 0, 23.52%, 0, 0, 7, 28.92, 100996, 768, 0, 0
3193, 2, 493, 1247, 2, 0, 23.52%, 0, 0, 7, 31.87, 101159, 768, 0, 0
3199, 2, 643, 1247, 2, 0, 23.52%, 0, 0, 7, 35.53, 101342, 768, 0, 0
3204, 2, 989, 1247, 2, 0, 23.52%, 0, 0, 7, 29.82, 101492, 768, 0, 0
3209, 2, 527, 1247, 2, 0, 23.52%, 0, 0, 7, 32.59, 101642, 768, 0, 0
3214, 2, 759, 1247, 2, 0, 23.52%, 0, 0, 7, 35.32, 101833, 768, 0, 0
3219, 2, 677, 1247, 2, 0, 23.52%, 0, 0, 7, 36.34, 102021, 768, 0, 0
3224, 2, 403, 1247, 2, 0, 23.52%, 0, 0, 7, 34.59, 102189, 768, 0, 0
3229, 2, 593, 1247, 2, 0, 23.52%, 0, 0, 7, 31.73, 102310, 768, 0, 0
3234, 2, 644, 1247, 2, 0, 23.52%, 0, 0, 7, 34.61, 102496, 768, 0, 0
3240, 2, 527, 1247, 2, 0, 23.52%, 0, 0, 7, 33.61, 102655, 768, 0, 0
3245, 2, 717, 1247, 2, 0, 23.52%, 0, 0, 7, 34.24, 102827, 768, 0, 0
3250, 2, 778, 1247, 2, 0, 23.52%, 0, 0, 7, 31.37, 102985, 768, 0, 0
3255, 2, 873, 1247, 2, 0, 23.52%, 0, 0, 7, 35.42, 103177, 768, 0, 0
3262, 2, 1101, 1247, 2, 0, 23.52%, 0, 0, 7, 35.89, 103425, 768, 0, 0
3267, 2, 888, 1247, 2, 0, 23.52%, 0, 0, 7, 31.02, 103567, 768, 0, 0
3272, 2, 623, 1247, 2, 0, 23.52%, 0, 0, 7, 33.11, 103725, 768, 0, 0
3278, 2, 541, 1247, 2, 0, 23.52%, 0, 0, 7, 30.77, 103872, 768, 0, 0
3283, 2, 673, 1247, 2, 0, 23.52%, 0, 0, 7, 36.70, 104056, 768, 0, 0
3288, 2, 319, 1247, 1, 0, 23.52%, 0, 0, 7, 24.83, 104213, 768, 0, 0
3293, 2, 515, 1247, 1, 0, 23.52%, 0, 0, 7, 29.00, 104372, 768, 0, 0
3298, 2, 989, 1247, 1, 0, 23.52%, 0, 0, 7, 35.53, 104566, 768, 0, 0
3303, 2, 613, 1247, 1, 0, 23.52%, 0, 0, 7, 34.32, 104757, 768, 0, 0
3308, 2, 1247, 1249, 3, 0, 23.52%, 0, 0, 7, 37.83, 104907, 768, 0, 0
3313, 2, 936, 1249, 2, 0, 23.52%, 0, 0, 7, 29.10, 105031, 768, 0, 0
3318, 2, 319, 1249, 1, 0, 23.52%, 0, 0, 7, 29.18, 105182, 768, 0, 0
3323, 2, 837, 1249, 1, 0, 23.52%, 0, 0, 7, 33.59, 105361, 768, 0, 0
3329, 2, 508, 1249, 1, 0, 23.52%, 0, 0, 7, 37.21, 105558, 768, 0, 0
3334, 2, 1190, 1249, 1, 0, 23.52%, 0, 0, 7, 34.56, 105733, 768, 0, 0
3339, 2, 524, 1249, 1, 0, 23.52%, 0, 0, 7, 34.50, 105910, 768, 0, 0
3344, 2, 644, 1249, 1, 0, 23.52%, 0, 0, 7, 32.42, 106051, 768, 0, 0
3349, 2, 607, 1249, 0, 0, 23.52%, 0, 0, 7, 32.22, 106208, 768, 0, 0
3354, 2, 610, 1249, 0, 0, 23.52%, 0, 0, 7, 32.95, 106376, 768, 0, 0
3359, 2, 1190, 1249, 0, 0, 23.52%, 0, 0, 7, 34.20, 106554, 768, 0, 0
3364, 2, 613, 1249, 0, 0, 23.52%, 0, 0, 7, 33.96, 106732, 768, 0, 0
3369, 2, 374, 1249, 0, 0, 23.52%, 0, 0, 7, 28.41, 106873, 768, 0, 0
3374, 2, 623, 1249, 0, 0, 23.52%, 0, 0, 7, 31.43, 107042, 768, 0, 0
3380, 2, 607, 1249, 0, 0, 23.52%, 0, 0, 7, 34.61, 107211, 768, 0, 0
3385, 2, 661, 1249, 0, 0, 23.52%, 0, 0, 7, 35.43, 107375, 768, 0, 0
3390, 2, 617, 1249, 0, 0, 23.52%, 0, 0, 7, 35.03, 107560, 768, 0, 0
3395, 2, 498, 1249, 0, 0, 23.52%, 0, 0, 7, 34.76, 107718, 768, 0, 0
3400, 2, 88, 1250, 1, 0, 23.52%, 0, 0, 7, 37.34, 107908, 768, 0, 0
3405, 2, 1014, 1250, 0, 0, 23.52%, 0, 0, 7, 21.73, 108062, 768, 0, 0
3410, 2, 679, 1250, 0, 0, 23.52%, 0, 0, 7, 27.95, 108193, 768, 0, 0
3415, 2, 643, 1250, 0, 0, 23.52%, 0, 0, 7, 33.35, 108365, 768, 0, 0
3420, 2, 22, 1250, 0, 0, 23.52%, 0, 0, 7, 30.45, 108516, 768, 0, 0
3425, 2, 86, 1250, 0, 0, 23.52%, 0, 0, 7, 34.04, 108694, 768, 0, 0
3430, 2, 651, 1250, 0, 0, 23.52%, 0, 0, 7, 32.84, 108871, 768, 0, 0
3436, 2, 534, 1250, 0, 0, 23.52%, 0, 0, 7, 31.75, 109013, 768, 0, 0
3441, 2, 989, 1250, 0, 0, 23.52%, 0, 0, 7, 37.24, 109211, 768, 0, 0
3446, 2, 5, 1250, 0, 0, 23.52%, 0, 0, 7, 35.50, 109392, 768, 0, 0
3451, 2, 888, 1250, 0, 0, 23.52%, 0, 0, 7, 33.67, 109562, 768, 0, 0
3456, 2, 609, 1250, 0, 0, 23.52%, 0, 0, 7, 33.35, 109708, 768, 0, 0
3461, 2, 913, 1250, 0, 0, 23.52%, 0, 0, 7, 29.96, 109851, 768, 0, 0
3466, 2, 617, 1250, 0, 0, 23.52%, 0, 0, 7, 32.84, 110017, 768, 0, 0
3471, 2, 601, 1250, 0, 0, 23.52%, 0, 0, 7, 35.06, 110202, 768, 0, 0
3478, 2, 829, 1250, 0, 0, 23.52%, 0, 0, 7, 31.51, 110381, 768, 0, 0
3483, 2, 515, 1250, 0, 0, 23.52%, 0, 0, 7, 35.06, 110557, 768, 0, 0
3488, 2, 613, 1250, 0, 0, 23.52%, 0, 0, 7, 35.39, 110741, 768, 0, 0
3493, 2, 989, 1250, 0, 0, 23.52%, 0, 0, 7, 32.39, 110910, 768, 0, 0
3498, 2, 601, 1250, 0, 0, 23.52%, 0, 0, 7, 30.00, 111055, 768, 0, 0
3504, 2, 502, 1250, 0, 0, 23.52%, 0, 0, 7, 37.00, 111257, 768, 0, 0
3509, 2, 904, 1250, 0, 0, 23.52%, 0, 0, 7, 36.63, 111441, 768, 0, 0
3514, 2, 119, 1250, 0, 0, 23.52%, 0, 0, 7, 35.71, 111624, 768, 0, 0
3519, 2, 888, 1250, 0, 0, 23.52%, 0, 0, 7, 31.61, 111749, 768, 0, 0
3524, 2, 677, 1250, 0, 0, 23.52%, 0, 0, 7, 30.28, 111904, 768, 0, 0
3529, 2, 1101, 1250, 0, 0, 23.52%, 0, 0, 7, 28.77, 112064, 768, 0, 0
3534, 2, 913, 1250, 0, 0, 23.52%, 0, 0, 7, 32.07, 112220, 768, 0, 0
3539, 2, 717, 1250, 0, 0, 23.52%, 0, 0, 7, 35.52, 112413, 768, 0, 0
3544, 2, 68, 1250, 0, 0, 23.52%, 0, 0, 7, 37.15, 112610, 768, 0, 0
3549, 2, 601, 1250, 0, 0, 23.52%, 0, 0, 7, 36.59, 112791, 768, 0, 0
3554, 2, 118, 1250, 0, 0, 23.52%, 0, 0, 7, 39.06, 112995, 768, 0, 0
3559, 2, 319, 1250, 0, 0, 23.52%, 0, 0, 7, 38.49, 113194, 768, 0, 0
3565, 2, 403, 1250, 0, 0, 23.52%, 0, 0, 7, 33.87, 113368, 768, 0, 0
3570, 2, 888, 1250, 0, 0, 23.52%, 0, 0, 7, 29.46, 113509, 768, 0, 0
3575, 2, 657, 1250, 0, 0, 23.52%, 0, 0, 7, 36.23, 113697, 768, 0, 0
3580, 2, 837, 1250, 0, 0, 23.52%, 0, 0, 7, 32.84, 113854, 768, 0, 0
3585, 2, 650, 1250, 0, 0, 23.52%, 0, 0, 7, 37.17, 114058, 768, 0, 0
3590, 2, 88, 1250, 0, 0, 23.52%, 0, 0, 7, 34.15, 114203, 768, 0, 0
3595, 2, 1101, 1250, 0, 0, 23.52%, 0, 0, 7, 32.83, 114367, 768, 0, 0
3600, 2, 86, 1250, 0, 0, 23.52%, 0, 0, 7, 32.70, 114519, 768, 0, 0
3605, 2, 581, 1250, 0, 0, 23.52%, 0, 0, 7, 32.61, 114677, 768, 0, 0
3611, 2, 403, 1250, 0, 0, 23.52%, 0, 0, 7, 31.66, 114838, 768, 0, 0
3616, 2, 384, 1250, 0, 0, 23.52%, 0, 0, 7, 32.65, 115004, 768, 0, 0
3621, 2, 673, 1250, 0, 0, 23.52%, 0, 0, 7, 29.07, 115163, 768, 0, 0
3626, 2, 91, 1250, 0, 0, 23.52%, 0, 0, 7, 36.73, 115360, 768, 0, 0
3631, 2, 594, 1250, 0, 0, 23.52%, 0, 0, 7, 34.11, 115524, 768, 0, 0
3636, 2, 1190, 1251, 1, 0, 23.52%, 0, 0, 7, 31.18, 115652, 768, 0, 0
3641, 2, 384, 1251, 1, 0, 23.52%, 0, 0, 7, 36.48, 115833, 768, 0, 0
3646, 2, 674, 1251, 1, 0, 23.52%, 0, 0, 7, 35.11, 116005, 768, 0, 0
3652, 2, 119, 1251, 1, 0, 23.52%, 0, 0, 7, 35.31, 116195, 768, 0, 0
3657, 2, 494, 1251, 1, 0, 23.52%, 0, 0, 7, 36.81, 116367, 768, 0, 0
3662, 2, 613, 1251, 1, 0, 23.52%, 0, 0, 7, 33.85, 116539, 768, 0, 0
3667, 2, 10, 1251, 0, 0, 23.52%, 0, 0, 7, 28.47, 116687, 768, 0, 0
3672, 2, 622, 1251, 0, 0, 23.52%, 0, 0, 7, 27.85, 116844, 768, 0, 0
3679, 2, 888, 1251, 0, 0, 23.52%, 0, 0, 7, 34.20, 117049, 768, 0, 0
3684, 2, 558, 1251, 0, 0, 23.52%, 0, 0, 7, 33.33, 117216, 768, 0, 0
3689, 2, 274, 1251, 0, 0, 23.52%, 0, 0, 7, 35.90, 117404, 768, 0, 0
3694, 3, 22, 1251, 0, 0, 23.52%, 0, 0, 7, 35.52, 117581, 768, 0, 0
3699, 3, 515, 1251, 0, 0, 23.52%, 0, 0, 7, 33.28, 117753, 768, 0, 0
3704, 3, 1014, 1251, 0, 0, 23.52%, 0, 0, 7, 35.42, 117942, 768, 0, 0
3709, 3, 601, 1251, 0, 0, 23.52%, 0, 0, 7, 32.99, 118083, 768, 0, 0
3715, 3, 613, 1251, 0, 0, 23.52%, 0, 0, 7, 37.11, 118277, 768, 0, 0
3720, 3, 544, 1251, 0, 0, 23.52%, 0, 0, 7, 30.47, 118424, 768, 0, 0
3725, 3, 718, 1251, 0, 0, 23.52%, 0, 0, 7, 35.28, 118611, 768, 0, 0
3730, 3, 623, 1251, 0, 0, 23.52%, 0, 0, 7, 36.24, 118796, 768, 0, 0
3735, 3, 524, 1251, 0, 0, 23.52%, 0, 0, 7, 35.11, 118965, 768, 0, 0
3740, 3, 696, 1251, 0, 0, 23.52%, 0, 0, 7, 36.41, 119142, 768, 0, 0
3746, 3, 374, 1251, 0, 0, 23.52%, 0, 0, 7, 34.56, 119313, 768, 0, 0
3751, 3, 524, 1251, 0, 0, 23.52%, 0, 0, 7, 35.89, 119472, 768, 0, 0
3756, 3, 643, 1259, 8, 0, 23.52%, 0, 0, 7, 31.25, 119595, 768, 0, 0
3761, 3, 643, 1268, 17, 0, 23.52%, 0, 0, 7, 26.06, 119687, 768, 0, 0
3767, 3, 643, 1278, 27, 0, 23.58%, 0, 0, 7, 22.24, 119782, 770, 0, 0
3772, 3, 1253, 1278, 26, 0, 23.58%, 0, 0, 7, 24.53, 119914, 770, 0, 0
3777, 3, 1274, 1278, 24, 0, 23.58%, 0, 0, 7, 14.59, 120006, 770, 0, 0
3782, 3, 10, 1278, 21, 0, 23.58%, 0, 0, 7, 14.94, 120077, 770, 0, 0
3787, 3, 770, 1278, 20, 0, 23.58%, 0, 0, 7, 28.51, 120240, 770, 0, 0
3793, 3, 888, 1278, 19, 0, 23.58%, 0, 0, 7, 28.75, 120407, 770, 0, 0
3798, 3, 1262, 1278, 19, 0, 23.58%, 0, 0, 7, 35.75, 120622, 770, 0, 0
3804, 3, 661, 1278, 17, 0, 23.58%, 0, 0, 7, 32.86, 120759, 770, 0, 0
3809, 3, 1261, 1278, 16, 0, 23.58%, 0, 0, 7, 29.02, 120902, 770, 0, 0
3814, 3, 1268, 1278, 14, 0, 23.58%, 0, 0, 7, 43.66, 121037, 770, 0, 0
3819, 3, 1267, 1278, 14, 0, 23.58%, 0, 0, 7, 34.67, 121203, 770, 0, 0
3824, 3, 989, 1278, 12, 0, 23.58%, 0, 0, 7, 29.91, 121314, 770, 0, 0
3830, 3, 601, 1278, 10, 0, 23.58%, 0, 0, 7, 26.38, 121481, 770, 0, 0
3836, 3, 584, 1278, 10, 0, 23.58%, 0, 0, 7, 26.95, 121625, 770, 0, 0
3841, 3, 888, 1278, 8, 0, 23.58%, 0, 0, 7, 30.21, 121778, 770, 0, 0
3846, 3, 696, 1278, 8, 0, 23.58%, 0, 0, 7, 34.44, 121953, 770, 0, 0
3851, 3, 733, 1278, 8, 0, 23.58%, 0, 0, 7, 35.49, 122124, 770, 0, 0
3856, 3, 1269, 1278, 8, 0, 23.58%, 0, 0, 7, 35.73, 122299, 770, 0, 0
3861, 3, 501, 1278, 6, 0, 23.58%, 0, 0, 7, 30.66, 122441, 770, 0, 0
3866, 3, 1270, 1278, 6, 0, 23.58%, 0, 0, 7, 31.68, 122618, 770, 0, 0
3871, 3, 677, 1278, 5, 0, 23.58%, 0, 0, 7, 35.22, 122803, 770, 0, 0
3877, 3, 1101, 1278, 4, 0, 23.58%, 0, 0, 7, 24.60, 122927, 770, 0, 0
3882, 3, 904, 1278, 3, 0, 23.58%, 0, 0, 7, 28.20, 123075, 770, 0, 0
3887, 3, 770, 1278, 2, 0, 23.58%, 0, 0, 7, 32.94, 123248, 770, 0, 0
3892, 3, 584, 1278, 2, 0, 23.58%, 0, 0, 7, 30.49, 123414, 770, 0, 0
3897, 3, 829, 1278, 1, 0, 23.58%, 0, 0, 7, 29.26, 123575, 770, 0, 0
3902, 3, 674, 1278, 1, 0, 23.58%, 0, 0, 7, 32.36, 123742, 770, 0, 0
3907, 3, 527, 1278, 1, 0, 23.58%, 0, 0, 7, 35.13, 123929, 770, 0, 0
3912, 3, 1268, 1278, 1, 0, 23.58%, 0, 0, 7, 34.04, 124111, 770, 0, 0
3917, 3, 1268, 1278, 1, 0, 23.58%, 0, 0, 7, 32.16, 124268, 770, 0, 0
3922, 3, 67, 1278, 1, 0, 23.58%, 0, 0, 7, 30.57, 124418, 770, 0, 0
3927, 3, 829, 1278, 1, 0, 23.58%, 0, 0, 7, 33.89, 124593, 770, 0, 0
3932, 3, 873, 1278, 1, 0, 23.58%, 0, 0, 7, 33.56, 124760, 770, 0, 0
3938, 3, 829, 1278, 1, 0, 23.58%, 0, 0, 7, 34.75, 124936, 770, 0, 0
3943, 3, 694, 1278, 1, 0, 23.58%, 0, 0, 7, 35.12, 125109, 770, 0, 0
3948, 3, 594, 1278, 1, 0, 23.58%, 0, 0, 7, 36.90, 125300, 770, 0, 0
3953, 3, 1268, 1278, 1, 0, 23.58%, 0, 0, 7, 33.37, 125480, 770, 0, 0
3958, 3, 829, 1278, 1, 0, 23.58%, 0, 0, 7, 23.33, 125597, 770, 0, 0
3963, 3, 829, 1278, 1, 0, 23.58%, 0, 0, 7, 32.21, 125777, 770, 0, 0
3969, 3, 942, 1278, 1, 0, 23.58%, 0, 0, 7, 32.20, 125916, 770, 0, 0
3974, 3, 989, 1278, 1, 0, 23.58%, 0, 0, 7, 32.41, 126080, 770, 0, 0
3979, 3, 593, 1278, 1, 0, 23.58%, 0, 0, 7, 34.05, 126247, 770, 0, 0
3984, 3, 1101, 1278, 1, 0, 23.58%, 0, 0, 7, 26.82, 126383, 770, 0, 0
3989, 3, 828, 1278, 1, 0, 23.58%, 0, 0, 7, 29.91, 126525, 770, 0, 0
3995, 3, 22, 1278, 1, 0, 23.58%, 0, 0, 7, 33.34, 126688, 770, 0, 0
4000, 3, 68, 1278, 0, 0, 23.58%, 0, 0, 7, 35.10, 126863, 770, 0, 0
4005, 3, 989, 1278, 0, 0, 23.58%, 0, 0, 7, 32.20, 127025, 770, 0, 0
4010, 3, 759, 1278, 0, 0, 23.58%, 0, 0, 7, 35.60, 127174, 770, 0, 0
4015, 3, 118, 1278, 0, 0, 23.58%, 0, 0, 7, 34.48, 127348, 770, 0, 0
4020, 3, 67, 1278, 0, 0, 23.58%, 0, 0, 7, 36.42, 127534, 770, 0, 0
4025, 3, 694, 1278, 0, 0, 23.58%, 0, 0, 7, 32.77, 127701, 770, 0, 0
4030, 3, 718, 1278, 0, 0, 23.58%, 0, 0, 7, 31.20, 127830, 770, 0, 0
4035, 3, 403, 1278, 0, 0, 23.58%, 0, 0, 7, 32.89, 128002, 770, 0, 0
4041, 3, 829, 1278, 0, 0, 23.58%, 0, 0, 7, 32.28, 128171, 770, 0, 0
4046, 3, 657, 1278, 0, 0, 23.58%, 0, 0, 7, 29.18, 128306, 770, 0, 0
4051, 3, 696, 1278, 0, 0, 23.58%, 0, 0, 7, 34.44, 128459, 770, 0, 0
4056, 3, 10, 1278, 0, 0, 23.58%, 0, 0, 7, 28.92, 128615, 770, 0, 0
4061, 3, 829, 1278, 0, 0, 23.58%, 0, 0, 7, 32.82, 128796, 770, 0, 0
4066, 3, 543, 1278, 0, 0, 23.58%, 0, 0, 7, 33.63, 128953, 770, 0, 0
4071, 3, 504, 1278, 0, 0, 23.58%, 0, 0, 7, 31.04, 129103, 770, 0, 0
4077, 3, 319, 1278, 0, 0, 23.58%, 0, 0, 7, 34.46, 129283, 770, 0, 0
4082, 3, 501, 1278, 0, 0, 23.58%, 0, 0, 7, 35.96, 129473, 770, 0, 0
4087, 3, 534, 1278, 0, 0, 23.58%, 0, 0, 7, 34.07, 129651, 770, 0, 0
4092, 3, 1131, 1278, 0, 0, 23.58%, 0, 0, 7, 29.45, 129801, 770, 0, 0
4097, 3, 558, 1278, 0, 0, 23.58%, 0, 0, 7, 35.63, 129985, 770, 0, 0
4103, 3, 837, 1278, 0, 0, 23.58%, 0, 0, 7, 32.59, 130152, 770, 0, 0
4109, 3, 502, 1278, 0, 0, 23.58%, 0, 0, 7, 30.14, 130347, 770, 0, 0
4114, 3, 524, 1278, 0, 0, 23.58%, 0, 0, 7, 32.82, 130520, 770, 0, 0
4119, 3, 696, 1278, 0, 0, 23.58%, 0, 0, 7, 30.79, 130674, 770, 0, 0
4124, 3, 383, 1278, 0, 0, 23.58%, 0, 0, 7, 28.64, 130824, 770, 0, 0
4130, 3, 21, 1278, 0, 0, 23.58%, 0, 0, 7, 31.28, 130991, 770, 0, 0
4135, 3, 829, 1278, 0, 0, 23.58%, 0, 0, 7, 31.34, 131158, 770, 0, 0
4140, 3, 384, 1278, 0, 0, 23.58%, 0, 0, 7, 29.38, 131309, 770, 0, 0
4145, 3, 10, 1278, 0, 0, 23.58%, 0, 0, 7, 33.89, 131485, 770, 0, 0
4150, 3, 507, 1278, 0, 0, 23.58%, 0, 0, 7, 33.49, 131635, 770, 0, 0
4155, 3, 829, 1278, 0, 0, 23.58%, 0, 0, 7, 31.78, 131799, 770, 0, 0
4161, 3, 403, 1278, 0, 0, 23.58%, 0, 0, 7, 25.86, 131934, 770, 0, 0
4166, 3, 594, 1278, 0, 0, 23.58%, 0, 0, 7, 31.94, 132103, 770, 0, 0
4171, 3, 837, 1278, 0, 0, 23.58%, 0, 0, 7, 36.34, 132254, 770, 0, 0
4176, 3, 837, 1278, 0, 0, 23.58%, 0, 0, 7, 35.09, 132423, 770, 0, 0
4181, 3, 989, 1278, 0, 0, 23.58%, 0, 0, 7, 27.87, 132551, 770, 0, 0
4186, 3, 644, 1278, 0, 0, 23.58%, 0, 0, 7, 31.56, 132719, 770, 0, 0
4191, 3, 613, 1278, 0, 0, 23.58%, 0, 0, 7, 36.36, 132880, 770, 0, 0
4196, 3, 617, 1278, 0, 0, 23.58%, 0, 0, 7, 32.10, 133039, 770, 0, 0
4201, 3, 554, 1278, 0, 0, 23.58%, 0, 0, 7, 35.99, 133232, 770, 0, 0
4207, 3, 387, 1278, 0, 0, 23.58%, 0, 0, 7, 34.45, 133420, 770, 0, 0
4212, 3, 696, 1278, 0, 0, 23.58%, 0, 0, 7, 35.00, 133564, 770, 0, 0
4217, 3, 561, 1278, 0, 0, 23.58%, 0, 0, 7, 36.82, 133747, 770, 0, 0
4222, 3, 610, 1278, 0, 0, 23.58%, 0, 0, 7, 38.61, 133937, 770, 0, 0
4227, 3, 829, 1278, 0, 0, 23.58%, 0, 0, 7, 37.62, 134129, 770, 0, 0
4232, 3, 153, 1278, 0, 0, 23.58%, 0, 0, 7, 33.05, 134279, 770, 0, 0
4237, 3, 767, 1278, 0, 0, 23.58%, 0, 0, 7, 33.59, 134462, 770, 0, 0
4242, 3, 312, 1278, 0, 0, 23.58%, 0, 0, 7, 34.85, 134643, 770, 0, 0
4248, 3, 838, 1278, 0, 0, 23.58%, 0, 0, 7, 32.88, 134810, 770, 0, 0
4253, 3, 153, 1278, 0, 0, 23.58%, 0, 0, 7, 33.30, 134976, 770, 0, 0
4258, 3, 734, 1278, 0, 0, 23.58%, 0, 0, 7, 36.41, 135163, 770, 0, 0
4263, 3, 542, 1278, 0, 0, 23.58%, 0, 0, 7, 39.27, 135358, 770, 0, 0
4268, 3, 374, 1278, 0, 0, 23.58%, 0, 0, 7, 40.11, 135557, 770, 0, 0
4273, 3, 152, 1278, 0, 0, 23.58%, 0, 0, 7, 38.08, 135710, 770, 0, 0
4278, 3, 1268, 1278, 0, 0, 23.58%, 0, 0, 7, 32.24, 135878, 770, 0, 0
4284, 3, 770, 1278, 0, 0, 23.58%, 0, 0, 7, 30.38, 136040, 770, 0, 0
4289, 3, 1014, 1278, 0, 0, 23.58%, 0, 0, 7, 30.36, 136201, 770, 0, 0
4294, 3, 384, 1278, 0, 0, 23.58%, 0, 0, 7, 30.97, 136345, 770, 0, 0
4299, 3, 571, 1278, 0, 0, 23.58%, 0, 0, 7, 31.99, 136514, 770, 0, 0
4304, 3, 1014, 1278, 0, 0, 23.58%, 0, 0, 7, 35.20, 136697, 770, 0, 0
4309, 3, 507, 1278, 0, 0, 23.58%, 0, 0, 7, 39.14, 136892, 770, 0, 0
4315, 3, 1268, 1278, 0, 0, 23.58%, 0, 0, 7, 38.82, 137097, 770, 0, 0
4320, 3, 610, 1278, 0, 0, 23.58%, 0, 0, 7, 32.93, 137253, 770, 0, 0
4325, 3, 829, 1278, 0, 0, 23.58%, 0, 0, 7, 30.06, 137414, 770, 0, 0
4330, 3, 1101, 1278, 0, 0, 23.58%, 0, 0, 7, 32.37, 137603, 770, 0, 0
4335, 3, 1014, 1278, 0, 0, 23.58%, 0, 0, 7, 29.73, 137741, 770, 0, 0
4341, 3, 10, 1278, 0, 0, 23.58%, 0, 0, 7, 31.45, 137909, 770, 0, 0
4346, 3, 554, 1278, 0, 0, 23.58%, 0, 0, 7, 30.52, 138052, 770, 0, 0
4351, 3, 118, 1278, 0, 0, 23.58%, 0, 0, 7, 31.96, 138231, 770, 0, 0
4356, 3, 650, 1278, 0, 0, 23.58%, 0, 0, 7, 32.02, 138389, 770, 0, 0
4361, 3, 767, 1278, 0, 0, 23.58%, 0, 0, 7, 32.32, 138561, 770, 0, 0
4366, 3, 673, 1278, 0, 0, 23.58%, 0, 0, 7, 31.98, 138728, 770, 0, 0
4372, 3, 624, 1278, 0, 0, 23.58%, 0, 0, 7, 36.19, 138926, 770, 0, 0
4377, 3, 91, 1278, 0, 0, 23.58%, 0, 0, 7, 35.89, 139109, 770, 0, 0
4384, 3, 74, 1278, 0, 0, 23.58%, 0, 0, 7, 30.94, 139300, 770, 0, 0
4389, 3, 7, 1278, 0, 0, 23.58%, 0, 0, 7, 32.07, 139449, 770, 0, 0
4394, 3, 718, 1278, 0, 0, 23.58%, 0, 0, 7, 34.33, 139626, 770, 0, 0
4399, 3, 828, 1278, 0, 0, 23.58%, 0, 0, 7, 33.96, 139800, 770, 0, 0
4404, 3, 989, 1278, 0, 0, 23.58%, 0, 0, 7, 32.85, 139969, 770, 0, 0
4409, 3, 601, 1278, 0, 0, 23.58%, 0, 0, 7, 32.74, 140122, 770, 0, 0
4414, 3, 71, 1278, 0, 0, 23.58%, 0, 0, 7, 35.01, 140304, 770, 0, 0
4419, 3, 68, 1278, 0, 0, 23.58%, 0, 0, 7, 35.55, 140486, 770, 0, 0
4425, 3, 838, 1278, 0, 0, 23.58%, 0, 0, 7, 33.30, 140648, 770, 0, 0
4430, 3, 118, 1278, 0, 0, 23.58%, 0, 0, 7, 34.76, 140820, 770, 0, 0
4435, 3, 7, 1278, 0, 0, 23.58%, 0, 0, 7, 28.99, 140957, 770, 0, 0
4440, 3, 622, 1278, 0, 0, 23.58%, 0, 0, 7, 29.61, 141107, 770, 0, 0
4445, 3, 1268, 1278, 0, 0, 23.58%, 0, 0, 7, 33.76, 141262, 770, 0, 0
4451, 3, 1268, 1278, 0, 0, 23.58%, 0, 0, 7, 32.12, 141417, 770, 0, 0
4456, 3, 0, 1278, 0, 0, 23.58%, 0, 0, 7, 32.90, 141576, 770, 0, 0
4461, 3, 674, 1278, 0, 0, 23.58%, 0, 0, 7, 34.54, 141756, 770, 0, 0
4466, 3, 613, 1278, 0, 0, 23.58%, 0, 0, 7, 34.25, 141920, 770, 0, 0
4471, 3, 829, 1278, 0, 0, 23.58%, 0, 0, 7, 32.74, 142073, 770, 0, 0
4476, 3, 153, 1278, 0, 0, 23.58%, 0, 0, 7, 33.87, 142244, 770, 0, 0
4481, 3, 829, 1278, 0, 0, 23.58%, 0, 0, 7, 29.09, 142382, 770, 0, 0
4486, 3, 67, 1278, 0, 0, 23.58%, 0, 0, 7, 24.91, 142479, 770, 0, 0
4491, 3, 320, 1278, 0, 0, 23.58%, 0, 0, 7, 29.78, 142628, 770, 0, 0
4496, 3, 622, 1278, 0, 0, 23.58%, 0, 0, 7, 29.52, 142784, 770, 0, 0
4501, 3, 622, 1278, 0, 0, 23.58%, 0, 0, 7, 34.59, 142958, 770, 0, 0
4507, 3, 71, 1278, 0, 0, 23.58%, 0, 0, 7, 33.23, 143102, 770, 0, 0
4512, 3, 1014, 1278, 0, 0, 23.58%, 0, 0, 7, 31.31, 143265, 770, 0, 0
4517, 3, 778, 1278, 0, 0, 23.58%, 0, 0, 7, 30.83, 143419, 770, 0, 0
4522, 3, 22, 1278, 0, 0, 23.58%, 0, 0, 7, 36.85, 143607, 770, 0, 0
4528, 3, 558, 1278, 0, 0, 23.58%, 0, 0, 7, 35.81, 143791, 770, 0, 0
4533, 3, 531, 1278, 0, 0, 23.58%, 0, 0, 7, 35.88, 143977, 770, 0, 0
4538, 3, 178, 1278, 0, 0, 23.58%, 0, 0, 7, 36.03, 144157, 770, 0, 0
4543, 3, 600, 1278, 0, 0, 23.58%, 0, 0, 7, 38.13, 144347, 770, 0, 0
4548, 3, 1268, 1278, 0, 0, 23.58%, 0, 0, 7, 22.35, 144434, 770, 0, 0
4553, 3, 942, 1278, 0, 0, 23.58%, 0, 0, 7, 29.59, 144607, 770, 0, 0
4558, 3, 374, 1278, 0, 0, 23.58%, 0, 0, 7, 29.41, 144761, 770, 0, 0
4563, 3, 91, 1278, 0, 0, 23.58%, 0, 0, 7, 31.41, 144908, 770, 0, 0
4568, 3, 613, 1278, 0, 0, 23.58%, 0, 0, 7, 35.17, 145069, 770, 0, 0
4574, 4, 904, 1278, 0, 0, 23.58%, 0, 0, 7, 5.36, 145243, 770, 0, 0
4579, 4, 829, 1278, 0, 0, 23.58%, 0, 0, 7, 33.85, 145418, 770, 0, 0
4584, 4, 718, 1278, 0, 0, 23.58%, 0, 0, 7, 34.54, 145601, 770, 0, 0
4590, 4, 500, 1278, 0, 0, 23.58%, 0, 0, 7, 34.11, 145739, 770, 0, 0
4595, 4, 501, 1278, 0, 0, 23.58%, 0, 0, 7, 33.55, 145908, 770, 0, 0
4600, 4, 5, 1278, 0, 0, 23.58%, 0, 0, 7, 33.53, 146079, 770, 0, 0
4605, 4, 571, 1278, 0, 0, 23.58%, 0, 0, 7, 36.45, 146265, 770, 0, 0
4610, 4, 1268, 1278, 0, 0, 23.58%, 0, 0, 7, 30.81, 146387, 770, 0, 0
4615, 4, 1268, 1278, 0, 0, 23.58%, 0, 0, 7, 26.55, 146523, 770, 0, 0
4620, 4, 387, 1278, 0, 0, 23.58%, 0, 0, 7, 27.23, 146650, 770, 0, 0
4625, 4, 718, 1278, 0, 0, 23.58%, 0, 0, 7, 35.20, 146837, 770, 0, 0
4630, 4, 591, 1278, 0, 0, 23.58%, 0, 0, 7, 33.68, 146977, 770, 0, 0
4636, 4, 590, 1278, 0, 0, 23.58%, 0, 0, 7, 35.72, 147162, 770, 0, 0
4641, 4, 274, 1278, 0, 0, 23.58%, 0, 0, 7, 37.61, 147362, 770, 0, 0
4646, 4, 733, 1278, 0, 0, 23.58%, 0, 0, 7, 37.17, 147549, 770, 0, 0
4651, 4, 550, 1278, 0, 0, 23.58%, 0, 0, 7, 39.40, 147710, 770, 0, 0
4656, 4, 403, 1278, 0, 0, 23.58%, 0, 0, 7, 32.36, 147856, 770, 0, 0
4661, 4, 585, 1278, 0, 0, 23.58%, 0, 0, 7, 32.37, 148023, 770, 0, 0
4666, 4, 504, 1278, 0, 0, 23.58%, 0, 0, 7, 31.52, 148182, 770, 0, 0
4672, 4, 1101, 1278, 0, 0, 23.58%, 0, 0, 7, 27.63, 148310, 770, 0, 0
4677, 4, 593, 1278, 0, 0, 23.58%, 0, 0, 7, 35.19, 148488, 770, 0, 0
4682, 4, 1268, 1278, 0, 0, 23.58%, 0, 0, 7, 29.09, 148638, 770, 0, 0
4687, 4, 1190, 1278, 0, 0, 23.58%, 0, 0, 7, 32.75, 148804, 770, 0, 0
4692, 4, 571, 1278, 0, 0, 23.58%, 0, 0, 7, 29.49, 148957, 770, 0, 0
4697, 4, 10, 1278, 0, 0, 23.58%, 0, 0, 7, 33.67, 149135, 770, 0, 0
4702, 4, 22, 1278, 0, 0, 23.58%, 0, 0, 7, 36.68, 149324, 770, 0, 0
4707, 4, 68, 1278, 0, 0, 23.58%, 0, 0, 7, 30.87, 149438, 770, 0, 0
4712, 4, 531, 1278, 0, 0, 23.58%, 0, 0, 7, 30.79, 149595, 770, 0, 0
4717, 4, 734, 1278, 0, 0, 23.58%, 0, 0, 7, 33.59, 149764, 770, 0, 0
4723, 4, 118, 1278, 0, 0, 23.58%, 0, 0, 7, 34.07, 149940, 770, 0, 0
4728, 4, 888, 1278, 0, 0, 23.58%, 0, 0, 7, 33.76, 150097, 770, 0, 0
4733, 4, 767, 1278, 0, 0, 23.58%, 0, 0, 7, 34.03, 150265, 770, 0, 0
4738, 4, 593, 1278, 0, 0, 23.58%, 0, 0, 7, 34.44, 150440, 770, 0, 0
4743, 4, 21, 1278, 0, 0, 23.58%, 0, 0, 7, 28.94, 150575, 770, 0, 0
4748, 4, 888, 1278, 0, 0, 23.58%, 0, 0, 7, 27.70, 150717, 770, 0, 0
4753, 4, 542, 1278, 0, 0, 23.58%, 0, 0, 7, 25.94, 150852, 770, 0, 0
4758, 4, 0, 1278, 0, 0, 23.58%, 0, 0, 7, 35.50, 151038, 770, 0, 0
4764, 4, 623, 1278, 0, 0, 23.58%, 0, 0, 7, 36.51, 151225, 770, 0, 0
4769, 4, 22, 1278, 0, 0, 23.58%, 0, 0, 7, 31.16, 151378, 770, 0, 0
4774, 4, 498, 1278, 0, 0, 23.58%, 0, 0, 7, 31.98, 151551, 770, 0, 0
4779, 4, 584, 1278, 0, 0, 23.58%, 0, 0, 7, 32.53, 151722, 770, 0, 0
4784, 4, 22, 1278, 0, 0, 23.58%, 0, 0, 7, 30.66, 151882, 770, 0, 0
4789, 4, 1131, 1278, 0, 0, 23.58%, 0, 0, 7, 26.42, 152018, 770, 0, 0
4794, 4, 314, 1278, 0, 0, 23.58%, 0, 0, 7, 29.93, 152192, 770, 0, 0
4799, 4, 1268, 1278, 0, 0, 23.58%, 0, 0, 7, 30.19, 152350, 770, 0, 0
4804, 4, 7, 1278, 0, 0, 23.58%, 0, 0, 7, 31.61, 152508, 770, 0, 0
4811, 4, 312, 1278, 0, 0, 23.58%, 0, 0, 7, 32.05, 152697, 770, 0, 0
4817, 4, 778, 1278, 0, 0, 23.58%, 0, 0, 7, 35.09, 152884, 770, 0, 0
4822, 4, 581, 1278, 0, 0, 23.58%, 0, 0, 7, 38.18, 153080, 770, 0, 0
4827, 4, 1101, 1278, 0, 0, 23.58%, 0, 0, 7, 34.87, 153253, 770, 0, 0
4834, 4, 493, 1278, 0, 0, 23.58%, 0, 0, 7, 28.04, 153416, 770, 0, 0
4839, 4, 717, 1278, 0, 0, 23.58%, 0, 0, 7, 33.48, 153592, 770, 0, 0
4844, 4, 10, 1278, 0, 0, 23.58%, 0, 0, 7, 27.19, 153720, 770, 0, 0
4849, 4, 674, 1278, 0, 0, 23.58%, 0, 0, 7, 28.03, 153860, 770, 0, 0
4855, 4, 1131, 1278, 0, 0, 23.58%, 0, 0, 7, 31.71, 154038, 770, 0, 0
4860, 4, 778, 1278, 0, 0, 23.58%, 0, 0, 7, 33.06, 154204, 770, 0, 0
4865, 4, 584, 1278, 0, 0, 23.58%, 0, 0, 7, 33.46, 154377, 770, 0, 0
4870, 4, 617, 1278, 0, 0, 23.58%, 0, 0, 7, 33.31, 154550, 770, 0, 0
4875, 4, 403, 1278, 0, 0, 23.58%, 0, 0, 7, 34.17, 154711, 770, 0, 0
4880, 4, 942, 1278, 0, 0, 23.58%, 0, 0, 7, 37.37, 154891, 770, 0, 0
4885, 4, 770, 1278, 0, 0, 23.58%, 0, 0, 7, 33.90, 155062, 770, 0, 0
4890, 4, 118, 1278, 0, 0, 23.58%, 0, 0, 7, 33.34, 155235, 770, 0, 0
4896, 4, 1014, 1278, 0, 0, 23.58%, 0, 0, 7, 32.22, 155377, 770, 0, 0
4901, 4, 10, 1278, 0, 0, 23.58%, 0, 0, 7, 26.39, 155499, 770, 0, 0
4906, 4, 661, 1278, 0, 0, 23.58%, 0, 0, 7, 29.69, 155666, 770, 0, 0
4911, 4, 91, 1278, 0, 0, 23.58%, 0, 0, 7, 29.66, 155817, 770, 0, 0
4916, 4, 585, 1278, 0, 0, 23.58%, 0, 0, 7, 31.84, 155970, 770, 0, 0
4921, 4, 1268, 1278, 0, 0, 23.58%, 0, 0, 7, 29.98, 156113, 770, 0, 0
4926, 4, 798, 1278, 0, 0, 23.58%, 0, 0, 7, 31.44, 156271, 770, 0, 0
4931, 4, 503, 1278, 0, 0, 23.58%, 0, 0, 7, 37.58, 156464, 770, 0, 0
4937, 4, 601, 1278, 0, 0, 23.58%, 0, 0, 7, 32.30, 156627, 770, 0, 0
4942, 4, 403, 1278, 0, 0, 23.58%, 0, 0, 7, 32.99, 156802, 770, 0, 0
4947, 4, 391, 1278, 0, 0, 23.58%, 0, 0, 7, 35.77, 156981, 770, 0, 0
4952, 4, 904, 1278, 0, 0, 23.58%, 0, 0, 7, 32.02, 157140, 770, 0, 0
4957, 4, 501, 1278, 0, 0, 23.58%, 0, 0, 7, 32.63, 157309, 770, 0, 0
4962, 4, 7, 1278, 0, 0, 23.58%, 0, 0, 7, 35.70, 157487, 770, 0, 0
4967, 4, 888, 1278, 0, 0, 23.58%, 0, 0, 7, 32.79, 157653, 770, 0, 0
4973, 4, 651, 1281, 3, 0, 23.58%, 0, 0, 7, 32.76, 157826, 770, 0, 0
4978, 4, 1286, 1287, 9, 1, 23.61%, 0, 0, 7, 28.23, 157921, 771, 0, 0
4983, 4, 1286, 1287, 9, 1, 23.61%, 0, 0, 7, 17.48, 157995, 771, 0, 0
4988, 4, 1286, 1287, 9, 1, 23.61%, 0, 0, 7, 15.03, 158067, 771, 0, 0
4993, 4, 1286, 1287, 9, 1, 23.61%, 0, 0, 7, 14.30, 158138, 771, 0, 0
4998, 4, 1286, 1287, 9, 1, 23.61%, 0, 0, 7, 14.12, 158211, 771, 0, 0
5003, 4, 1286, 1287, 9, 1, 23.61%, 0, 0, 7, 14.31, 158283, 771, 0, 0
5008, 4, 1286, 1287, 9, 1, 23.61%, 0, 0, 7, 14.39, 158358, 771, 0, 0
5014, 4, 1286, 1287, 9, 1, 23.61%, 0, 0, 7, 14.41, 158433, 771, 0, 0
5019, 4, 1286, 1287, 9, 1, 23.61%, 0, 0, 7, 14.36, 158505, 771, 0, 0
5024, 4, 1286, 1287, 9, 1, 23.61%, 0, 0, 7, 14.40, 158580, 771, 0, 0
5029, 4, 1286, 1287, 9, 1, 23.61%, 0, 0, 7, 14.41, 158655, 771, 0, 0
5034, 4, 1286, 1287, 9, 1, 23.61%, 0, 0, 7, 14.35, 158727, 771, 0, 0
5039, 4, 1286, 1287, 9, 1, 23.61%, 0, 0, 7, 14.44, 158802, 771, 0, 0
5044, 4, 1286, 1287, 9, 1, 23.61%, 0, 0, 7, 14.40, 158874, 771, 0, 0
5050, 4, 1286, 1287, 9, 1, 23.61%, 0, 0, 7, 14.42, 158949, 771, 0, 0
5055, 4, 1286, 1287, 9, 1, 23.61%, 0, 0, 7, 14.32, 159021, 771, 0, 0
5060, 4, 1286, 1287, 9, 1, 23.61%, 0, 0, 7, 14.14, 159093, 771, 0, 0
5065, 4, 1286, 1287, 9, 1, 23.61%, 0, 0, 7, 14.23, 159165, 771, 0, 0
5070, 4, 1286, 1287, 9, 1, 23.61%, 0, 0, 7, 14.25, 159237, 771, 0, 0
5075, 4, 1286, 1287, 9, 1, 23.61%, 0, 0, 7, 14.34, 159309, 771, 0, 0
5080, 4, 1286, 1287, 9, 1, 23.61%, 0, 0, 7, 14.37, 159381, 771, 0, 0
5085, 4, 1286, 1287, 9, 1, 23.61%, 0, 0, 7, 14.42, 159456, 771, 0, 0
5090, 4, 1286, 1287, 9, 1, 23.61%, 0, 0, 7, 14.42, 159531, 771, 0, 0
5095, 4, 1286, 1287, 9, 1, 23.61%, 0, 0, 7, 14.49, 159606, 771, 0, 0
5102, 4, 1282, 1287, 8, 0, 23.61%, 0, 0, 7, 16.79, 159725, 771, 0, 0
5107, 4, 22, 1287, 7, 0, 23.61%, 0, 0, 7, 17.50, 159813, 771, 0, 0
5112, 4, 593, 1287, 7, 0, 23.61%, 0, 0, 7, 27.54, 159956, 771, 0, 0
5118, 4, 1278, 1287, 7, 0, 23.61%, 0, 0, 7, 28.42, 160134, 771, 0, 0
5123, 4, 1101, 1287, 6, 0, 23.61%, 0, 0, 7, 27.25, 160257, 771, 0, 0
5129, 4, 798, 1287, 5, 0, 23.61%, 0, 0, 7, 24.76, 160366, 771, 0, 0
5134, 4, 829, 1287, 5, 0, 23.61%, 0, 0, 7, 25.70, 160484, 771, 0, 0
5139, 4, 1285, 1287, 3, 0, 23.61%, 0, 0, 7, 25.26, 160609, 771, 0, 0
5144, 4, 153, 1287, 1, 0, 23.61%, 0, 0, 7, 30.46, 160767, 771, 0, 0
5149, 4, 1280, 1287, 1, 0, 23.61%, 0, 0, 7, 30.21, 160936, 771, 0, 0
5154, 4, 837, 1287, 0, 0, 23.61%, 0, 0, 7, 34.51, 161114, 771, 0, 0
5159, 4, 873, 1287, 0, 0, 23.61%, 0, 0, 7, 27.06, 161246, 771, 0, 0
5164, 4, 494, 1287, 0, 0, 23.61%, 0, 0, 7, 33.00, 161412, 771, 0, 0
5169, 4, 153, 1287, 0, 0, 23.61%, 0, 0, 7, 36.49, 161600, 771, 0, 0
5175, 4, 770, 1287, 0, 0, 23.61%, 0, 0, 7, 37.98, 161755, 771, 0, 0
5180, 4, 770, 1287, 0, 0, 23.61%, 0, 0, 7, 38.78, 161961, 771, 0, 0
5185, 4, 1190, 1287, 0, 0, 23.61%, 0, 0, 7, 32.77, 162137, 771, 0, 0
5190, 4, 1190, 1287, 0, 0, 23.61%, 0, 0, 7, 24.42, 162262, 771, 0, 0
5195, 4, 1268, 1287, 0, 0, 23.61%, 0, 0, 7, 24.73, 162379, 771, 0, 0
5200, 4, 601, 1287, 0, 0, 23.61%, 0, 0, 7, 31.77, 162541, 771, 0, 0
5205, 4, 507, 1287, 0, 0, 23.61%, 0, 0, 7, 35.81, 162731, 771, 0, 0
5210, 4, 829, 1287, 0, 0, 23.61%, 0, 0, 7, 32.20, 162896, 771, 0, 0
5215, 4, 837, 1287, 0, 0, 23.61%, 0, 0, 7, 34.43, 163037, 771, 0, 0
5221, 4, 837, 1287, 0, 0, 23.61%, 0, 0, 7, 29.65, 163178, 771, 0, 0
5226, 4, 507, 1287, 0, 0, 23.61%, 0, 0, 7, 32.37, 163358, 771, 0, 0
5231, 4, 493, 1287, 0, 0, 23.61%, 0, 0, 7, 32.80, 163530, 771, 0, 0
5236, 4, 601, 1287, 0, 0, 23.61%, 0, 0, 7, 32.15, 163657, 771, 0, 0
5241, 4, 717, 1287, 0, 0, 23.61%, 0, 0, 7, 36.65, 163841, 771, 0, 0
5246, 4, 403, 1287, 0, 0, 23.61%, 0, 0, 7, 30.27, 163996, 771, 0, 0
5251, 4, 153, 1287, 0, 0, 23.61%, 0, 0, 7, 28.61, 164145, 771, 0, 0
5256, 4, 152, 1287, 0, 0, 23.61%, 0, 0, 7, 33.26, 164292, 771, 0, 0
5261, 4, 733, 1287, 0, 0, 23.61%, 0, 0, 7, 36.61, 164478, 771, 0, 0
5266, 4, 733, 1287, 0, 0, 23.61%, 0, 0, 7, 35.88, 164662, 771, 0, 0
5271, 4, 733, 1287, 0, 0, 23.61%, 0, 0, 7, 34.97, 164831, 771, 0, 0
5277, 4, 118, 1287, 0, 0, 23.61%, 0, 0, 7, 31.74, 164971, 771, 0, 0
5282, 4, 91, 1287, 0, 0, 23.61%, 0, 0, 7, 32.27, 165137, 771, 0, 0
5287, 4, 778, 1287, 0, 0, 23.61%, 0, 0, 7, 30.13, 165293, 771, 0, 0
5294, 4, 374, 1287, 0, 0, 23.61%, 0, 0, 7, 27.28, 165468, 771, 0, 0
5299, 4, 1286, 1287, 0, 0, 23.61%, 0, 0, 7, 31.76, 165638, 771, 0, 0
5304, 4, 22, 1287, 0, 0, 23.61%, 0, 0, 7, 32.70, 165797, 771, 0, 0
5309, 4, 119, 1287, 0, 0, 23.61%, 0, 0, 7, 33.45, 165976, 771, 0, 0
5314, 4, 74, 1287, 0, 0, 23.61%, 0, 0, 7, 33.70, 166165, 771, 0, 0
5320, 4, 319, 1287, 0, 0, 23.61%, 0, 0, 7, 30.86, 166316, 771, 0, 0
5325, 4, 508, 1287, 0, 0, 23.61%, 0, 0, 7, 34.94, 166502, 771, 0, 0
5330, 4, 717, 1287, 0, 0, 23.61%, 0, 0, 7, 36.59, 166692, 771, 0, 0
5335, 4, 503, 1287, 0, 0, 23.61%, 0, 0, 7, 35.10, 166861, 771, 0, 0
5340, 4, 1101, 1287, 0, 0, 23.61%, 0, 0, 7, 27.07, 167006, 771, 0, 0
5345, 4, 152, 1287, 0, 0, 23.61%, 0, 0, 7, 34.30, 167183, 771, 0, 0
5350, 4, 543, 1287, 0, 0, 23.61%, 0, 0, 7, 30.02, 167337, 771, 0, 0
5355, 4, 10, 1287, 0, 0, 23.61%, 0, 0, 7, 33.06, 167513, 771, 0, 0
5361, 4, 507, 1287, 0, 0, 23.61%, 0, 0, 7, 31.64, 167667, 771, 0, 0
5366, 4, 837, 1287, 0, 0, 23.61%, 0, 0, 7, 33.81, 167857, 771, 0, 0
5371, 4, 1014, 1287, 0, 0, 23.61%, 0, 0, 7, 32.94, 168023, 771, 0, 0
5376, 4, 384, 1287, 0, 0, 23.61%, 0, 0, 7, 27.64, 168155, 771, 0, 0
5382, 4, 524, 1287, 0, 0, 23.61%, 0, 0, 7, 29.81, 168317, 771, 0, 0
5387, 4, 736, 1287, 0, 0, 23.61%, 0, 0, 7, 33.27, 168486, 771, 0, 0
5392, 4, 119, 1287, 0, 0, 23.61%, 0, 0, 7, 31.29, 168637, 771, 0, 0
5397, 4, 677, 1287, 0, 0, 23.61%, 0, 0, 7, 33.32, 168821, 771, 0, 0
5402, 4, 1286, 1287, 0, 0, 23.61%, 0, 0, 7, 31.11, 168974, 771, 0, 0
5408, 4, 10, 1287, 0, 0, 23.61%, 0, 0, 7, 29.32, 169118, 771, 0, 0
5413, 4, 273, 1287, 0, 0, 23.61%, 0, 0, 7, 31.37, 169276, 771, 0, 0
5418, 4, 607, 1287, 0, 0, 23.61%, 0, 0, 7, 32.88, 169443, 771, 0, 0
5423, 4, 314, 1287, 0, 0, 23.61%, 0, 0, 7, 29.97, 169571, 771, 0, 0
5428, 4, 942, 1287, 0, 0, 23.61%, 0, 0, 7, 31.00, 169732, 771, 0, 0
5433, 4, 873, 1287, 0, 0, 23.61%, 0, 0, 7, 30.23, 169886, 771, 0, 0
5438, 4, 770, 1287, 0, 0, 23.61%, 0, 0, 7, 33.92, 170066, 771, 0, 0
5443, 4, 88, 1287, 0, 0, 23.61%, 0, 0, 7, 28.77, 170208, 771, 0, 0
5448, 4, 888, 1287, 0, 0, 23.61%, 0, 0, 7, 31.68, 170386, 771, 0, 0
5454, 4, 904, 1287, 0, 0, 23.61%, 0, 0, 7, 34.01, 170573, 771, 0, 0
5461, 4, 10, 1287, 0, 0, 23.61%, 0, 0, 7, 30.03, 170760, 771, 0, 0
5466, 4, 504, 1287, 0, 0, 23.61%, 0, 0, 7, 31.81, 170923, 771, 0, 0
5471, 4, 68, 1287, 0, 0, 23.61%, 0, 0, 7, 34.64, 171104, 771, 0, 0
5476, 4, 673, 1287, 0, 0, 23.61%, 0, 0, 7, 34.22, 171284, 771, 0, 0
5482, 4, 613, 1287, 0, 0, 23.61%, 0, 0, 7, 30.26, 171489, 771, 0, 0
5487, 4, 1286, 1287, 0, 0, 23.61%, 0, 0, 7, 28.80, 171641, 771, 0, 0
5492, 4, 554, 1287, 0, 0, 23.61%, 0, 0, 7, 32.56, 171806, 771, 0, 0
5498, 4, 502, 1287, 0, 0, 23.61%, 0, 0, 7, 36.69, 172002, 771, 0, 0
5503, 4, 561, 1287, 0, 0, 23.61%, 0, 0, 7, 36.42, 172148, 771, 0, 0
5508, 4, 888, 1287, 0, 0, 23.61%, 0, 0, 7, 36.16, 172338, 771, 0, 0
5513, 4, 837, 1287, 0, 0, 23.61%, 0, 0, 7, 38.33, 172537, 771, 0, 0
5518, 4, 613, 1287, 0, 0, 23.61%, 0, 0, 7, 30.99, 172695, 771, 0, 0
5523, 4, 501, 1287, 0, 0, 23.61%, 0, 0, 7, 35.72, 172879, 771, 0, 0
5528, 4, 314, 1287, 0, 0, 23.61%, 0, 0, 7, 36.67, 173067, 771, 0, 0
5533, 4, 497, 1287, 0, 0, 23.61%, 0, 0, 7, 34.97, 173237, 771, 0, 0
5539, 4, 118, 1287, 0, 0, 23.61%, 0, 0, 7, 35.29, 173459, 771, 0, 0
5544, 4, 91, 1287, 0, 0, 23.61%, 0, 0, 7, 35.03, 173640, 771, 0, 0
5550, 4, 600, 1287, 0, 0, 23.61%, 0, 0, 7, 33.54, 173811, 771, 0, 0
5555, 4, 86, 1287, 0, 0, 23.61%, 0, 0, 7, 32.25, 173979, 771, 0, 0
5560, 4, 5, 1287, 0, 0, 23.61%, 0, 0, 7, 31.83, 174168, 771, 0, 0
5566, 4, 736, 1287, 0, 0, 23.61%, 0, 0, 7, 34.01, 174350, 771, 0, 0
5571, 4, 624, 1287, 0, 0, 23.61%, 0, 0, 7, 31.62, 174515, 771, 0, 0
5576, 4, 942, 1288, 1, 0, 23.61%, 0, 0, 7, 34.21, 174696, 771, 0, 0
5581, 4, 10, 1288, 1, 0, 23.61%, 0, 0, 7, 32.45, 174866, 771, 0, 0
5586, 4, 1101, 1288, 1, 0, 23.61%, 0, 0, 7, 26.04, 174994, 771, 0, 0
5591, 4, 888, 1288, 1, 0, 23.61%, 0, 0, 7, 29.23, 175149, 771, 0, 0
5596, 4, 718, 1288, 1, 0, 23.61%, 0, 0, 7, 26.94, 175268, 771, 0, 0
5601, 5, 609, 1288, 1, 0, 23.61%, 0, 0, 7, 31.09, 175437, 771, 0, 0
5606, 5, 770, 1288, 1, 0, 23.61%, 0, 0, 7, 34.14, 175617, 771, 0, 0
5612, 5, 533, 1288, 1, 0, 23.61%, 0, 0, 7, 29.82, 175765, 771, 0, 0
5617, 5, 1101, 1288, 1, 0, 23.61%, 0, 0, 7, 27.56, 175915, 771, 0, 0
5622, 5, 493, 1288, 1, 0, 23.61%, 0, 0, 7, 35.21, 176096, 771, 0, 0
5627, 5, 770, 1288, 1, 0, 23.61%, 0, 0, 7, 37.89, 176286, 771, 0, 0
5632, 5, 507, 1288, 1, 0, 23.61%, 0, 0, 7, 35.76, 176467, 771, 0, 0
5637, 5, 1287, 1288, 1, 0, 23.61%, 0, 0, 7, 32.38, 176626, 771, 0, 0
5642, 5, 524, 1288, 0, 0, 23.61%, 0, 0, 7, 33.70, 176791, 771, 0, 0
5647, 5, 561, 1288, 0, 0, 23.61%, 0, 0, 7, 32.55, 176955, 771, 0, 0
5653, 5, 22, 1288, 0, 0, 23.61%, 0, 0, 7, 33.77, 177133, 771, 0, 0
5658, 5, 531, 1288, 0, 0, 23.61%, 0, 0, 7, 31.05, 177296, 771, 0, 0
5663, 5, 590, 1288, 0, 0, 23.61%, 0, 0, 7, 33.02, 177465, 771, 0, 0
5668, 5, 502, 1288, 0, 0, 23.61%, 0, 0, 7, 29.61, 177599, 771, 0, 0
5673, 5, 387, 1288, 0, 0, 23.61%, 0, 0, 7, 32.26, 177767, 771, 0, 0
5678, 5, 1268, 1288, 0, 0, 23.61%, 0, 0, 7, 26.25, 177882, 771, 0, 0
5684, 5, 319, 1288, 0, 0, 23.61%, 0, 0, 7, 35.59, 178075, 771, 0, 0
5689, 5, 837, 1288, 0, 0, 23.61%, 0, 0, 7, 36.76, 178291, 771, 0, 0
5695, 5, 837, 1288, 0, 0, 23.61%, 0, 0, 7, 34.84, 178473, 771, 0, 0
5700, 5, 837, 1288, 0, 0, 23.61%, 0, 0, 7, 36.18, 178665, 771, 0, 0
5705, 5, 554, 1288, 0, 0, 23.61%, 0, 0, 7, 31.90, 178816, 771, 0, 0
5710, 5, 607, 1288, 0, 0, 23.61%, 0, 0, 7, 32.75, 179001, 771, 0, 0
5715, 5, 507, 1288, 0, 0, 23.61%, 0, 0, 7, 30.89, 179152, 771, 0, 0
5720, 5, 21, 1288, 0, 0, 23.61%, 0, 0, 7, 33.72, 179322, 771, 0, 0
5725, 5, 942, 1288, 0, 0, 23.61%, 0, 0, 7, 36.47, 179509, 771, 0, 0
5730, 5, 838, 1288, 0, 0, 23.61%, 0, 0, 7, 37.33, 179665, 771, 0, 0
5736, 5, 798, 1288, 0, 0, 23.61%, 0, 0, 7, 36.61, 179843, 771, 0, 0
5741, 5, 118, 1288, 0, 0, 23.61%, 0, 0, 7, 34.71, 180016, 771, 0, 0
5746, 5, 40, 1288, 0, 0, 23.61%, 0, 0, 7, 33.01, 180167, 771, 0, 0
5751, 5, 913, 1288, 0, 0, 23.61%, 0, 0, 7, 30.13, 180282, 771, 0, 0
5756, 5, 593, 1288, 0, 0, 23.61%, 0, 0, 7, 33.64, 180456, 771, 0, 0
5761, 5, 537, 1288, 0, 0, 23.61%, 0, 0, 7, 34.35, 180627, 771, 0, 0
5766, 5, 582, 1288, 0, 0, 23.61%, 0, 0, 7, 28.21, 180770, 771, 0, 0
5771, 5, 734, 1288, 0, 0, 23.61%, 0, 0, 7, 29.99, 180900, 771, 0, 0
5776, 5, 88, 1288, 0, 0, 23.61%, 0, 0, 7, 36.03, 181089, 771, 0, 0
5781, 5, 1190, 1288, 0, 0, 23.61%, 0, 0, 7, 34.69, 181270, 771, 0, 0
5786, 5, 537, 1288, 0, 0, 23.61%, 0, 0, 7, 35.77, 181454, 771, 0, 0
5792, 5, 403, 1288, 0, 0, 23.61%, 0, 0, 7, 34.98, 181602, 771, 0, 0
5797, 5, 0, 1288, 0, 0, 23.61%, 0, 0, 7, 34.05, 181759, 771, 0, 0
5802, 5, 617, 1288, 0, 0, 23.61%, 0, 0, 7, 34.40, 181930, 771, 0, 0
5807, 5, 600, 1288, 0, 0, 23.61%, 0, 0, 7, 35.82, 182116, 771, 0, 0
5813, 5, 584, 1288, 0, 0, 23.61%, 0, 0, 7, 30.83, 182288, 771, 0, 0
5819, 5, 319, 1288, 0, 0, 23.61%, 0, 0, 7, 35.52, 182473, 771, 0, 0
5824, 5, 152, 1288, 0, 0, 23.61%, 0, 0, 7, 30.24, 182620, 771, 0, 0
5829, 5, 71, 1288, 0, 0, 23.61%, 0, 0, 7, 31.71, 182781, 771, 0, 0
5834, 5, 674, 1288, 0, 0, 23.61%, 0, 0, 7, 36.65, 182987, 771, 0, 0
5839, 5, 1190, 1288, 0, 0, 23.61%, 0, 0, 7, 33.94, 183155, 771, 0, 0
5845, 5, 10, 1288, 0, 0, 23.61%, 0, 0, 7, 31.97, 183325, 771, 0, 0
5850, 5, 593, 1288, 0, 0, 23.61%, 0, 0, 7, 35.71, 183508, 771, 0, 0
5855, 5, 717, 1288, 0, 0, 23.61%, 0, 0, 7, 31.68, 183658, 771, 0, 0
5860, 5, 88, 1288, 0, 0, 23.61%, 0, 0, 7, 30.43, 183801, 771, 0, 0
5866, 5, 74, 1288, 0, 0, 23.61%, 0, 0, 7, 31.17, 183966, 771, 0, 0
5871, 5, 717, 1288, 0, 0, 23.61%, 0, 0, 7, 37.54, 184157, 771, 0, 0
5876, 5, 1268, 1288, 0, 0, 23.61%, 0, 0, 7, 34.47, 184332, 771, 0, 0
5882, 5, 798, 1288, 0, 0, 23.61%, 0, 0, 7, 31.26, 184492, 771, 0, 0
5887, 5, 21, 1288, 0, 0, 23.61%, 0, 0, 7, 36.22, 184658, 771, 0, 0
5892, 5, 500, 1288, 0, 0, 23.61%, 0, 0, 7, 36.31, 184836, 771, 0, 0
5897, 5, 1286, 1288, 0, 0, 23.61%, 0, 0, 7, 28.19, 184976, 771, 0, 0
5902, 5, 1014, 1288, 0, 0, 23.61%, 0, 0, 7, 34.83, 185166, 771, 0, 0
5907, 5, 767, 1288, 0, 0, 23.61%, 0, 0, 7, 34.12, 185327, 771, 0, 0
5912, 5, 770, 1288, 0, 0, 23.61%, 0, 0, 7, 33.12, 185493, 771, 0, 0
5917, 5, 119, 1288, 0, 0, 23.61%, 0, 0, 7, 35.93, 185684, 771, 0, 0
5922, 5, 717, 1288, 0, 0, 23.61%, 0, 0, 7, 32.05, 185837, 771, 0, 0
5928, 5, 86, 1288, 0, 0, 23.61%, 0, 0, 7, 34.38, 186004, 771, 0, 0
5933, 5, 118, 1288, 0, 0, 23.61%, 0, 0, 7, 32.30, 186131, 771, 0, 0
5938, 5, 657, 1288, 0, 0, 23.61%, 0, 0, 7, 31.65, 186297, 771, 0, 0
5943, 5, 837, 1288, 0, 0, 23.61%, 0, 0, 7, 31.44, 186448, 771, 0, 0
5950, 5, 494, 1288, 0, 0, 23.61%, 0, 0, 7, 34.51, 186682, 771, 0, 0
5955, 5, 1190, 1288, 0, 0, 23.61%, 0, 0, 7, 29.95, 186838, 771, 0, 0
5960, 5, 610, 1288, 0, 0, 23.61%, 0, 0, 7, 35.98, 187033, 771, 0, 0
5965, 5, 494, 1288, 0, 0, 23.61%, 0, 0, 7, 37.25, 187224, 771, 0, 0
5972, 5, 403, 1288, 0, 0, 23.61%, 0, 0, 7, 36.77, 187428, 771, 0, 0
5977, 5, 274, 1288, 0, 0, 23.61%, 0, 0, 7, 35.89, 187605, 771, 0, 0
5982, 5, 1014, 1288, 0, 0, 23.61%, 0, 0, 7, 29.54, 187743, 771, 0, 0
5987, 5, 888, 1288, 0, 0, 23.61%, 0, 0, 7, 33.40, 187908, 771, 0, 0
5992, 5, 942, 1288, 0, 0, 23.61%, 0, 0, 7, 33.00, 188080, 771, 0, 0
5997, 5, 582, 1288, 0, 0, 23.61%, 0, 0, 7, 33.87, 188250, 771, 0, 0
6004, 5, 67, 1288, 0, 0, 23.61%, 0, 0, 7, 31.98, 188456, 771, 0, 0
6009, 5, 888, 1288, 0, 0, 23.61%, 0, 0, 7, 31.96, 188616, 771, 0, 0
6014, 5, 694, 1288, 0, 0, 23.61%, 0, 0, 7, 34.77, 188793, 771, 0, 0
6019, 5, 403, 1288, 0, 0, 23.61%, 0, 0, 7, 32.43, 188956, 771, 0, 0
6024, 5, 623, 1288, 0, 0, 23.61%, 0, 0, 7, 30.54, 189116, 771, 0, 0
6029, 5, 374, 1288, 0, 0, 23.61%, 0, 0, 7, 35.08, 189302, 771, 0, 0
6035, 5, 610, 1288, 0, 0, 23.61%, 0, 0, 7, 37.83, 189502, 771, 0, 0
6040, 5, 778, 1288, 0, 0, 23.61%, 0, 0, 7, 35.68, 189688, 771, 0, 0
6045, 5, 502, 1288, 0, 0, 23.61%, 0, 0, 7, 37.19, 189844, 771, 0, 0
6050, 5, 913, 1288, 0, 0, 23.61%, 0, 0, 7, 34.41, 190018, 771, 0, 0
6055, 5, 767, 1288, 0, 0, 23.61%, 0, 0, 7, 34.85, 190195, 771, 0, 0
6060, 5, 391, 1288, 0, 0, 23.61%, 0, 0, 7, 34.69, 190375, 771, 0, 0
6065, 5, 571, 1288, 0, 0, 23.61%, 0, 0, 7, 33.32, 190503, 771, 0, 0
6070, 5, 888, 1288, 0, 0, 23.61%, 0, 0, 7, 33.21, 190680, 771, 0, 0
6075, 5, 718, 1288, 0, 0, 23.61%, 0, 0, 7, 35.51, 190867, 771, 0, 0
6080, 5, 613, 1288, 0, 0, 23.61%, 0, 0, 7, 27.67, 190991, 771, 0, 0
6085, 5, 527, 1288, 0, 0, 23.61%, 0, 0, 7, 30.14, 191135, 771, 0, 0
6090, 5, 7, 1288, 0, 0, 23.61%, 0, 0, 7, 28.76, 191283, 771, 0, 0
6096, 5, 651, 1288, 0, 0, 23.61%, 0, 0, 7, 37.43, 191484, 771, 0, 0
6101, 5, 734, 1288, 0, 0, 23.61%, 0, 0, 7, 33.69, 191649, 771, 0, 0
6106, 5, 601, 1288, 0, 0, 23.61%, 0, 0, 7, 34.92, 191837, 771, 0, 0
6111, 5, 543, 1288, 0, 0, 23.61%, 0, 0, 7, 34.41, 192009, 771, 0, 0
6116, 5, 829, 1288, 0, 0, 23.61%, 0, 0, 7, 25.89, 192125, 771, 0, 0
6121, 5, 403, 1288, 0, 0, 23.61%, 0, 0, 7, 28.09, 192269, 771, 0, 0
6126, 5, 319, 1288, 0, 0, 23.61%, 0, 0, 7, 36.06, 192465, 771, 0, 0
6131, 5, 837, 1288, 0, 0, 23.61%, 0, 0, 7, 35.30, 192633, 771, 0, 0
6136, 5, 888, 1288, 0, 0, 23.61%, 0, 0, 7, 31.82, 192788, 771, 0, 0
6141, 5, 942, 1288, 0, 0, 23.61%, 0, 0, 7, 32.63, 192952, 771, 0, 0
6146, 5, 904, 1288, 0, 0, 23.61%, 0, 0, 7, 29.76, 193100, 771, 0, 0
6152, 5, 274, 1288, 0, 0, 23.61%, 0, 0, 7, 37.17, 193300, 771, 0, 0
6157, 5, 496, 1288, 0, 0, 23.61%, 0, 0, 7, 37.97, 193499, 771, 0, 0
6162, 5, 1101, 1288, 0, 0, 23.61%, 0, 0, 7, 27.85, 193643, 771, 0, 0
6167, 5, 1014, 1288, 0, 0, 23.61%, 0, 0, 7, 32.29, 193820, 771, 0, 0
6172, 5, 381, 1288, 0, 0, 23.61%, 0, 0, 7, 29.63, 193968, 771, 0, 0
6177, 5, 384, 1288, 0, 0, 23.61%, 0, 0, 7, 27.33, 194075, 771, 0, 0
6183, 5, 68, 1292, 4, 0, 23.61%, 0, 0, 7, 31.75, 194247, 771, 0, 0
6188, 5, 68, 1302, 14, 0, 23.61%, 0, 0, 7, 25.61, 194343, 771, 0, 0
6193, 5, 1297, 1303, 15, 0, 23.61%, 0, 0, 7, 27.17, 194439, 771, 0, 0
6199, 5, 1300, 1303, 14, 0, 23.61%, 0, 0, 7, 20.48, 194518, 771, 0, 0
6204, 5, 1301, 1303, 10, 0, 23.61%, 0, 0, 7, 5.38, 194591, 771, 0, 0
6209, 5, 153, 1303, 7, 0, 23.61%, 0, 0, 7, 19.17, 194705, 771, 0, 0
6214, 5, 86, 1303, 7, 0, 23.61%, 0, 0, 7, 27.36, 194868, 771, 0, 0
6219, 5, 767, 1303, 5, 0, 23.61%, 0, 0, 7, 27.78, 195010, 771, 0, 0
6224, 5, 1292, 1303, 5, 0, 23.61%, 0, 0, 7, 24.10, 195129, 771, 0, 0
6229, 5, 798, 1303, 4, 0, 23.61%, 0, 0, 7, 36.67, 195261, 771, 0, 0
6235, 5, 650, 1303, 3, 0, 23.61%, 0, 0, 7, 36.28, 195424, 771, 0, 0
6240, 5, 22, 1303, 3, 0, 23.61%, 0, 0, 7, 30.46, 195562, 771, 0, 0
6246, 5, 942, 1303, 3, 0, 23.61%, 0, 0, 7, 31.06, 195745, 771, 0, 0
6251, 5, 502, 1303, 2, 0, 23.61%, 0, 1, 7, 33.01, 195886, 771, 0, 0
6256, 5, 1295, 1303, 2, 0, 23.61%, 0, 1, 7, 28.35, 196029, 771, 0, 0
6261, 5, 67, 1303, 1, 0, 23.61%, 0, 1, 7, 33.45, 196172, 771, 0, 0
6267, 5, 493, 1303, 1, 0, 23.61%, 0, 1, 7, 35.23, 196370, 771, 0, 0
6272, 5, 718, 1303, 1, 0, 23.61%, 0, 1, 7, 34.07, 196546, 771, 0, 0
6278, 5, 384, 1303, 1, 0, 23.61%, 0, 1, 7, 31.65, 196698, 771, 0, 0
6283, 5, 498, 1303, 1, 0, 23.61%, 0, 1, 7, 35.65, 196880, 771, 0, 0
6288, 5, 381, 1303, 1, 0, 23.61%, 0, 1, 7, 36.34, 197044, 771, 0, 0
6293, 5, 384, 1303, 1, 0, 23.61%, 0, 1, 7, 36.70, 197227, 771, 0, 0
6298, 5, 581, 1303, 1, 0, 23.61%, 0, 1, 7, 38.92, 197426, 771, 0, 0
6303, 5, 913, 1303, 1, 0, 23.61%, 0, 1, 7, 40.64, 197631, 771, 0, 0
6308, 5, 584, 1303, 1, 0, 23.61%, 0, 1, 7, 35.67, 197794, 771, 0, 0
6313, 5, 1131, 1303, 1, 0, 23.61%, 0, 1, 7, 32.36, 197956, 771, 0, 0
6318, 5, 1101, 1303, 1, 0, 23.61%, 0, 1, 7, 24.42, 198090, 771, 0, 0
6323, 5, 497, 1303, 1, 0, 23.61%, 0, 1, 7, 26.55, 198222, 771, 0, 0
6328, 5, 152, 1303, 0, 0, 23.61%, 0, 1, 7, 30.54, 198369, 771, 0, 0
6334, 5, 1190, 1303, 0, 0, 23.61%, 0, 1, 7, 33.03, 198544, 771, 0, 0
6339, 5, 88, 1304, 1, 0, 23.61%, 0, 1, 7, 32.07, 198675, 771, 0, 0
6344, 5, 1014, 1304, 1, 0, 23.61%, 0, 1, 7, 31.34, 198823, 771, 0, 0
6349, 5, 759, 1304, 1, 0, 23.61%, 0, 1, 7, 37.28, 199025, 771, 0, 0
6354, 5, 1101, 1304, 1, 0, 23.61%, 0, 1, 7, 33.51, 199160, 771, 0, 0
6359, 5, 590, 1305, 2, 0, 23.61%, 0, 1, 7, 27.81, 199269, 771, 0, 0
6364, 5, 590, 1305, 2, 0, 23.61%, 0, 1, 7, 28.86, 199414, 771, 0, 0
6369, 5, 119, 1305, 2, 0, 23.61%, 0, 1, 7, 36.97, 199616, 771, 0, 0
6374, 5, 717, 1305, 2, 0, 23.61%, 0, 1, 7, 34.30, 199781, 771, 0, 0
6379, 5, 1304, 1305, 2, 0, 23.61%, 0, 1, 7, 20.30, 199869, 771, 0, 0
6386, 5, 650, 1305, 1, 0, 23.61%, 0, 1, 7, 28.28, 200031, 771, 0, 0
6391, 5, 74, 1305, 0, 0, 23.61%, 0, 1, 7, 27.49, 200170, 771, 0, 0
6396, 5, 873, 1305, 0, 0, 23.61%, 0, 1, 7, 29.61, 200320, 771, 0, 0
6401, 5, 524, 1305, 0, 0, 23.61%, 0, 1, 7, 34.95, 200507, 771, 0, 0
6407, 5, 22, 1305, 0, 0, 23.61%, 0, 1, 7, 34.91, 200666, 771, 0, 0
6412, 5, 734, 1305, 0, 0, 23.61%, 0, 1, 7, 34.28, 200841, 771, 0, 0
6417, 5, 391, 1305, 0, 0, 23.61%, 0, 1, 7, 36.39, 201039, 771, 0, 0
6422, 5, 119, 1305, 0, 0, 23.61%, 0, 1, 7, 37.02, 201218, 771, 0, 0
6429, 5, 1014, 1305, 0, 0, 23.61%, 0, 1, 7, 29.08, 201399, 771, 0, 0
6434, 5, 118, 1305, 0, 0, 23.61%, 0, 1, 7, 35.36, 201581, 771, 0, 0
6439, 5, 590, 1305, 0, 0, 23.61%, 0, 1, 7, 31.91, 201746, 771, 0, 0
6444, 5, 590, 1305, 0, 0, 23.61%, 0, 1, 7, 35.20, 201931, 771, 0, 0
6449, 5, 403, 1305, 0, 0, 23.61%, 0, 1, 7, 33.29, 202081, 771, 0, 0
6455, 5, 7, 1305, 0, 0, 23.61%, 0, 1, 7, 34.69, 202258, 771, 0, 0
6460, 5, 496, 1305, 0, 0, 23.61%, 0, 1, 7, 34.52, 202433, 771, 0, 0
6465, 5, 524, 1305, 0, 0, 23.61%, 0, 1, 7, 34.70, 202617, 771, 0, 0
6470, 5, 152, 1305, 0, 0, 23.61%, 0, 1, 7, 33.31, 202787, 771, 0, 0
6477, 5, 493, 1305, 0, 0, 23.61%, 0, 1, 7, 31.59, 202958, 771, 0, 0
6482, 5, 600, 1305, 0, 0, 23.61%, 0, 1, 7, 35.28, 203143, 771, 0, 0
6487, 5, 10, 1305, 0, 0, 23.61%, 0, 1, 7, 29.84, 203278, 771, 0, 0
6492, 5, 546, 1305, 0, 0, 23.61%, 0, 1, 7, 35.23, 203463, 771, 0, 0
6497, 6, 1286, 1305, 0, 0, 23.61%, 0, 1, 7, 28.07, 203606, 771, 0, 0
6503, 6, 537, 1305, 0, 0, 23.61%, 0, 1, 7, 25.59, 203754, 771, 0, 0
6508, 6, 1286, 1305, 0, 0, 23.61%, 0, 1, 7, 23.81, 203892, 771, 0, 0
6513, 6, 609, 1305, 0, 0, 23.61%, 0, 1, 7, 28.05, 204015, 771, 0, 0
