# relative_time, cycles_done, cur_item, corpus_count, pending_total, pending_favs, map_size, saved_crashes, saved_hangs, max_depth, execs_per_sec, total_execs, edges_found, total_crashes, servers_count
62, 0, 2, 183, 180, 51, 23.79%, 0, 0, 2, 34.72, 2573, 733, 0, 0
68, 0, 2, 188, 185, 51, 23.79%, 0, 0, 2, 34.06, 2751, 733, 0, 0
73, 0, 2, 193, 190, 51, 23.82%, 0, 0, 2, 33.38, 2903, 734, 0, 0
78, 0, 2, 197, 194, 51, 23.86%, 0, 0, 2, 34.22, 3066, 735, 0, 0
83, 0, 2, 198, 195, 51, 23.86%, 0, 0, 2, 35.04, 3244, 735, 0, 0
89, 0, 2, 205, 202, 51, 23.86%, 0, 0, 2, 34.94, 3429, 735, 0, 0
94, 0, 2, 209, 206, 51, 23.92%, 0, 0, 2, 34.86, 3597, 737, 0, 0
99, 0, 2, 212, 209, 51, 23.99%, 0, 0, 2, 34.43, 3764, 739, 0, 0
104, 0, 2, 216, 213, 51, 24.02%, 0, 0, 2, 34.74, 3931, 740, 0, 0
109, 0, 2, 217, 214, 51, 24.02%, 0, 0, 2, 34.28, 4102, 740, 0, 0
114, 0, 2, 220, 217, 51, 24.05%, 0, 0, 2, 34.44, 4275, 741, 0, 0
120, 0, 4, 222, 218, 74, 24.05%, 0, 0, 2, 33.55, 4462, 741, 0, 0
126, 0, 6, 226, 220, 71, 24.12%, 0, 0, 2, 38.35, 4736, 743, 0, 0
132, 0, 7, 233, 226, 70, 24.28%, 0, 0, 2, 39.39, 4921, 748, 0, 0
137, 0, 7, 244, 237, 70, 24.83%, 0, 0, 2, 44.09, 5156, 765, 0, 0
142, 0, 7, 244, 237, 70, 24.83%, 0, 0, 2, 45.43, 5386, 765, 0, 0
147, 0, 7, 247, 240, 70, 24.96%, 0, 0, 2, 45.78, 5616, 769, 0, 0
152, 0, 7, 259, 252, 70, 25.54%, 0, 0, 2, 45.96, 5847, 787, 0, 0
157, 0, 7, 263, 256, 70, 25.67%, 0, 0, 2, 45.92, 6086, 791, 0, 0
162, 0, 7, 264, 257, 70, 25.67%, 0, 0, 2, 43.11, 6313, 791, 0, 0
167, 0, 7, 264, 257, 70, 25.67%, 0, 0, 2, 26.98, 6429, 791, 0, 0
173, 0, 7, 264, 257, 70, 25.67%, 0, 0, 2, 24.56, 6544, 791, 0, 0
178, 0, 7, 264, 257, 70, 25.67%, 0, 0, 2, 31.88, 6728, 791, 0, 0
183, 0, 7, 264, 257, 70, 25.67%, 0, 0, 2, 41.87, 6947, 791, 0, 0
188, 0, 7, 269, 262, 70, 25.80%, 0, 0, 2, 38.43, 7137, 795, 0, 0
193, 0, 7, 272, 265, 70, 25.87%, 0, 0, 2, 36.58, 7315, 797, 0, 0
198, 0, 7, 272, 265, 70, 25.87%, 0, 0, 2, 37.23, 7504, 797, 0, 0
203, 0, 7, 272, 265, 70, 25.87%, 0, 0, 2, 34.55, 7685, 797, 0, 0
209, 0, 7, 272, 265, 70, 25.87%, 0, 0, 2, 37.64, 7884, 797, 0, 0
214, 0, 7, 273, 266, 70, 25.87%, 0, 0, 2, 37.44, 8073, 797, 0, 0
219, 0, 7, 273, 266, 70, 25.87%, 0, 0, 2, 37.45, 8268, 797, 0, 0
224, 0, 7, 273, 266, 70, 25.87%, 0, 0, 2, 37.27, 8461, 797, 0, 0
229, 0, 7, 275, 268, 70, 25.90%, 0, 0, 2, 36.71, 8652, 798, 0, 0
234, 0, 7, 275, 268, 70, 25.90%, 0, 0, 2, 36.30, 8839, 798, 0, 0
240, 0, 7, 276, 269, 70, 25.90%, 0, 0, 2, 36.89, 9041, 798, 0, 0
245, 0, 7, 276, 269, 70, 25.90%, 0, 0, 2, 36.47, 9220, 798, 0, 0
250, 0, 7, 277, 270, 70, 25.93%, 0, 0, 2, 35.90, 9398, 799, 0, 0
255, 0, 7, 277, 270, 70, 25.93%, 0, 0, 2, 35.41, 9584, 799, 0, 0
261, 0, 7, 278, 271, 70, 25.97%, 0, 0, 2, 34.95, 9767, 800, 0, 0
266, 0, 7, 278, 271, 70, 25.97%, 0, 0, 2, 36.52, 9962, 800, 0, 0
271, 0, 7, 278, 271, 70, 25.97%, 0, 0, 2, 35.92, 10147, 800, 0, 0
276, 0, 7, 278, 271, 70, 25.97%, 0, 0, 2, 36.62, 10334, 800, 0, 0
281, 0, 7, 279, 272, 70, 25.97%, 0, 0, 2, 36.22, 10523, 800, 0, 0
284, 0, 8, 279, 272, 70, 25.97%, 0, 0, 2, 37.14, 10642, 800, 0, 0
284, 0, 8, 279, 272, 70, 25.97%, 0, 0, 2, 0.00, 10642, 800, 0, 0
284, 0, 8, 279, 272, 70, 25.97%, 0, 0, 2, 0.00, 10642, 800, 0, 0
284, 0, 8, 279, 272, 70, 25.97%, 0, 0, 2, 0.00, 10642, 800, 0, 0
