# relative_time, cycles_done, cur_item, corpus_count, pending_total, pending_favs, map_size, saved_crashes, saved_hangs, max_depth, execs_per_sec, total_execs, edges_found, total_crashes, servers_count
62, 0, 2, 211, 207, 50, 23.99%, 0, 0, 2, 37.41, 2619, 739, 0, 0
67, 0, 2, 215, 211, 50, 24.02%, 0, 0, 2, 36.57, 2794, 740, 0, 0
72, 0, 2, 218, 214, 50, 24.02%, 0, 0, 2, 38.06, 2984, 740, 0, 0
77, 0, 2, 222, 218, 50, 24.08%, 0, 0, 2, 38.67, 3180, 742, 0, 0
82, 0, 2, 224, 220, 50, 24.08%, 0, 0, 2, 37.58, 3367, 742, 0, 0
87, 0, 2, 225, 221, 50, 24.08%, 0, 0, 2, 37.28, 3547, 742, 0, 0
93, 0, 2, 225, 221, 50, 24.08%, 0, 0, 2, 38.30, 3748, 742, 0, 0
98, 0, 2, 227, 223, 50, 24.08%, 0, 0, 2, 36.56, 3919, 742, 0, 0
103, 0, 2, 228, 224, 50, 24.08%, 0, 0, 2, 38.53, 4114, 742, 0, 0
108, 0, 2, 230, 226, 50, 24.12%, 0, 0, 2, 39.21, 4316, 743, 0, 0
113, 0, 2, 230, 226, 50, 24.12%, 0, 0, 2, 38.66, 4502, 743, 0, 0
118, 0, 2, 230, 226, 50, 24.12%, 0, 0, 2, 37.12, 4691, 743, 0, 0
123, 0, 2, 232, 228, 50, 24.12%, 0, 0, 2, 37.88, 4888, 743, 0, 0
128, 0, 2, 233, 229, 50, 24.12%, 0, 0, 2, 38.64, 5081, 743, 0, 0
133, 0, 2, 233, 229, 50, 24.12%, 0, 0, 2, 37.79, 5273, 743, 0, 0
138, 0, 2, 234, 230, 50, 24.12%, 0, 0, 2, 36.10, 5463, 743, 0, 0
143, 0, 2, 234, 230, 50, 24.12%, 0, 0, 2, 36.87, 5648, 743, 0, 0
148, 0, 2, 234, 230, 50, 24.12%, 0, 0, 2, 38.68, 5849, 743, 0, 0
154, 0, 2, 235, 231, 50, 24.12%, 0, 0, 2, 37.36, 6040, 743, 0, 0
159, 0, 2, 237, 233, 50, 24.12%, 0, 0, 2, 37.68, 6231, 743, 0, 0
164, 0, 2, 240, 236, 50, 24.12%, 0, 0, 2, 38.44, 6424, 743, 0, 0
169, 0, 2, 242, 238, 50, 24.12%, 0, 0, 2, 36.52, 6603, 743, 0, 0
174, 0, 2, 243, 239, 50, 24.12%, 0, 0, 2, 40.38, 6819, 743, 0, 0
179, 0, 2, 244, 240, 50, 24.12%, 0, 0, 2, 38.62, 7012, 743, 0, 0
184, 0, 2, 245, 241, 50, 24.12%, 0, 0, 2, 37.90, 7201, 743, 0, 0
190, 0, 2, 246, 242, 50, 24.12%, 0, 0, 2, 35.69, 7373, 743, 0, 0
195, 0, 2, 248, 244, 50, 24.12%, 0, 0, 2, 36.33, 7549, 743, 0, 0
200, 0, 2, 248, 244, 50, 24.12%, 0, 0, 2, 37.40, 7743, 743, 0, 0
205, 0, 2, 249, 245, 50, 24.15%, 0, 0, 2, 37.89, 7936, 744, 0, 0
210, 0, 2, 250, 246, 50, 24.15%, 0, 0, 2, 37.32, 8131, 744, 0, 0
213, 0, 3, 251, 247, 50, 24.15%, 0, 0, 2, 38.24, 8238, 744, 0, 0
