# relative_time, cycles_done, cur_item, corpus_count, pending_total, pending_favs, map_size, saved_crashes, saved_hangs, max_depth, execs_per_sec, total_execs, edges_found, total_crashes, servers_count
60, 0, 7, 196, 46, 7, 4.42%, 0, 0, 2, 89.63, 6760, 154, 0, 0
66, 0, 7, 196, 46, 7, 4.42%, 0, 0, 2, 90.12, 7225, 154, 0, 0
71, 0, 7, 196, 46, 7, 4.42%, 0, 0, 2, 90.10, 7692, 154, 0, 0
76, 0, 7, 196, 46, 7, 4.42%, 0, 0, 2, 90.01, 8157, 154, 0, 0
81, 0, 7, 196, 46, 7, 4.42%, 0, 0, 2, 90.25, 8626, 154, 0, 0
86, 0, 7, 197, 47, 7, 4.45%, 0, 0, 2, 90.20, 9079, 155, 0, 0
91, 0, 7, 197, 47, 7, 4.45%, 0, 0, 2, 90.26, 9546, 155, 0, 0
96, 0, 7, 197, 47, 7, 4.45%, 0, 0, 2, 90.38, 10016, 155, 0, 0
102, 0, 7, 197, 47, 7, 4.45%, 0, 0, 2, 90.31, 10485, 155, 0, 0
107, 0, 7, 197, 47, 7, 4.45%, 0, 0, 2, 90.15, 10950, 155, 0, 0
112, 0, 7, 197, 47, 7, 4.45%, 0, 0, 2, 90.06, 11412, 155, 0, 0
117, 0, 7, 197, 47, 7, 4.45%, 0, 0, 2, 89.85, 11871, 155, 0, 0
122, 0, 7, 197, 47, 7, 4.45%, 0, 0, 2, 90.06, 12332, 155, 0, 0
127, 0, 7, 197, 47, 7, 4.45%, 0, 0, 2, 90.03, 12793, 155, 0, 0
132, 0, 7, 197, 47, 7, 4.45%, 0, 0, 2, 90.03, 13252, 155, 0, 0
138, 0, 7, 197, 47, 7, 4.45%, 0, 0, 2, 90.15, 13715, 155, 0, 0
143, 0, 7, 197, 47, 7, 4.45%, 0, 0, 2, 90.17, 14182, 155, 0, 0
148, 0, 7, 198, 48, 7, 4.48%, 0, 0, 2, 89.80, 14638, 156, 0, 0
153, 0, 7, 198, 48, 7, 4.48%, 0, 0, 2, 89.49, 15091, 156, 0, 0
158, 0, 7, 198, 48, 7, 4.48%, 0, 0, 2, 89.43, 15542, 156, 0, 0
163, 0, 7, 198, 48, 7, 4.48%, 0, 0, 2, 89.56, 15992, 156, 0, 0
168, 0, 7, 198, 48, 7, 4.48%, 0, 0, 2, 89.50, 16442, 156, 0, 0
173, 0, 7, 198, 48, 7, 4.48%, 0, 0, 2, 89.36, 16894, 156, 0, 0
178, 0, 7, 198, 48, 7, 4.48%, 0, 0, 2, 89.20, 17344, 156, 0, 0
183, 0, 7, 198, 48, 7, 4.48%, 0, 0, 2, 89.64, 17795, 156, 0, 0
188, 0, 8, 206, 56, 13, 4.65%, 0, 0, 2, 89.80, 18247, 162, 0, 0
193, 0, 8, 211, 61, 13, 4.77%, 0, 0, 2, 90.03, 18706, 166, 0, 0
198, 0, 8, 215, 65, 13, 4.91%, 0, 0, 2, 90.06, 19171, 171, 0, 0
203, 0, 8, 220, 70, 13, 5.11%, 0, 0, 2, 90.09, 19626, 178, 0, 0
208, 0, 8, 222, 72, 13, 5.14%, 0, 0, 2, 89.62, 20081, 179, 0, 0
214, 0, 8, 224, 74, 13, 5.23%, 0, 0, 2, 89.49, 20536, 182, 0, 0
219, 0, 8, 225, 75, 13, 5.26%, 0, 0, 2, 89.52, 20994, 183, 0, 0
224, 0, 8, 226, 76, 13, 5.26%, 0, 0, 2, 90.00, 21456, 183, 0, 0
229, 0, 8, 226, 76, 13, 5.26%, 0, 0, 2, 90.45, 21910, 183, 0, 0
234, 0, 8, 227, 77, 13, 5.26%, 0, 0, 2, 90.07, 22375, 183, 0, 0
239, 0, 8, 229, 79, 13, 5.29%, 0, 0, 2, 89.56, 22830, 184, 0, 0
244, 0, 8, 231, 81, 13, 5.34%, 0, 0, 2, 89.80, 23293, 186, 0, 0
249, 0, 8, 234, 84, 13, 5.43%, 0, 0, 2, 89.79, 23752, 189, 0, 0
255, 0, 8, 236, 86, 13, 5.46%, 0, 0, 2, 90.09, 24219, 190, 0, 0
260, 0, 8, 238, 88, 13, 5.49%, 0, 0, 2, 90.21, 24680, 191, 0, 0
265, 0, 8, 238, 88, 13, 5.49%, 0, 0, 2, 89.58, 25134, 191, 0, 0
270, 0, 8, 239, 89, 13, 5.49%, 0, 0, 2, 89.98, 25595, 191, 0, 0
275, 0, 8, 240, 90, 13, 5.52%, 0, 0, 2, 89.97, 26051, 192, 0, 0
280, 0, 8, 242, 92, 13, 5.52%, 0, 0, 2, 89.69, 26505, 192, 0, 0
285, 0, 8, 242, 92, 13, 5.52%, 0, 0, 2, 89.39, 26957, 192, 0, 0
290, 0, 8, 244, 94, 13, 5.54%, 0, 0, 2, 89.55, 27412, 193, 0, 0
295, 0, 8, 245, 95, 13, 5.54%, 0, 0, 2, 89.82, 27871, 193, 0, 0
300, 0, 8, 245, 95, 13, 5.54%, 0, 0, 2, 89.65, 28324, 193, 0, 0
305, 0, 8, 245, 95, 13, 5.54%, 0, 0, 2, 89.64, 28777, 193, 0, 0
310, 0, 8, 245, 95, 13, 5.54%, 0, 0, 2, 89.88, 29232, 193, 0, 0
315, 0, 8, 246, 96, 13, 5.57%, 0, 0, 2, 89.84, 29691, 194, 0, 0
321, 0, 8, 246, 96, 13, 5.57%, 0, 0, 2, 89.73, 30145, 194, 0, 0
326, 0, 8, 246, 96, 13, 5.57%, 0, 0, 2, 89.84, 30603, 194, 0, 0
331, 0, 8, 246, 96, 13, 5.57%, 0, 0, 2, 89.85, 31060, 194, 0, 0
336, 0, 8, 246, 96, 13, 5.57%, 0, 0, 2, 89.71, 31513, 194, 0, 0
341, 0, 8, 248, 98, 13, 5.60%, 0, 0, 2, 89.73, 31978, 195, 0, 0
346, 0, 8, 249, 99, 13, 5.60%, 0, 0, 2, 89.90, 32433, 195, 0, 0
351, 0, 8, 250, 100, 13, 5.60%, 0, 0, 2, 90.15, 32896, 195, 0, 0
356, 0, 8, 250, 100, 13, 5.60%, 0, 0, 2, 90.02, 33352, 195, 0, 0
361, 0, 8, 251, 101, 13, 5.60%, 0, 0, 2, 90.11, 33813, 195, 0, 0
366, 0, 8, 252, 102, 13, 5.60%, 0, 0, 2, 90.07, 34276, 195, 0, 0
372, 0, 11, 253, 103, 36, 5.60%, 0, 0, 2, 90.07, 34738, 195, 0, 0
377, 0, 11, 254, 104, 36, 5.60%, 0, 0, 2, 90.14, 35205, 195, 0, 0
382, 0, 11, 256, 106, 36, 5.60%, 0, 0, 2, 90.26, 35670, 195, 0, 0
387, 0, 11, 258, 108, 36, 5.63%, 0, 0, 2, 90.08, 36137, 196, 0, 0
392, 0, 11, 259, 109, 36, 5.63%, 0, 0, 2, 89.54, 36592, 196, 0, 0
397, 0, 11, 259, 109, 36, 5.63%, 0, 0, 2, 89.78, 37046, 196, 0, 0
402, 0, 11, 259, 109, 36, 5.63%, 0, 0, 2, 90.07, 37509, 196, 0, 0
408, 0, 11, 259, 109, 36, 5.63%, 0, 0, 2, 90.25, 37975, 196, 0, 0
413, 0, 11, 259, 109, 36, 5.63%, 0, 0, 2, 89.85, 38431, 196, 0, 0
418, 0, 11, 260, 110, 36, 5.63%, 0, 0, 2, 89.86, 38890, 196, 0, 0
423, 0, 11, 260, 110, 36, 5.63%, 0, 0, 2, 89.62, 39348, 196, 0, 0
428, 0, 11, 260, 110, 36, 5.63%, 0, 0, 2, 89.82, 39806, 196, 0, 0
433, 0, 11, 260, 110, 36, 5.63%, 0, 0, 2, 89.85, 40264, 196, 0, 0
438, 0, 11, 260, 110, 36, 5.63%, 0, 0, 2, 89.44, 40717, 196, 0, 0
443, 0, 11, 261, 111, 36, 5.63%, 0, 0, 2, 89.84, 41177, 196, 0, 0
448, 0, 11, 263, 113, 36, 5.63%, 0, 0, 2, 89.68, 41635, 196, 0, 0
454, 0, 11, 263, 113, 36, 5.63%, 0, 0, 2, 90.21, 42102, 196, 0, 0
459, 0, 11, 264, 114, 36, 5.63%, 0, 0, 2, 90.21, 42566, 196, 0, 0
464, 0, 11, 264, 114, 36, 5.63%, 0, 0, 2, 90.51, 43036, 196, 0, 0
469, 0, 11, 264, 114, 36, 5.63%, 0, 0, 2, 90.67, 43507, 196, 0, 0
474, 0, 11, 265, 115, 36, 5.63%, 0, 0, 2, 90.67, 43979, 196, 0, 0
479, 0, 11, 266, 116, 36, 5.66%, 0, 0, 2, 89.71, 44443, 197, 0, 0
485, 0, 11, 266, 116, 36, 5.66%, 0, 0, 2, 90.17, 44907, 197, 0, 0
490, 0, 11, 267, 117, 36, 5.66%, 0, 0, 2, 89.96, 45372, 197, 0, 0
495, 0, 11, 267, 117, 36, 5.66%, 0, 0, 2, 90.30, 45838, 197, 0, 0
500, 0, 11, 268, 118, 36, 5.66%, 0, 0, 2, 90.31, 46304, 197, 0, 0
505, 0, 11, 268, 118, 36, 5.66%, 0, 0, 2, 89.98, 46770, 197, 0, 0
510, 0, 11, 268, 118, 36, 5.66%, 0, 0, 2, 90.32, 47233, 197, 0, 0
516, 0, 11, 268, 118, 36, 5.66%, 0, 0, 2, 90.19, 47695, 197, 0, 0
521, 0, 11, 268, 118, 36, 5.66%, 0, 0, 2, 87.56, 48149, 197, 0, 0
526, 0, 11, 268, 118, 36, 5.66%, 0, 0, 2, 87.96, 48598, 197, 0, 0
531, 0, 11, 269, 119, 36, 5.66%, 0, 0, 2, 89.31, 49058, 197, 0, 0
536, 0, 11, 269, 119, 36, 5.66%, 0, 0, 2, 88.57, 49515, 197, 0, 0
541, 0, 11, 269, 119, 36, 5.66%, 0, 0, 2, 87.95, 49965, 197, 0, 0
546, 0, 11, 269, 119, 36, 5.66%, 0, 0, 2, 88.99, 50417, 197, 0, 0
551, 0, 11, 269, 119, 36, 5.66%, 0, 0, 2, 89.54, 50871, 197, 0, 0
556, 0, 12, 269, 119, 38, 5.66%, 0, 0, 2, 89.61, 51324, 197, 0, 0
561, 0, 12, 269, 119, 38, 5.66%, 0, 0, 2, 89.42, 51776, 197, 0, 0
567, 0, 12, 271, 121, 38, 5.66%, 0, 0, 2, 89.62, 52231, 197, 0, 0
572, 0, 12, 271, 121, 38, 5.66%, 0, 0, 2, 88.51, 52680, 197, 0, 0
577, 0, 12, 271, 121, 38, 5.66%, 0, 0, 2, 89.32, 53137, 197, 0, 0
582, 0, 12, 271, 121, 38, 5.66%, 0, 0, 2, 89.49, 53590, 197, 0, 0
587, 0, 12, 272, 122, 38, 5.66%, 0, 0, 2, 89.27, 54044, 197, 0, 0
592, 0, 12, 272, 122, 38, 5.66%, 0, 0, 2, 89.35, 54496, 197, 0, 0
597, 0, 12, 272, 122, 38, 5.66%, 0, 0, 2, 89.66, 54949, 197, 0, 0
602, 0, 12, 273, 123, 38, 5.66%, 0, 0, 2, 89.57, 55402, 197, 0, 0
607, 0, 12, 274, 124, 38, 5.66%, 0, 0, 2, 89.75, 55858, 197, 0, 0
612, 0, 12, 274, 124, 38, 5.66%, 0, 0, 2, 90.10, 56317, 197, 0, 0
617, 0, 12, 274, 124, 38, 5.66%, 0, 0, 2, 89.78, 56777, 197, 0, 0
622, 0, 12, 274, 124, 38, 5.66%, 0, 0, 2, 89.90, 57237, 197, 0, 0
628, 0, 12, 274, 124, 38, 5.66%, 0, 0, 2, 89.86, 57700, 197, 0, 0
633, 0, 12, 274, 124, 38, 5.66%, 0, 0, 2, 89.96, 58157, 197, 0, 0
638, 0, 12, 275, 125, 38, 5.66%, 0, 0, 2, 89.83, 58616, 197, 0, 0
643, 0, 12, 275, 125, 38, 5.66%, 0, 0, 2, 90.25, 59079, 197, 0, 0
648, 0, 12, 276, 126, 38, 5.66%, 0, 0, 2, 90.40, 59547, 197, 0, 0
653, 0, 12, 276, 126, 38, 5.66%, 0, 0, 2, 90.39, 60015, 197, 0, 0
658, 0, 12, 277, 127, 38, 5.66%, 0, 0, 2, 89.78, 60474, 197, 0, 0
663, 0, 12, 277, 127, 38, 5.66%, 0, 0, 2, 90.01, 60935, 197, 0, 0
669, 0, 12, 277, 127, 38, 5.66%, 0, 0, 2, 89.98, 61394, 197, 0, 0
674, 0, 12, 277, 127, 38, 5.66%, 0, 0, 2, 90.05, 61852, 197, 0, 0
679, 0, 12, 277, 127, 38, 5.66%, 0, 0, 2, 90.21, 62313, 197, 0, 0
684, 0, 12, 277, 127, 38, 5.66%, 0, 0, 2, 89.99, 62775, 197, 0, 0
689, 0, 12, 277, 127, 38, 5.66%, 0, 0, 2, 89.69, 63232, 197, 0, 0
694, 0, 12, 278, 128, 38, 5.66%, 0, 0, 2, 89.94, 63698, 197, 0, 0
699, 0, 12, 278, 128, 38, 5.66%, 0, 0, 2, 90.00, 64159, 197, 0, 0
704, 0, 12, 278, 128, 38, 5.66%, 0, 0, 2, 89.88, 64613, 197, 0, 0
709, 0, 12, 278, 128, 38, 5.66%, 0, 0, 2, 89.48, 65067, 197, 0, 0
715, 0, 12, 278, 128, 38, 5.66%, 0, 0, 2, 89.89, 65526, 197, 0, 0
720, 0, 12, 278, 128, 38, 5.66%, 0, 0, 2, 89.63, 65982, 197, 0, 0
725, 0, 12, 278, 128, 38, 5.66%, 0, 0, 2, 89.49, 66437, 197, 0, 0
730, 0, 12, 278, 128, 38, 5.66%, 0, 0, 2, 89.47, 66892, 197, 0, 0
735, 0, 12, 278, 128, 38, 5.66%, 0, 0, 2, 89.85, 67352, 197, 0, 0
740, 0, 20, 281, 131, 38, 5.66%, 0, 0, 2, 90.38, 67805, 197, 0, 0
745, 0, 20, 282, 132, 38, 5.69%, 0, 0, 2, 90.56, 68275, 198, 0, 0
750, 0, 20, 282, 132, 38, 5.69%, 0, 0, 2, 90.44, 68740, 198, 0, 0
755, 0, 20, 282, 132, 38, 5.69%, 0, 0, 2, 90.38, 69203, 198, 0, 0
761, 0, 20, 282, 132, 38, 5.69%, 0, 0, 2, 90.14, 69668, 198, 0, 0
766, 0, 20, 282, 132, 38, 5.69%, 0, 0, 2, 89.88, 70129, 198, 0, 0
771, 0, 20, 282, 132, 38, 5.69%, 0, 0, 2, 90.10, 70590, 198, 0, 0
776, 0, 20, 283, 133, 38, 5.69%, 0, 0, 2, 90.11, 71053, 198, 0, 0
781, 0, 20, 283, 133, 38, 5.69%, 0, 0, 2, 89.95, 71514, 198, 0, 0
786, 0, 20, 283, 133, 38, 5.69%, 0, 0, 2, 89.98, 71971, 198, 0, 0
791, 0, 20, 283, 133, 38, 5.69%, 0, 0, 2, 89.77, 72430, 198, 0, 0
796, 0, 20, 283, 133, 38, 5.69%, 0, 0, 2, 89.81, 72890, 198, 0, 0
802, 0, 20, 283, 133, 38, 5.69%, 0, 0, 2, 90.33, 73357, 198, 0, 0
807, 0, 20, 283, 133, 38, 5.69%, 0, 0, 2, 90.04, 73818, 198, 0, 0
812, 0, 20, 283, 133, 38, 5.69%, 0, 0, 2, 89.90, 74282, 198, 0, 0
817, 0, 20, 283, 133, 38, 5.69%, 0, 0, 2, 90.15, 74743, 198, 0, 0
822, 0, 20, 283, 133, 38, 5.69%, 0, 0, 2, 89.90, 75206, 198, 0, 0
827, 0, 20, 283, 133, 38, 5.69%, 0, 0, 2, 89.77, 75663, 198, 0, 0
832, 0, 20, 283, 133, 38, 5.69%, 0, 0, 2, 89.87, 76121, 198, 0, 0
837, 0, 20, 283, 133, 38, 5.69%, 0, 0, 2, 90.04, 76584, 198, 0, 0
843, 0, 20, 284, 134, 38, 5.69%, 0, 0, 2, 90.07, 77053, 198, 0, 0
848, 0, 20, 284, 134, 38, 5.69%, 0, 0, 2, 90.07, 77510, 198, 0, 0
853, 0, 20, 284, 134, 38, 5.69%, 0, 0, 2, 89.96, 77970, 198, 0, 0
858, 0, 20, 284, 134, 38, 5.69%, 0, 0, 2, 89.62, 78424, 198, 0, 0
863, 0, 20, 284, 134, 38, 5.69%, 0, 0, 2, 90.26, 78889, 198, 0, 0
868, 0, 20, 284, 134, 38, 5.69%, 0, 0, 2, 89.79, 79350, 198, 0, 0
873, 0, 20, 284, 134, 38, 5.69%, 0, 0, 2, 90.18, 79815, 198, 0, 0
878, 0, 20, 284, 134, 38, 5.69%, 0, 0, 2, 90.28, 80281, 198, 0, 0
884, 0, 20, 284, 134, 38, 5.69%, 0, 0, 2, 90.36, 80743, 198, 0, 0
889, 0, 20, 284, 134, 38, 5.69%, 0, 0, 2, 90.45, 81210, 198, 0, 0
894, 0, 20, 285, 135, 38, 5.69%, 0, 0, 2, 90.35, 81677, 198, 0, 0
899, 0, 20, 285, 135, 38, 5.69%, 0, 0, 2, 90.18, 82140, 198, 0, 0
904, 0, 20, 285, 135, 38, 5.69%, 0, 0, 2, 90.11, 82603, 198, 0, 0
909, 0, 20, 285, 135, 38, 5.69%, 0, 0, 2, 89.89, 83062, 198, 0, 0
914, 0, 20, 287, 137, 38, 5.69%, 0, 0, 2, 90.11, 83528, 198, 0, 0
920, 0, 20, 287, 137, 38, 5.69%, 0, 0, 2, 89.68, 83984, 198, 0, 0
925, 0, 117, 288, 138, 38, 5.69%, 0, 0, 2, 90.05, 84436, 198, 0, 0
930, 0, 117, 288, 138, 38, 5.69%, 0, 0, 2, 90.16, 84898, 198, 0, 0
935, 0, 117, 288, 138, 38, 5.69%, 0, 0, 2, 90.36, 85364, 198, 0, 0
940, 0, 117, 289, 139, 38, 5.69%, 0, 0, 2, 90.28, 85831, 198, 0, 0
945, 0, 117, 289, 139, 38, 5.69%, 0, 0, 2, 90.07, 86296, 198, 0, 0
950, 0, 117, 289, 139, 38, 5.69%, 0, 0, 2, 90.44, 86761, 198, 0, 0
956, 0, 117, 289, 139, 38, 5.69%, 0, 0, 2, 90.44, 87227, 198, 0, 0
961, 0, 117, 289, 139, 38, 5.69%, 0, 0, 2, 90.22, 87690, 198, 0, 0
966, 0, 117, 289, 139, 38, 5.69%, 0, 0, 2, 90.29, 88160, 198, 0, 0
971, 0, 117, 289, 139, 38, 5.69%, 0, 0, 2, 90.34, 88628, 198, 0, 0
976, 0, 117, 290, 140, 38, 5.69%, 0, 0, 2, 90.04, 89087, 198, 0, 0
981, 0, 117, 290, 140, 38, 5.69%, 0, 0, 2, 90.48, 89557, 198, 0, 0
986, 0, 117, 290, 140, 38, 5.69%, 0, 0, 2, 90.58, 90027, 198, 0, 0
992, 0, 117, 290, 140, 38, 5.69%, 0, 0, 2, 90.45, 90496, 198, 0, 0
997, 0, 117, 290, 140, 38, 5.69%, 0, 0, 2, 90.44, 90963, 198, 0, 0
1002, 0, 117, 290, 140, 38, 5.69%, 0, 0, 2, 90.54, 91432, 198, 0, 0
1007, 0, 117, 291, 141, 38, 5.69%, 0, 0, 2, 90.23, 91896, 198, 0, 0
1012, 0, 117, 291, 141, 38, 5.69%, 0, 0, 2, 90.27, 92360, 198, 0, 0
1017, 0, 117, 292, 142, 38, 5.69%, 0, 0, 2, 90.31, 92825, 198, 0, 0
1023, 0, 117, 292, 142, 38, 5.69%, 0, 0, 2, 89.61, 93283, 198, 0, 0
1028, 0, 117, 292, 142, 38, 5.69%, 0, 0, 2, 88.38, 93742, 198, 0, 0
1033, 0, 117, 292, 142, 38, 5.69%, 0, 0, 2, 86.70, 94187, 198, 0, 0
1038, 0, 117, 292, 142, 38, 5.69%, 0, 0, 2, 86.38, 94628, 198, 0, 0
1043, 0, 117, 292, 142, 38, 5.69%, 0, 0, 2, 86.91, 95075, 198, 0, 0
1048, 0, 117, 292, 142, 38, 5.69%, 0, 0, 2, 86.77, 95520, 198, 0, 0
1053, 0, 117, 293, 143, 38, 5.69%, 0, 0, 2, 85.50, 95960, 198, 0, 0
1059, 0, 117, 293, 143, 38, 5.69%, 0, 0, 2, 88.88, 96419, 198, 0, 0
1064, 0, 117, 293, 143, 38, 5.69%, 0, 0, 2, 89.85, 96880, 198, 0, 0
1069, 0, 117, 293, 143, 38, 5.69%, 0, 0, 2, 90.29, 97343, 198, 0, 0
1074, 0, 117, 293, 143, 38, 5.69%, 0, 0, 2, 90.60, 97812, 198, 0, 0
1079, 0, 117, 293, 143, 38, 5.69%, 0, 0, 2, 90.74, 98283, 198, 0, 0
1084, 0, 117, 293, 143, 38, 5.69%, 0, 0, 2, 90.65, 98750, 198, 0, 0
1090, 0, 117, 293, 143, 38, 5.69%, 0, 0, 2, 90.95, 99222, 198, 0, 0
1095, 0, 117, 293, 143, 38, 5.69%, 0, 0, 2, 90.68, 99691, 198, 0, 0
1100, 0, 117, 293, 143, 38, 5.69%, 0, 0, 2, 90.66, 100158, 198, 0, 0
1105, 0, 135, 293, 143, 38, 5.69%, 0, 0, 2, 90.31, 100627, 198, 0, 0
1110, 0, 135, 294, 144, 38, 5.69%, 0, 0, 2, 90.02, 101084, 198, 0, 0
1115, 0, 135, 294, 144, 38, 5.69%, 0, 0, 2, 89.94, 101541, 198, 0, 0
1120, 0, 135, 294, 144, 38, 5.69%, 0, 0, 2, 89.98, 101999, 198, 0, 0
1125, 0, 135, 294, 144, 38, 5.69%, 0, 0, 2, 89.67, 102457, 198, 0, 0
1131, 0, 135, 294, 144, 38, 5.69%, 0, 0, 2, 89.79, 102916, 198, 0, 0
1136, 0, 135, 294, 144, 38, 5.69%, 0, 0, 2, 90.06, 103373, 198, 0, 0
1141, 0, 135, 294, 144, 38, 5.69%, 0, 0, 2, 89.57, 103826, 198, 0, 0
1146, 0, 135, 294, 144, 38, 5.69%, 0, 0, 2, 89.47, 104278, 198, 0, 0
1151, 0, 135, 294, 144, 38, 5.69%, 0, 0, 2, 88.92, 104730, 198, 0, 0
1156, 0, 135, 294, 144, 38, 5.69%, 0, 0, 2, 88.44, 105179, 198, 0, 0
1161, 0, 135, 294, 144, 38, 5.69%, 0, 0, 2, 88.45, 105628, 198, 0, 0
1166, 0, 135, 294, 144, 38, 5.69%, 0, 0, 2, 88.51, 106078, 198, 0, 0
1171, 0, 135, 294, 144, 38, 5.69%, 0, 0, 2, 88.32, 106528, 198, 0, 0
1176, 0, 135, 294, 144, 38, 5.69%, 0, 0, 2, 88.43, 106978, 198, 0, 0
1181, 0, 135, 294, 144, 38, 5.69%, 0, 0, 2, 88.23, 107428, 198, 0, 0
1186, 0, 135, 294, 144, 38, 5.69%, 0, 0, 2, 87.94, 107877, 198, 0, 0
1192, 0, 135, 294, 144, 38, 5.69%, 0, 0, 2, 88.12, 108327, 198, 0, 0
1197, 0, 135, 294, 144, 38, 5.69%, 0, 0, 2, 88.32, 108776, 198, 0, 0
1202, 0, 135, 294, 144, 38, 5.69%, 0, 0, 2, 88.25, 109225, 198, 0, 0
1207, 0, 135, 294, 144, 38, 5.69%, 0, 0, 2, 88.79, 109675, 198, 0, 0
1212, 0, 135, 294, 144, 38, 5.69%, 0, 0, 2, 89.42, 110128, 198, 0, 0
1217, 0, 135, 294, 144, 38, 5.69%, 0, 0, 2, 89.76, 110585, 198, 0, 0
1222, 0, 135, 294, 144, 38, 5.69%, 0, 0, 2, 89.88, 111042, 198, 0, 0
1227, 0, 135, 294, 144, 38, 5.69%, 0, 0, 2, 89.55, 111496, 198, 0, 0
1232, 0, 135, 294, 144, 38, 5.69%, 0, 0, 2, 89.50, 111947, 198, 0, 0
1237, 0, 135, 294, 144, 38, 5.69%, 0, 0, 2, 89.56, 112401, 198, 0, 0
1242, 0, 135, 294, 144, 38, 5.69%, 0, 0, 2, 88.94, 112851, 198, 0, 0
1247, 0, 135, 294, 144, 38, 5.69%, 0, 0, 2, 88.84, 113300, 198, 0, 0
1252, 0, 135, 294, 144, 38, 5.69%, 0, 0, 2, 89.35, 113753, 198, 0, 0
1257, 0, 135, 294, 144, 38, 5.69%, 0, 0, 2, 89.47, 114211, 198, 0, 0
1263, 0, 135, 294, 144, 38, 5.69%, 0, 0, 2, 89.78, 114668, 198, 0, 0
1268, 0, 135, 294, 144, 38, 5.69%, 0, 0, 2, 89.14, 115118, 198, 0, 0
1273, 0, 135, 294, 144, 38, 5.69%, 0, 0, 2, 88.60, 115567, 198, 0, 0
1278, 0, 135, 294, 144, 38, 5.69%, 0, 0, 2, 88.57, 116017, 198, 0, 0
1283, 0, 135, 294, 144, 38, 5.69%, 0, 0, 2, 87.08, 116464, 198, 0, 0
1288, 0, 135, 294, 144, 38, 5.69%, 0, 0, 2, 89.17, 116923, 198, 0, 0
1293, 0, 142, 337, 187, 38, 5.72%, 0, 0, 2, 89.27, 117372, 199, 0, 0
1298, 0, 142, 393, 243, 38, 5.75%, 0, 0, 2, 88.69, 117824, 200, 0, 0
1303, 0, 186, 403, 253, 35, 5.75%, 0, 0, 2, 89.56, 118279, 200, 0, 0
1308, 0, 186, 403, 253, 35, 5.75%, 0, 0, 2, 89.46, 118729, 200, 0, 0
1313, 0, 186, 403, 253, 35, 5.75%, 0, 0, 2, 89.55, 119179, 200, 0, 0
1318, 0, 186, 403, 253, 35, 5.75%, 0, 0, 2, 89.49, 119629, 200, 0, 0
1323, 0, 186, 403, 253, 35, 5.75%, 0, 0, 2, 89.57, 120081, 200, 0, 0
1328, 0, 186, 403, 253, 35, 5.75%, 0, 0, 2, 89.41, 120531, 200, 0, 0
1334, 0, 186, 403, 253, 35, 5.75%, 0, 0, 2, 89.87, 120988, 200, 0, 0
1339, 0, 186, 403, 253, 35, 5.75%, 0, 0, 2, 88.92, 121438, 200, 0, 0
1344, 0, 186, 403, 253, 35, 5.75%, 0, 0, 2, 89.28, 121888, 200, 0, 0
1349, 0, 186, 403, 253, 35, 5.75%, 0, 0, 2, 89.22, 122337, 200, 0, 0
1354, 0, 186, 403, 253, 35, 5.75%, 0, 0, 2, 89.60, 122787, 200, 0, 0
1359, 0, 186, 403, 253, 35, 5.75%, 0, 0, 2, 89.71, 123239, 200, 0, 0
1364, 0, 186, 403, 253, 35, 5.75%, 0, 0, 2, 89.49, 123692, 200, 0, 0
1369, 0, 186, 403, 253, 35, 5.75%, 0, 0, 2, 88.98, 124142, 200, 0, 0
1374, 0, 186, 403, 253, 35, 5.75%, 0, 0, 2, 89.23, 124592, 200, 0, 0
1379, 0, 186, 403, 253, 35, 5.75%, 0, 0, 2, 89.11, 125042, 200, 0, 0
1384, 0, 186, 403, 253, 35, 5.75%, 0, 0, 2, 89.45, 125492, 200, 0, 0
1389, 0, 186, 403, 253, 35, 5.75%, 0, 0, 2, 89.22, 125943, 200, 0, 0
1394, 0, 189, 403, 253, 35, 5.75%, 0, 0, 2, 89.75, 126394, 200, 0, 0
1399, 0, 189, 403, 253, 35, 5.75%, 0, 0, 2, 89.40, 126845, 200, 0, 0
1404, 0, 189, 403, 253, 35, 5.75%, 0, 0, 2, 88.87, 127295, 200, 0, 0
1409, 0, 189, 403, 253, 35, 5.75%, 0, 0, 2, 88.62, 127745, 200, 0, 0
1414, 0, 189, 403, 253, 35, 5.75%, 0, 0, 2, 88.25, 128194, 200, 0, 0
1420, 0, 189, 403, 253, 35, 5.75%, 0, 0, 2, 88.36, 128644, 200, 0, 0
1425, 0, 189, 403, 253, 35, 5.75%, 0, 0, 2, 88.37, 129093, 200, 0, 0
1430, 0, 189, 403, 253, 35, 5.75%, 0, 0, 2, 88.40, 129543, 200, 0, 0
1435, 0, 189, 403, 253, 35, 5.75%, 0, 0, 2, 88.49, 129993, 200, 0, 0
1440, 0, 189, 403, 253, 35, 5.75%, 0, 0, 2, 88.88, 130443, 200, 0, 0
1445, 0, 189, 403, 253, 35, 5.75%, 0, 0, 2, 88.97, 130894, 200, 0, 0
1450, 0, 189, 403, 253, 35, 5.75%, 0, 0, 2, 89.39, 131346, 200, 0, 0
1455, 0, 189, 403, 253, 35, 5.75%, 0, 0, 2, 89.73, 131799, 200, 0, 0
1460, 0, 189, 403, 253, 35, 5.75%, 0, 0, 2, 89.82, 132254, 200, 0, 0
1465, 0, 189, 403, 253, 35, 5.75%, 0, 0, 2, 89.83, 132709, 200, 0, 0
1470, 0, 189, 403, 253, 35, 5.75%, 0, 0, 2, 90.07, 133171, 200, 0, 0
1475, 0, 189, 403, 253, 35, 5.75%, 0, 0, 2, 89.63, 133621, 200, 0, 0
1480, 0, 189, 403, 253, 35, 5.75%, 0, 0, 2, 89.65, 134073, 200, 0, 0
1485, 0, 193, 403, 253, 35, 5.75%, 0, 0, 2, 89.06, 134523, 200, 0, 0
1490, 0, 193, 403, 253, 35, 5.75%, 0, 0, 2, 89.12, 134973, 200, 0, 0
1495, 0, 193, 403, 253, 35, 5.75%, 0, 0, 2, 89.26, 135423, 200, 0, 0
1501, 0, 193, 403, 253, 35, 5.75%, 0, 0, 2, 89.40, 135874, 200, 0, 0
1506, 0, 193, 403, 253, 35, 5.75%, 0, 0, 2, 89.62, 136326, 200, 0, 0
1511, 0, 193, 403, 253, 35, 5.75%, 0, 0, 2, 89.15, 136777, 200, 0, 0
1516, 0, 193, 403, 253, 35, 5.75%, 0, 0, 2, 89.17, 137227, 200, 0, 0
1521, 0, 193, 403, 253, 35, 5.75%, 0, 0, 2, 88.99, 137677, 200, 0, 0
1526, 0, 193, 403, 253, 35, 5.75%, 0, 0, 2, 88.93, 138128, 200, 0, 0
1531, 0, 193, 403, 253, 35, 5.75%, 0, 0, 2, 88.73, 138578, 200, 0, 0
1536, 0, 193, 403, 253, 35, 5.75%, 0, 0, 2, 88.96, 139028, 200, 0, 0
1541, 0, 193, 403, 253, 35, 5.75%, 0, 0, 2, 88.76, 139476, 200, 0, 0
1546, 0, 193, 403, 253, 35, 5.75%, 0, 0, 2, 89.10, 139926, 200, 0, 0
1551, 0, 193, 403, 253, 35, 5.75%, 0, 0, 2, 88.86, 140376, 200, 0, 0
1556, 0, 193, 403, 253, 35, 5.75%, 0, 0, 2, 88.83, 140826, 200, 0, 0
1561, 0, 193, 403, 253, 35, 5.75%, 0, 0, 2, 88.69, 141276, 200, 0, 0
1566, 0, 193, 403, 253, 35, 5.75%, 0, 0, 2, 89.15, 141726, 200, 0, 0
1571, 0, 193, 403, 253, 35, 5.75%, 0, 0, 2, 89.30, 142177, 200, 0, 0
1576, 0, 194, 403, 253, 35, 5.75%, 0, 0, 2, 89.28, 142627, 200, 0, 0
1581, 0, 194, 403, 253, 35, 5.75%, 0, 0, 2, 88.93, 143077, 200, 0, 0
1586, 0, 194, 403, 253, 35, 5.75%, 0, 0, 2, 89.05, 143527, 200, 0, 0
1592, 0, 194, 403, 253, 35, 5.75%, 0, 0, 2, 89.44, 143978, 200, 0, 0
1597, 0, 194, 403, 253, 35, 5.75%, 0, 0, 2, 89.12, 144428, 200, 0, 0
1602, 0, 194, 403, 253, 35, 5.75%, 0, 0, 2, 88.97, 144877, 200, 0, 0
1607, 0, 194, 403, 253, 35, 5.75%, 0, 0, 2, 89.07, 145327, 200, 0, 0
1612, 0, 194, 403, 253, 35, 5.75%, 0, 0, 2, 88.84, 145777, 200, 0, 0
1617, 0, 194, 403, 253, 35, 5.75%, 0, 0, 2, 88.61, 146227, 200, 0, 0
1622, 0, 194, 403, 253, 35, 5.75%, 0, 0, 2, 88.80, 146677, 200, 0, 0
1627, 0, 194, 403, 253, 35, 5.75%, 0, 0, 2, 89.27, 147127, 200, 0, 0
1632, 0, 194, 403, 253, 35, 5.75%, 0, 0, 2, 89.62, 147578, 200, 0, 0
1637, 0, 194, 403, 253, 35, 5.75%, 0, 0, 2, 89.60, 148028, 200, 0, 0
1642, 0, 194, 403, 253, 35, 5.75%, 0, 0, 2, 89.17, 148479, 200, 0, 0
1647, 0, 194, 403, 253, 35, 5.75%, 0, 0, 2, 88.76, 148929, 200, 0, 0
1652, 0, 194, 403, 253, 35, 5.75%, 0, 0, 2, 88.66, 149378, 200, 0, 0
1657, 0, 194, 403, 253, 35, 5.75%, 0, 0, 2, 88.77, 149828, 200, 0, 0
1662, 0, 194, 403, 253, 35, 5.75%, 0, 0, 2, 88.69, 150278, 200, 0, 0
1667, 0, 195, 403, 253, 35, 5.75%, 0, 0, 2, 88.63, 150727, 200, 0, 0
1672, 0, 195, 403, 253, 35, 5.75%, 0, 0, 2, 88.82, 151176, 200, 0, 0
1677, 0, 195, 403, 253, 35, 5.75%, 0, 0, 2, 89.35, 151626, 200, 0, 0
1682, 0, 195, 403, 253, 35, 5.75%, 0, 0, 2, 89.80, 152078, 200, 0, 0
1688, 0, 195, 403, 253, 35, 5.75%, 0, 0, 2, 89.73, 152531, 200, 0, 0
1693, 0, 195, 403, 253, 35, 5.75%, 0, 0, 2, 88.94, 152982, 200, 0, 0
1698, 0, 195, 403, 253, 35, 5.75%, 0, 0, 2, 88.34, 153431, 200, 0, 0
1703, 0, 195, 403, 253, 35, 5.75%, 0, 0, 2, 88.22, 153881, 200, 0, 0
1708, 0, 195, 403, 253, 35, 5.75%, 0, 0, 2, 87.78, 154331, 200, 0, 0
1713, 0, 195, 403, 253, 35, 5.75%, 0, 0, 2, 86.55, 154776, 200, 0, 0
1718, 0, 195, 403, 253, 35, 5.75%, 0, 0, 2, 87.15, 155224, 200, 0, 0
1723, 0, 195, 403, 253, 35, 5.75%, 0, 0, 2, 87.44, 155672, 200, 0, 0
1728, 0, 195, 403, 253, 35, 5.75%, 0, 0, 2, 87.59, 156122, 200, 0, 0
1734, 0, 195, 403, 253, 35, 5.75%, 0, 0, 2, 87.79, 156572, 200, 0, 0
1739, 0, 195, 403, 253, 35, 5.75%, 0, 0, 2, 87.70, 157022, 200, 0, 0
1744, 0, 195, 403, 253, 35, 5.75%, 0, 0, 2, 87.74, 157472, 200, 0, 0
1749, 0, 195, 403, 253, 35, 5.75%, 0, 0, 2, 88.34, 157922, 200, 0, 0
1754, 0, 195, 403, 253, 35, 5.75%, 0, 0, 2, 88.60, 158372, 200, 0, 0
1759, 0, 195, 403, 253, 35, 5.75%, 0, 0, 2, 87.68, 158820, 200, 0, 0
1764, 0, 196, 403, 253, 35, 5.75%, 0, 0, 2, 87.45, 159268, 200, 0, 0
1769, 0, 196, 403, 253, 35, 5.75%, 0, 0, 2, 88.04, 159718, 200, 0, 0
1774, 0, 196, 403, 253, 35, 5.75%, 0, 0, 2, 88.39, 160168, 200, 0, 0
1780, 0, 196, 403, 253, 35, 5.75%, 0, 0, 2, 86.98, 160614, 200, 0, 0
1785, 0, 196, 403, 253, 35, 5.75%, 0, 0, 2, 86.76, 161064, 200, 0, 0
1790, 0, 196, 403, 253, 35, 5.75%, 0, 0, 2, 86.38, 161510, 200, 0, 0
1795, 0, 196, 403, 253, 35, 5.75%, 0, 0, 2, 88.01, 161959, 200, 0, 0
1800, 0, 196, 403, 253, 35, 5.75%, 0, 0, 2, 87.97, 162408, 200, 0, 0
1805, 0, 196, 403, 253, 35, 5.75%, 0, 0, 2, 88.34, 162858, 200, 0, 0
1810, 0, 196, 403, 253, 35, 5.75%, 0, 0, 2, 87.80, 163306, 200, 0, 0
1815, 0, 196, 403, 253, 35, 5.75%, 0, 0, 2, 88.47, 163756, 200, 0, 0
1820, 0, 196, 403, 253, 35, 5.75%, 0, 0, 2, 88.24, 164206, 200, 0, 0
1826, 0, 196, 403, 253, 35, 5.75%, 0, 0, 2, 87.91, 164655, 200, 0, 0
1831, 0, 196, 403, 253, 35, 5.75%, 0, 0, 2, 87.69, 165104, 200, 0, 0
1836, 0, 196, 403, 253, 35, 5.75%, 0, 0, 2, 88.16, 165553, 200, 0, 0
1841, 0, 196, 403, 253, 35, 5.75%, 0, 0, 2, 88.51, 166003, 200, 0, 0
1846, 0, 196, 403, 253, 35, 5.75%, 0, 0, 2, 88.58, 166453, 200, 0, 0
1851, 0, 196, 403, 253, 35, 5.75%, 0, 0, 2, 88.52, 166903, 200, 0, 0
1856, 0, 198, 403, 253, 35, 5.75%, 0, 0, 2, 88.03, 167353, 200, 0, 0
1861, 0, 198, 403, 253, 35, 5.75%, 0, 0, 2, 87.59, 167802, 200, 0, 0
1866, 0, 198, 403, 253, 35, 5.75%, 0, 0, 2, 87.93, 168252, 200, 0, 0
1871, 0, 198, 403, 253, 35, 5.75%, 0, 0, 2, 88.31, 168702, 200, 0, 0
1877, 0, 198, 403, 253, 35, 5.75%, 0, 0, 2, 88.61, 169151, 200, 0, 0
1882, 0, 198, 403, 253, 35, 5.75%, 0, 0, 2, 88.78, 169601, 200, 0, 0
1887, 0, 198, 403, 253, 35, 5.75%, 0, 0, 2, 86.00, 170040, 200, 0, 0
1892, 0, 198, 403, 253, 35, 5.75%, 0, 0, 2, 84.91, 170471, 200, 0, 0
1897, 0, 198, 403, 253, 35, 5.75%, 0, 0, 2, 87.52, 170920, 200, 0, 0
1902, 0, 198, 403, 253, 35, 5.75%, 0, 0, 2, 88.09, 171370, 200, 0, 0
1907, 0, 198, 403, 253, 35, 5.75%, 0, 0, 2, 88.37, 171819, 200, 0, 0
1912, 0, 198, 403, 253, 35, 5.75%, 0, 0, 2, 88.03, 172268, 200, 0, 0
1917, 0, 198, 403, 253, 35, 5.75%, 0, 0, 2, 88.11, 172718, 200, 0, 0
1922, 0, 198, 403, 253, 35, 5.75%, 0, 0, 2, 88.17, 173168, 200, 0, 0
1927, 0, 198, 403, 253, 35, 5.75%, 0, 0, 2, 87.97, 173617, 200, 0, 0
1933, 0, 198, 403, 253, 35, 5.75%, 0, 0, 2, 87.95, 174067, 200, 0, 0
1938, 0, 198, 403, 253, 35, 5.75%, 0, 0, 2, 87.86, 174517, 200, 0, 0
1943, 0, 198, 403, 253, 35, 5.75%, 0, 0, 2, 87.83, 174967, 200, 0, 0
1948, 0, 199, 403, 253, 35, 5.75%, 0, 0, 2, 87.93, 175416, 200, 0, 0
1953, 0, 199, 403, 253, 35, 5.75%, 0, 0, 2, 88.57, 175866, 200, 0, 0
1958, 0, 199, 403, 253, 35, 5.75%, 0, 0, 2, 88.60, 176316, 200, 0, 0
1963, 0, 199, 403, 253, 35, 5.75%, 0, 0, 2, 88.55, 176766, 200, 0, 0
1968, 0, 199, 403, 253, 35, 5.75%, 0, 0, 2, 88.67, 177215, 200, 0, 0
1973, 0, 199, 403, 253, 35, 5.75%, 0, 0, 2, 88.71, 177665, 200, 0, 0
1978, 0, 199, 403, 253, 35, 5.75%, 0, 0, 2, 88.82, 178114, 200, 0, 0
1983, 0, 199, 403, 253, 35, 5.75%, 0, 0, 2, 88.78, 178564, 200, 0, 0
1989, 0, 199, 403, 253, 35, 5.75%, 0, 0, 2, 89.07, 179014, 200, 0, 0
1994, 0, 199, 403, 253, 35, 5.75%, 0, 0, 2, 88.84, 179464, 200, 0, 0
1999, 0, 199, 403, 253, 35, 5.75%, 0, 0, 2, 88.86, 179914, 200, 0, 0
2004, 0, 199, 403, 253, 35, 5.75%, 0, 0, 2, 88.52, 180364, 200, 0, 0
2009, 0, 199, 403, 253, 35, 5.75%, 0, 0, 2, 88.23, 180812, 200, 0, 0
2014, 0, 199, 403, 253, 35, 5.75%, 0, 0, 2, 88.58, 181262, 200, 0, 0
2019, 0, 199, 403, 253, 35, 5.75%, 0, 0, 2, 88.47, 181711, 200, 0, 0
2024, 0, 199, 403, 253, 35, 5.75%, 0, 0, 2, 88.58, 182160, 200, 0, 0
2029, 0, 199, 403, 253, 35, 5.75%, 0, 0, 2, 88.71, 182610, 200, 0, 0
2034, 0, 199, 403, 253, 35, 5.75%, 0, 0, 2, 88.90, 183060, 200, 0, 0
2039, 0, 205, 403, 253, 35, 5.75%, 0, 0, 2, 87.78, 183509, 200, 0, 0
2044, 0, 205, 403, 253, 35, 5.75%, 0, 0, 2, 88.89, 183962, 200, 0, 0
2049, 0, 205, 403, 253, 35, 5.75%, 0, 0, 2, 88.98, 184413, 200, 0, 0
2055, 0, 205, 403, 253, 35, 5.75%, 0, 0, 2, 89.38, 184865, 200, 0, 0
2060, 0, 205, 403, 253, 35, 5.75%, 0, 0, 2, 89.22, 185315, 200, 0, 0
2065, 0, 205, 403, 253, 35, 5.75%, 0, 0, 2, 87.89, 185765, 200, 0, 0
2070, 0, 205, 403, 253, 35, 5.75%, 0, 0, 2, 88.91, 186215, 200, 0, 0
2075, 0, 205, 403, 253, 35, 5.75%, 0, 0, 2, 88.98, 186666, 200, 0, 0
2080, 0, 205, 403, 253, 35, 5.75%, 0, 0, 2, 89.00, 187118, 200, 0, 0
2085, 0, 205, 403, 253, 35, 5.75%, 0, 0, 2, 89.42, 187570, 200, 0, 0
2090, 0, 205, 403, 253, 35, 5.75%, 0, 0, 2, 89.52, 188022, 200, 0, 0
2095, 0, 205, 403, 253, 35, 5.75%, 0, 0, 2, 88.71, 188469, 200, 0, 0
2100, 0, 205, 403, 253, 35, 5.75%, 0, 0, 2, 89.01, 188920, 200, 0, 0
2105, 0, 205, 403, 253, 35, 5.75%, 0, 0, 2, 89.33, 189373, 200, 0, 0
2110, 0, 205, 403, 253, 35, 5.75%, 0, 0, 2, 89.56, 189827, 200, 0, 0
2115, 0, 205, 403, 253, 35, 5.75%, 0, 0, 2, 89.39, 190282, 200, 0, 0
2120, 0, 205, 403, 253, 35, 5.75%, 0, 0, 2, 89.30, 190733, 200, 0, 0
2126, 0, 205, 403, 253, 35, 5.75%, 0, 0, 2, 89.14, 191184, 200, 0, 0
2131, 0, 211, 403, 253, 35, 5.75%, 0, 0, 2, 89.23, 191634, 200, 0, 0
2136, 0, 211, 403, 253, 35, 5.75%, 0, 0, 2, 89.40, 192084, 200, 0, 0
2141, 0, 211, 403, 253, 35, 5.75%, 0, 0, 2, 89.31, 192534, 200, 0, 0
2146, 0, 211, 403, 253, 35, 5.75%, 0, 0, 2, 88.94, 192984, 200, 0, 0
2151, 0, 211, 403, 253, 35, 5.75%, 0, 0, 2, 89.05, 193434, 200, 0, 0
2156, 0, 211, 403, 253, 35, 5.75%, 0, 0, 2, 88.48, 193883, 200, 0, 0
2161, 0, 211, 403, 253, 35, 5.75%, 0, 0, 2, 88.54, 194332, 200, 0, 0
2166, 0, 211, 403, 253, 35, 5.75%, 0, 0, 2, 89.12, 194783, 200, 0, 0
2171, 0, 211, 403, 253, 35, 5.75%, 0, 0, 2, 88.84, 195233, 200, 0, 0
2176, 0, 211, 403, 253, 35, 5.75%, 0, 0, 2, 88.72, 195683, 200, 0, 0
2181, 0, 211, 403, 253, 35, 5.75%, 0, 0, 2, 88.70, 196132, 200, 0, 0
2186, 0, 211, 403, 253, 35, 5.75%, 0, 0, 2, 88.87, 196582, 200, 0, 0
2191, 0, 211, 403, 253, 35, 5.75%, 0, 0, 2, 88.79, 197032, 200, 0, 0
2196, 0, 211, 403, 253, 35, 5.75%, 0, 0, 2, 88.56, 197482, 200, 0, 0
2201, 0, 211, 403, 253, 35, 5.75%, 0, 0, 2, 89.13, 197934, 200, 0, 0
2206, 0, 211, 403, 253, 35, 5.75%, 0, 0, 2, 89.26, 198384, 200, 0, 0
2211, 0, 211, 403, 253, 35, 5.75%, 0, 0, 2, 89.46, 198834, 200, 0, 0
2217, 0, 211, 403, 253, 35, 5.75%, 0, 0, 2, 88.64, 199284, 200, 0, 0
2222, 0, 211, 403, 253, 35, 5.75%, 0, 0, 2, 88.96, 199735, 200, 0, 0
2227, 0, 212, 403, 253, 35, 5.75%, 0, 0, 2, 89.16, 200187, 200, 0, 0
2232, 0, 212, 403, 253, 35, 5.75%, 0, 0, 2, 88.80, 200637, 200, 0, 0
2237, 0, 212, 403, 253, 35, 5.75%, 0, 0, 2, 88.85, 201087, 200, 0, 0
2242, 0, 212, 403, 253, 35, 5.75%, 0, 0, 2, 88.56, 201537, 200, 0, 0
2247, 0, 212, 403, 253, 35, 5.75%, 0, 0, 2, 89.31, 201988, 200, 0, 0
2252, 0, 212, 403, 253, 35, 5.75%, 0, 0, 2, 89.39, 202441, 200, 0, 0
2257, 0, 212, 403, 253, 35, 5.75%, 0, 0, 2, 89.41, 202892, 200, 0, 0
2262, 0, 212, 403, 253, 35, 5.75%, 0, 0, 2, 89.52, 203343, 200, 0, 0
2267, 0, 212, 403, 253, 35, 5.75%, 0, 0, 2, 89.72, 203796, 200, 0, 0
2272, 0, 212, 403, 253, 35, 5.75%, 0, 0, 2, 89.39, 204249, 200, 0, 0
2277, 0, 212, 403, 253, 35, 5.75%, 0, 0, 2, 89.44, 204700, 200, 0, 0
2282, 0, 212, 403, 253, 35, 5.75%, 0, 0, 2, 89.42, 205150, 200, 0, 0
2287, 0, 212, 403, 253, 35, 5.75%, 0, 0, 2, 89.54, 205602, 200, 0, 0
2292, 0, 212, 403, 253, 35, 5.75%, 0, 0, 2, 89.76, 206056, 200, 0, 0
2297, 0, 212, 403, 253, 35, 5.75%, 0, 0, 2, 89.37, 206509, 200, 0, 0
2303, 0, 212, 403, 253, 35, 5.75%, 0, 0, 2, 88.91, 206958, 200, 0, 0
2308, 0, 212, 403, 253, 35, 5.75%, 0, 0, 2, 89.08, 207408, 200, 0, 0
2313, 0, 212, 403, 253, 35, 5.75%, 0, 0, 2, 89.15, 207859, 200, 0, 0
2318, 0, 219, 403, 253, 35, 5.75%, 0, 0, 2, 89.47, 208312, 200, 0, 0
2323, 0, 219, 403, 253, 35, 5.75%, 0, 0, 2, 89.43, 208763, 200, 0, 0
2328, 0, 219, 403, 253, 35, 5.75%, 0, 0, 2, 89.57, 209215, 200, 0, 0
2333, 0, 219, 403, 253, 35, 5.75%, 0, 0, 2, 89.66, 209668, 200, 0, 0
2338, 0, 219, 403, 253, 35, 5.75%, 0, 0, 2, 89.72, 210124, 200, 0, 0
2343, 0, 219, 403, 253, 35, 5.75%, 0, 0, 2, 89.77, 210576, 200, 0, 0
2348, 0, 219, 403, 253, 35, 5.75%, 0, 0, 2, 89.79, 211032, 200, 0, 0
2353, 0, 219, 403, 253, 35, 5.75%, 0, 0, 2, 89.78, 211486, 200, 0, 0
2358, 0, 219, 403, 253, 35, 5.75%, 0, 0, 2, 89.86, 211942, 200, 0, 0
2363, 0, 219, 403, 253, 35, 5.75%, 0, 0, 2, 89.70, 212396, 200, 0, 0
2368, 0, 219, 403, 253, 35, 5.75%, 0, 0, 2, 89.67, 212852, 200, 0, 0
2373, 0, 219, 403, 253, 35, 5.75%, 0, 0, 2, 89.92, 213310, 200, 0, 0
2378, 0, 219, 403, 253, 35, 5.75%, 0, 0, 2, 89.86, 213766, 200, 0, 0
2384, 0, 219, 403, 253, 35, 5.75%, 0, 0, 2, 89.79, 214222, 200, 0, 0
2389, 0, 219, 403, 253, 35, 5.75%, 0, 0, 2, 89.74, 214675, 200, 0, 0
2394, 0, 219, 403, 253, 35, 5.75%, 0, 0, 2, 89.21, 215128, 200, 0, 0
2399, 0, 219, 403, 253, 35, 5.75%, 0, 0, 2, 88.73, 215578, 200, 0, 0
2404, 0, 219, 403, 253, 35, 5.75%, 0, 0, 2, 89.87, 216039, 200, 0, 0
2409, 0, 222, 403, 253, 35, 5.75%, 0, 0, 2, 89.54, 216491, 200, 0, 0
2414, 0, 222, 403, 253, 35, 5.75%, 0, 0, 2, 89.99, 216952, 200, 0, 0
2419, 0, 222, 403, 253, 35, 5.75%, 0, 0, 2, 89.88, 217407, 200, 0, 0
2424, 0, 222, 403, 253, 35, 5.75%, 0, 0, 2, 89.93, 217867, 200, 0, 0
2429, 0, 222, 403, 253, 35, 5.75%, 0, 0, 2, 90.07, 218326, 200, 0, 0
2435, 0, 222, 403, 253, 35, 5.75%, 0, 0, 2, 90.22, 218792, 200, 0, 0
2440, 0, 222, 403, 253, 35, 5.75%, 0, 0, 2, 90.43, 219260, 200, 0, 0
2445, 0, 222, 403, 253, 35, 5.75%, 0, 0, 2, 89.87, 219717, 200, 0, 0
2450, 0, 222, 403, 253, 35, 5.75%, 0, 0, 2, 89.84, 220175, 200, 0, 0
2455, 0, 222, 403, 253, 35, 5.75%, 0, 0, 2, 90.10, 220635, 200, 0, 0
2460, 0, 222, 403, 253, 35, 5.75%, 0, 0, 2, 90.22, 221098, 200, 0, 0
2465, 0, 222, 403, 253, 35, 5.75%, 0, 0, 2, 90.13, 221564, 200, 0, 0
2470, 0, 222, 403, 253, 35, 5.75%, 0, 0, 2, 90.11, 222032, 200, 0, 0
2476, 0, 222, 403, 253, 35, 5.75%, 0, 0, 2, 90.05, 222494, 200, 0, 0
2481, 0, 222, 403, 253, 35, 5.75%, 0, 0, 2, 89.92, 222951, 200, 0, 0
2486, 0, 222, 403, 253, 35, 5.75%, 0, 0, 2, 90.05, 223409, 200, 0, 0
2491, 0, 222, 403, 253, 35, 5.75%, 0, 0, 2, 89.64, 223864, 200, 0, 0
2496, 0, 222, 403, 253, 35, 5.75%, 0, 0, 2, 89.68, 224320, 200, 0, 0
2501, 0, 223, 403, 253, 35, 5.75%, 0, 0, 2, 89.45, 224770, 200, 0, 0
2506, 0, 223, 403, 253, 35, 5.75%, 0, 0, 2, 89.36, 225220, 200, 0, 0
2511, 0, 223, 403, 253, 35, 5.75%, 0, 0, 2, 89.27, 225672, 200, 0, 0
2516, 0, 223, 403, 253, 35, 5.75%, 0, 0, 2, 89.62, 226125, 200, 0, 0
2521, 0, 223, 403, 253, 35, 5.75%, 0, 0, 2, 89.67, 226578, 200, 0, 0
2526, 0, 223, 403, 253, 35, 5.75%, 0, 0, 2, 89.55, 227033, 200, 0, 0
2531, 0, 223, 403, 253, 35, 5.75%, 0, 0, 2, 89.51, 227487, 200, 0, 0
2536, 0, 223, 403, 253, 35, 5.75%, 0, 0, 2, 89.44, 227943, 200, 0, 0
2541, 0, 223, 403, 253, 35, 5.75%, 0, 0, 2, 89.16, 228393, 200, 0, 0
2547, 0, 223, 403, 253, 35, 5.75%, 0, 0, 2, 88.91, 228842, 200, 0, 0
2552, 0, 223, 403, 253, 35, 5.75%, 0, 0, 2, 85.67, 229282, 200, 0, 0
2557, 0, 223, 403, 253, 35, 5.75%, 0, 0, 2, 86.83, 229720, 200, 0, 0
2562, 0, 223, 403, 253, 35, 5.75%, 0, 0, 2, 88.16, 230170, 200, 0, 0
2567, 0, 223, 403, 253, 35, 5.75%, 0, 0, 2, 88.50, 230620, 200, 0, 0
2572, 0, 223, 403, 253, 35, 5.75%, 0, 0, 2, 88.78, 231070, 200, 0, 0
2577, 0, 223, 403, 253, 35, 5.75%, 0, 0, 2, 88.50, 231520, 200, 0, 0
2582, 0, 223, 403, 253, 35, 5.75%, 0, 0, 2, 88.39, 231969, 200, 0, 0
2587, 0, 223, 403, 253, 35, 5.75%, 0, 0, 2, 87.80, 232419, 200, 0, 0
2592, 0, 224, 403, 253, 35, 5.75%, 0, 0, 2, 87.96, 232868, 200, 0, 0
2597, 0, 224, 403, 253, 35, 5.75%, 0, 0, 2, 88.47, 233318, 200, 0, 0
2602, 0, 224, 403, 253, 35, 5.75%, 0, 0, 2, 88.81, 233768, 200, 0, 0
2608, 0, 224, 403, 253, 35, 5.75%, 0, 0, 2, 88.99, 234218, 200, 0, 0
2613, 0, 224, 403, 253, 35, 5.75%, 0, 0, 2, 88.19, 234666, 200, 0, 0
2618, 0, 224, 403, 253, 35, 5.75%, 0, 0, 2, 87.78, 235115, 200, 0, 0
2623, 0, 224, 403, 253, 35, 5.75%, 0, 0, 2, 86.58, 235562, 200, 0, 0
2628, 0, 224, 403, 253, 35, 5.75%, 0, 0, 2, 87.50, 236009, 200, 0, 0
2633, 0, 224, 403, 253, 35, 5.75%, 0, 0, 2, 87.28, 236457, 200, 0, 0
2638, 0, 224, 403, 253, 35, 5.75%, 0, 0, 2, 87.64, 236907, 200, 0, 0
2643, 0, 224, 403, 253, 35, 5.75%, 0, 0, 2, 85.79, 237347, 200, 0, 0
2648, 0, 224, 403, 253, 35, 5.75%, 0, 0, 2, 87.57, 237797, 200, 0, 0
2654, 0, 224, 403, 253, 35, 5.75%, 0, 0, 2, 87.91, 238246, 200, 0, 0
2659, 0, 224, 403, 253, 35, 5.75%, 0, 0, 2, 87.92, 238695, 200, 0, 0
2664, 0, 224, 403, 253, 35, 5.75%, 0, 0, 2, 88.20, 239145, 200, 0, 0
2669, 0, 224, 403, 253, 35, 5.75%, 0, 0, 2, 87.64, 239593, 200, 0, 0
2674, 0, 224, 403, 253, 35, 5.75%, 0, 0, 2, 87.29, 240040, 200, 0, 0
2679, 0, 224, 403, 253, 35, 5.75%, 0, 0, 2, 87.26, 240488, 200, 0, 0
2684, 0, 225, 403, 253, 35, 5.75%, 0, 0, 2, 85.48, 240915, 200, 0, 0
2689, 0, 225, 403, 253, 35, 5.75%, 0, 0, 2, 87.64, 241364, 200, 0, 0
2694, 0, 225, 403, 253, 35, 5.75%, 0, 0, 2, 88.03, 241814, 200, 0, 0
2700, 0, 225, 403, 253, 35, 5.75%, 0, 0, 2, 87.86, 242264, 200, 0, 0
2705, 0, 225, 403, 253, 35, 5.75%, 0, 0, 2, 88.23, 242714, 200, 0, 0
2710, 0, 225, 403, 253, 35, 5.75%, 0, 0, 2, 88.09, 243164, 200, 0, 0
2715, 0, 225, 403, 253, 35, 5.75%, 0, 0, 2, 88.08, 243614, 200, 0, 0
2720, 0, 225, 403, 253, 35, 5.75%, 0, 0, 2, 87.86, 244062, 200, 0, 0
2725, 0, 225, 403, 253, 35, 5.75%, 0, 0, 2, 88.28, 244512, 200, 0, 0
2730, 0, 225, 403, 253, 35, 5.75%, 0, 0, 2, 88.26, 244962, 200, 0, 0
2735, 0, 225, 403, 253, 35, 5.75%, 0, 0, 2, 88.20, 245412, 200, 0, 0
2740, 0, 225, 403, 253, 35, 5.75%, 0, 0, 2, 88.18, 245862, 200, 0, 0
2746, 0, 225, 403, 253, 35, 5.75%, 0, 0, 2, 88.29, 246312, 200, 0, 0
2751, 0, 225, 403, 253, 35, 5.75%, 0, 0, 2, 88.12, 246762, 200, 0, 0
2756, 0, 225, 403, 253, 35, 5.75%, 0, 0, 2, 87.96, 247211, 200, 0, 0
2761, 0, 225, 403, 253, 35, 5.75%, 0, 0, 2, 87.97, 247661, 200, 0, 0
2766, 0, 225, 403, 253, 35, 5.75%, 0, 0, 2, 88.12, 248111, 200, 0, 0
2771, 0, 225, 403, 253, 35, 5.75%, 0, 0, 2, 88.15, 248560, 200, 0, 0
2776, 0, 229, 403, 253, 35, 5.75%, 0, 0, 2, 87.81, 249009, 200, 0, 0
2781, 0, 229, 403, 253, 35, 5.75%, 0, 0, 2, 87.88, 249459, 200, 0, 0
2786, 0, 229, 403, 253, 35, 5.75%, 0, 0, 2, 87.74, 249909, 200, 0, 0
2792, 0, 229, 403, 253, 35, 5.75%, 0, 0, 2, 87.83, 250359, 200, 0, 0
2797, 0, 229, 403, 253, 35, 5.75%, 0, 0, 2, 87.80, 250809, 200, 0, 0
2802, 0, 229, 403, 253, 35, 5.75%, 0, 0, 2, 86.96, 251255, 200, 0, 0
2807, 0, 229, 403, 253, 35, 5.75%, 0, 0, 2, 87.80, 251705, 200, 0, 0
2812, 0, 229, 403, 253, 35, 5.75%, 0, 0, 2, 87.93, 252155, 200, 0, 0
2817, 0, 229, 403, 253, 35, 5.75%, 0, 0, 2, 88.06, 252605, 200, 0, 0
2822, 0, 229, 403, 253, 35, 5.75%, 0, 0, 2, 87.98, 253055, 200, 0, 0
2827, 0, 229, 403, 253, 35, 5.75%, 0, 0, 2, 87.90, 253505, 200, 0, 0
2832, 0, 229, 403, 253, 35, 5.75%, 0, 0, 2, 87.72, 253954, 200, 0, 0
2838, 0, 229, 403, 253, 35, 5.75%, 0, 0, 2, 87.98, 254404, 200, 0, 0
2843, 0, 229, 403, 253, 35, 5.75%, 0, 0, 2, 87.89, 254854, 200, 0, 0
2848, 0, 229, 403, 253, 35, 5.75%, 0, 0, 2, 88.01, 255304, 200, 0, 0
2853, 0, 229, 403, 253, 35, 5.75%, 0, 0, 2, 87.84, 255753, 200, 0, 0
2858, 0, 229, 403, 253, 35, 5.75%, 0, 0, 2, 87.79, 256203, 200, 0, 0
2863, 0, 229, 403, 253, 35, 5.75%, 0, 0, 2, 87.97, 256653, 200, 0, 0
2868, 0, 229, 403, 253, 35, 5.75%, 0, 0, 2, 88.12, 257103, 200, 0, 0
2873, 0, 231, 403, 253, 35, 5.75%, 0, 0, 2, 87.84, 257553, 200, 0, 0
2879, 0, 231, 403, 253, 35, 5.75%, 0, 0, 2, 87.48, 258001, 200, 0, 0
2884, 0, 231, 403, 253, 35, 5.75%, 0, 0, 2, 87.92, 258450, 200, 0, 0
2889, 0, 231, 403, 253, 35, 5.75%, 0, 0, 2, 87.34, 258898, 200, 0, 0
2894, 0, 231, 403, 253, 35, 5.75%, 0, 0, 2, 87.69, 259348, 200, 0, 0
2899, 0, 231, 403, 253, 35, 5.75%, 0, 0, 2, 87.53, 259798, 200, 0, 0
2904, 0, 231, 403, 253, 35, 5.75%, 0, 0, 2, 87.93, 260248, 200, 0, 0
2909, 0, 231, 403, 253, 35, 5.75%, 0, 0, 2, 87.58, 260696, 200, 0, 0
2914, 0, 231, 403, 253, 35, 5.75%, 0, 0, 2, 86.86, 261143, 200, 0, 0
2920, 0, 231, 403, 253, 35, 5.75%, 0, 0, 2, 87.65, 261593, 200, 0, 0
2925, 0, 231, 403, 253, 35, 5.75%, 0, 0, 2, 87.56, 262040, 200, 0, 0
2930, 0, 231, 403, 253, 35, 5.75%, 0, 0, 2, 86.17, 262485, 200, 0, 0
2935, 0, 231, 403, 253, 35, 5.75%, 0, 0, 2, 87.07, 262933, 200, 0, 0
2940, 0, 231, 403, 253, 35, 5.75%, 0, 0, 2, 86.89, 263380, 200, 0, 0
2945, 0, 231, 403, 253, 35, 5.75%, 0, 0, 2, 87.62, 263830, 200, 0, 0
2950, 0, 231, 403, 253, 35, 5.75%, 0, 0, 2, 87.78, 264279, 200, 0, 0
2955, 0, 231, 403, 253, 35, 5.75%, 0, 0, 2, 87.00, 264723, 200, 0, 0
2961, 0, 231, 403, 253, 35, 5.75%, 0, 0, 2, 87.75, 265173, 200, 0, 0
2966, 0, 232, 403, 253, 35, 5.75%, 0, 0, 2, 88.11, 265623, 200, 0, 0
2971, 0, 232, 403, 253, 35, 5.75%, 0, 0, 2, 87.62, 266072, 200, 0, 0
2976, 0, 232, 403, 253, 35, 5.75%, 0, 0, 2, 87.90, 266522, 200, 0, 0
2981, 0, 232, 403, 253, 35, 5.75%, 0, 0, 2, 87.45, 266969, 200, 0, 0
2986, 0, 232, 403, 253, 35, 5.75%, 0, 0, 2, 87.48, 267417, 200, 0, 0
2991, 0, 232, 403, 253, 35, 5.75%, 0, 0, 2, 87.72, 267867, 200, 0, 0
2996, 0, 232, 403, 253, 35, 5.75%, 0, 0, 2, 87.74, 268317, 200, 0, 0
3002, 0, 232, 403, 253, 35, 5.75%, 0, 0, 2, 87.44, 268767, 200, 0, 0
3007, 0, 232, 403, 253, 35, 5.75%, 0, 0, 2, 87.03, 269214, 200, 0, 0
3012, 0, 232, 403, 253, 35, 5.75%, 0, 0, 2, 87.45, 269664, 200, 0, 0
3017, 0, 232, 403, 253, 35, 5.75%, 0, 0, 2, 87.26, 270113, 200, 0, 0
3022, 0, 232, 403, 253, 35, 5.75%, 0, 0, 2, 88.30, 270563, 200, 0, 0
3027, 0, 232, 403, 253, 35, 5.75%, 0, 0, 2, 88.40, 271012, 200, 0, 0
3032, 0, 232, 403, 253, 35, 5.75%, 0, 0, 2, 87.93, 271461, 200, 0, 0
3037, 0, 232, 403, 253, 35, 5.75%, 0, 0, 2, 88.09, 271911, 200, 0, 0
3042, 0, 232, 403, 253, 35, 5.75%, 0, 0, 2, 88.00, 272360, 200, 0, 0
3048, 0, 232, 403, 253, 35, 5.75%, 0, 0, 2, 87.97, 272809, 200, 0, 0
3053, 0, 232, 403, 253, 35, 5.75%, 0, 0, 2, 88.01, 273258, 200, 0, 0
3058, 0, 233, 403, 253, 35, 5.75%, 0, 0, 2, 87.82, 273708, 200, 0, 0
3063, 0, 233, 403, 253, 35, 5.75%, 0, 0, 2, 87.95, 274157, 200, 0, 0
3068, 0, 233, 403, 253, 35, 5.75%, 0, 0, 2, 87.97, 274607, 200, 0, 0
3073, 0, 233, 403, 253, 35, 5.75%, 0, 0, 2, 87.42, 275057, 200, 0, 0
3078, 0, 233, 403, 253, 35, 5.75%, 0, 0, 2, 87.20, 275502, 200, 0, 0
3083, 0, 233, 403, 253, 35, 5.75%, 0, 0, 2, 86.42, 275943, 200, 0, 0
3089, 0, 233, 403, 253, 35, 5.75%, 0, 0, 2, 87.71, 276393, 200, 0, 0
3094, 0, 233, 403, 253, 35, 5.75%, 0, 0, 2, 87.93, 276843, 200, 0, 0
3099, 0, 233, 403, 253, 35, 5.75%, 0, 0, 2, 87.30, 277290, 200, 0, 0
3104, 0, 233, 403, 253, 35, 5.75%, 0, 0, 2, 87.48, 277737, 200, 0, 0
3109, 0, 233, 403, 253, 35, 5.75%, 0, 0, 2, 87.62, 278186, 200, 0, 0
3114, 0, 233, 403, 253, 35, 5.75%, 0, 0, 2, 87.63, 278636, 200, 0, 0
3119, 0, 233, 403, 253, 35, 5.75%, 0, 0, 2, 87.72, 279086, 200, 0, 0
3124, 0, 233, 403, 253, 35, 5.75%, 0, 0, 2, 87.08, 279533, 200, 0, 0
3129, 0, 233, 403, 253, 35, 5.75%, 0, 0, 2, 87.31, 279980, 200, 0, 0
3135, 0, 233, 403, 253, 35, 5.75%, 0, 0, 2, 87.80, 280430, 200, 0, 0
3140, 0, 233, 403, 253, 35, 5.75%, 0, 0, 2, 87.95, 280880, 200, 0, 0
3145, 0, 233, 403, 253, 35, 5.75%, 0, 0, 2, 87.78, 281330, 200, 0, 0
3150, 0, 235, 403, 253, 35, 5.75%, 0, 0, 2, 87.81, 281779, 200, 0, 0
3155, 0, 235, 403, 253, 35, 5.75%, 0, 0, 2, 87.99, 282229, 200, 0, 0
3160, 0, 235, 403, 253, 35, 5.75%, 0, 0, 2, 88.07, 282679, 200, 0, 0
3165, 0, 235, 403, 253, 35, 5.75%, 0, 0, 2, 87.84, 283128, 200, 0, 0
3170, 0, 235, 403, 253, 35, 5.75%, 0, 0, 2, 88.12, 283577, 200, 0, 0
3176, 0, 235, 403, 253, 35, 5.75%, 0, 0, 2, 88.10, 284027, 200, 0, 0
3181, 0, 235, 403, 253, 35, 5.75%, 0, 0, 2, 87.97, 284476, 200, 0, 0
3186, 0, 235, 403, 253, 35, 5.75%, 0, 0, 2, 87.97, 284926, 200, 0, 0
3191, 0, 235, 403, 253, 35, 5.75%, 0, 0, 2, 87.75, 285376, 200, 0, 0
3196, 0, 235, 403, 253, 35, 5.75%, 0, 0, 2, 87.87, 285825, 200, 0, 0
3201, 0, 235, 403, 253, 35, 5.75%, 0, 0, 2, 87.88, 286275, 200, 0, 0
3206, 0, 235, 403, 253, 35, 5.75%, 0, 0, 2, 88.04, 286724, 200, 0, 0
3211, 0, 235, 403, 253, 35, 5.75%, 0, 0, 2, 87.58, 287172, 200, 0, 0
3216, 0, 235, 403, 253, 35, 5.75%, 0, 0, 2, 87.65, 287622, 200, 0, 0
3222, 0, 235, 403, 253, 35, 5.75%, 0, 0, 2, 87.88, 288071, 200, 0, 0
3227, 0, 235, 403, 253, 35, 5.75%, 0, 0, 2, 88.11, 288520, 200, 0, 0
3232, 0, 235, 403, 253, 35, 5.75%, 0, 0, 2, 87.88, 288970, 200, 0, 0
3237, 0, 235, 403, 253, 35, 5.75%, 0, 0, 2, 87.91, 289419, 200, 0, 0
3242, 0, 235, 403, 253, 35, 5.75%, 0, 0, 2, 87.52, 289867, 200, 0, 0
3247, 0, 236, 424, 274, 34, 5.86%, 0, 0, 2, 87.32, 290303, 204, 0, 0
3252, 0, 236, 424, 274, 34, 5.86%, 0, 0, 2, 87.92, 290753, 204, 0, 0
3257, 0, 236, 424, 274, 34, 5.86%, 0, 0, 2, 87.65, 291201, 204, 0, 0
3262, 0, 236, 424, 274, 34, 5.86%, 0, 0, 2, 88.13, 291651, 204, 0, 0
3267, 0, 236, 424, 274, 34, 5.86%, 0, 0, 2, 87.98, 292100, 204, 0, 0
3273, 0, 236, 424, 274, 34, 5.86%, 0, 0, 2, 87.15, 292548, 204, 0, 0
3278, 0, 236, 424, 274, 34, 5.86%, 0, 0, 2, 87.59, 292997, 204, 0, 0
3283, 0, 236, 424, 274, 34, 5.86%, 0, 0, 2, 87.55, 293445, 204, 0, 0
3288, 0, 236, 424, 274, 34, 5.86%, 0, 0, 2, 87.70, 293892, 204, 0, 0
3293, 0, 236, 424, 274, 34, 5.86%, 0, 0, 2, 88.10, 294342, 204, 0, 0
3298, 0, 236, 424, 274, 34, 5.86%, 0, 0, 2, 88.12, 294792, 204, 0, 0
3303, 0, 236, 424, 274, 34, 5.86%, 0, 0, 2, 88.15, 295241, 204, 0, 0
3308, 0, 236, 424, 274, 34, 5.86%, 0, 0, 2, 88.36, 295691, 204, 0, 0
3313, 0, 236, 424, 274, 34, 5.86%, 0, 0, 2, 88.29, 296140, 204, 0, 0
3319, 0, 236, 424, 274, 34, 5.86%, 0, 0, 2, 88.21, 296590, 204, 0, 0
3324, 0, 236, 424, 274, 34, 5.86%, 0, 0, 2, 88.19, 297039, 204, 0, 0
3329, 0, 236, 424, 274, 34, 5.86%, 0, 0, 2, 88.21, 297488, 204, 0, 0
3334, 0, 236, 424, 274, 34, 5.86%, 0, 0, 2, 87.71, 297936, 204, 0, 0
3339, 0, 241, 424, 274, 34, 5.86%, 0, 0, 2, 87.81, 298385, 204, 0, 0
3344, 0, 241, 424, 274, 34, 5.86%, 0, 0, 2, 87.95, 298834, 204, 0, 0
3349, 0, 241, 424, 274, 34, 5.86%, 0, 0, 2, 88.06, 299284, 204, 0, 0
3354, 0, 241, 424, 274, 34, 5.86%, 0, 0, 2, 88.00, 299733, 204, 0, 0
3359, 0, 241, 424, 274, 34, 5.86%, 0, 0, 2, 88.24, 300183, 204, 0, 0
3364, 0, 241, 424, 274, 34, 5.86%, 0, 0, 2, 87.99, 300633, 204, 0, 0
3370, 0, 241, 424, 274, 34, 5.86%, 0, 0, 2, 87.95, 301083, 204, 0, 0
3375, 0, 241, 424, 274, 34, 5.86%, 0, 0, 2, 87.78, 301532, 204, 0, 0
3380, 0, 241, 424, 274, 34, 5.86%, 0, 0, 2, 87.24, 301980, 204, 0, 0
3385, 0, 241, 424, 274, 34, 5.86%, 0, 0, 2, 87.21, 302427, 204, 0, 0
3390, 0, 241, 424, 274, 34, 5.86%, 0, 0, 2, 87.11, 302874, 204, 0, 0
3395, 0, 241, 424, 274, 34, 5.86%, 0, 0, 2, 81.42, 303289, 204, 0, 0
3400, 0, 241, 424, 274, 34, 5.86%, 0, 0, 2, 85.40, 303733, 204, 0, 0
3405, 0, 241, 424, 274, 34, 5.86%, 0, 0, 2, 85.39, 304176, 204, 0, 0
3411, 0, 241, 424, 274, 34, 5.86%, 0, 0, 2, 86.67, 304617, 204, 0, 0
3416, 0, 241, 424, 274, 34, 5.86%, 0, 0, 2, 87.85, 305067, 204, 0, 0
3421, 0, 241, 424, 274, 34, 5.86%, 0, 0, 2, 88.05, 305516, 204, 0, 0
3426, 0, 241, 424, 274, 34, 5.86%, 0, 0, 2, 87.96, 305965, 204, 0, 0
3431, 0, 241, 424, 274, 34, 5.86%, 0, 0, 2, 88.08, 306415, 204, 0, 0
3436, 0, 243, 424, 274, 34, 5.86%, 0, 0, 2, 88.14, 306865, 204, 0, 0
3441, 0, 243, 424, 274, 34, 5.86%, 0, 0, 2, 88.13, 307314, 204, 0, 0
3446, 0, 243, 424, 274, 34, 5.86%, 0, 0, 2, 88.28, 307764, 204, 0, 0
3451, 0, 243, 424, 274, 34, 5.86%, 0, 0, 2, 88.11, 308214, 204, 0, 0
3457, 0, 243, 424, 274, 34, 5.86%, 0, 0, 2, 88.18, 308663, 204, 0, 0
3462, 0, 243, 424, 274, 34, 5.86%, 0, 0, 2, 88.23, 309113, 204, 0, 0
3467, 0, 243, 424, 274, 34, 5.86%, 0, 0, 2, 87.83, 309562, 204, 0, 0
3472, 0, 243, 424, 274, 34, 5.86%, 0, 0, 2, 87.98, 310012, 204, 0, 0
3477, 0, 243, 424, 274, 34, 5.86%, 0, 0, 2, 88.17, 310461, 204, 0, 0
3482, 0, 243, 424, 274, 34, 5.86%, 0, 0, 2, 88.29, 310911, 204, 0, 0
3487, 0, 243, 424, 274, 34, 5.86%, 0, 0, 2, 87.98, 311360, 204, 0, 0
3492, 0, 243, 424, 274, 34, 5.86%, 0, 0, 2, 88.26, 311810, 204, 0, 0
3497, 0, 243, 424, 274, 34, 5.86%, 0, 0, 2, 88.07, 312260, 204, 0, 0
3502, 0, 243, 424, 274, 34, 5.86%, 0, 0, 2, 87.97, 312709, 204, 0, 0
3508, 0, 243, 424, 274, 34, 5.86%, 0, 0, 2, 87.86, 313158, 204, 0, 0
3513, 0, 243, 424, 274, 34, 5.86%, 0, 0, 2, 86.80, 313603, 204, 0, 0
3518, 0, 243, 424, 274, 34, 5.86%, 0, 0, 2, 87.39, 314051, 204, 0, 0
3523, 0, 243, 424, 274, 34, 5.86%, 0, 0, 2, 88.46, 314501, 204, 0, 0
3528, 0, 245, 424, 274, 34, 5.86%, 0, 0, 2, 89.13, 314952, 204, 0, 0
3533, 0, 245, 424, 274, 34, 5.86%, 0, 0, 2, 82.22, 315377, 204, 0, 0
3538, 0, 245, 424, 274, 34, 5.86%, 0, 0, 2, 87.18, 315826, 204, 0, 0
3543, 0, 245, 424, 274, 34, 5.86%, 0, 0, 2, 88.28, 316276, 204, 0, 0
3548, 0, 245, 424, 274, 34, 5.86%, 0, 0, 2, 88.32, 316725, 204, 0, 0
3553, 0, 245, 424, 274, 34, 5.86%, 0, 0, 2, 88.42, 317175, 204, 0, 0
3559, 0, 245, 424, 274, 34, 5.86%, 0, 0, 2, 88.19, 317625, 204, 0, 0
3564, 0, 245, 424, 274, 34, 5.86%, 0, 0, 2, 88.21, 318074, 204, 0, 0
3569, 0, 245, 424, 274, 34, 5.86%, 0, 0, 2, 87.79, 318522, 204, 0, 0
3574, 0, 245, 424, 274, 34, 5.86%, 0, 0, 2, 88.25, 318971, 204, 0, 0
3579, 0, 245, 424, 274, 34, 5.86%, 0, 0, 2, 88.41, 319420, 204, 0, 0
3584, 0, 245, 424, 274, 34, 5.86%, 0, 0, 2, 88.56, 319869, 204, 0, 0
3589, 0, 245, 424, 274, 34, 5.86%, 0, 0, 2, 88.19, 320319, 204, 0, 0
3594, 0, 245, 424, 274, 34, 5.86%, 0, 0, 2, 88.31, 320769, 204, 0, 0
3599, 0, 245, 424, 274, 34, 5.86%, 0, 0, 2, 88.14, 321218, 204, 0, 0
3604, 0, 245, 424, 274, 34, 5.86%, 0, 0, 2, 88.42, 321668, 204, 0, 0
3609, 0, 245, 424, 274, 34, 5.86%, 0, 0, 2, 88.37, 322118, 204, 0, 0
3615, 0, 245, 424, 274, 34, 5.86%, 0, 0, 2, 88.68, 322568, 204, 0, 0
3620, 0, 246, 424, 274, 34, 5.86%, 0, 0, 2, 87.95, 323014, 204, 0, 0
3625, 0, 246, 424, 274, 34, 5.86%, 0, 0, 2, 88.32, 323464, 204, 0, 0
3630, 0, 246, 424, 274, 34, 5.86%, 0, 0, 2, 88.21, 323914, 204, 0, 0
3635, 0, 246, 424, 274, 34, 5.86%, 0, 0, 2, 88.42, 324363, 204, 0, 0
3640, 0, 246, 424, 274, 34, 5.86%, 0, 0, 2, 88.55, 324812, 204, 0, 0
3645, 0, 246, 424, 274, 34, 5.86%, 0, 0, 2, 87.52, 325260, 204, 0, 0
3650, 0, 246, 424, 274, 34, 5.86%, 0, 0, 2, 88.18, 325709, 204, 0, 0
3655, 0, 246, 424, 274, 34, 5.86%, 0, 0, 2, 87.70, 326159, 204, 0, 0
3660, 0, 246, 424, 274, 34, 5.86%, 0, 0, 2, 87.18, 326608, 204, 0, 0
3666, 0, 246, 424, 274, 34, 5.86%, 0, 0, 2, 87.78, 327057, 204, 0, 0
3671, 0, 246, 424, 274, 34, 5.86%, 0, 0, 2, 87.89, 327507, 204, 0, 0
3676, 0, 246, 424, 274, 34, 5.86%, 0, 0, 2, 87.92, 327956, 204, 0, 0
3681, 0, 246, 424, 274, 34, 5.86%, 0, 0, 2, 87.85, 328406, 204, 0, 0
3686, 0, 246, 424, 274, 34, 5.86%, 0, 0, 2, 87.47, 328852, 204, 0, 0
3691, 0, 246, 424, 274, 34, 5.86%, 0, 0, 2, 88.05, 329302, 204, 0, 0
3696, 0, 246, 424, 274, 34, 5.86%, 0, 0, 2, 88.02, 329751, 204, 0, 0
3701, 0, 246, 424, 274, 34, 5.86%, 0, 0, 2, 87.73, 330201, 204, 0, 0
3706, 0, 246, 424, 274, 34, 5.86%, 0, 0, 2, 88.10, 330651, 204, 0, 0
3712, 0, 250, 424, 274, 34, 5.86%, 0, 0, 2, 88.13, 331101, 204, 0, 0
3717, 0, 250, 424, 274, 34, 5.86%, 0, 0, 2, 88.86, 331551, 204, 0, 0
3722, 0, 250, 424, 274, 34, 5.86%, 0, 0, 2, 88.35, 332001, 204, 0, 0
3727, 0, 250, 424, 274, 34, 5.86%, 0, 0, 2, 88.28, 332451, 204, 0, 0
3732, 0, 250, 424, 274, 34, 5.86%, 0, 0, 2, 88.84, 332903, 204, 0, 0
3737, 0, 250, 424, 274, 34, 5.86%, 0, 0, 2, 88.97, 333353, 204, 0, 0
3742, 0, 250, 424, 274, 34, 5.86%, 0, 0, 2, 88.95, 333803, 204, 0, 0
3747, 0, 250, 424, 274, 34, 5.86%, 0, 0, 2, 89.51, 334259, 204, 0, 0
3752, 0, 250, 424, 274, 34, 5.86%, 0, 0, 2, 89.19, 334709, 204, 0, 0
3757, 0, 250, 424, 274, 34, 5.86%, 0, 0, 2, 89.30, 335159, 204, 0, 0
3762, 0, 250, 424, 274, 34, 5.86%, 0, 0, 2, 89.26, 335610, 204, 0, 0
3767, 0, 250, 424, 274, 34, 5.86%, 0, 0, 2, 89.81, 336072, 204, 0, 0
3772, 0, 250, 424, 274, 34, 5.86%, 0, 0, 2, 89.53, 336526, 204, 0, 0
3778, 0, 250, 424, 274, 34, 5.86%, 0, 0, 2, 89.42, 336981, 204, 0, 0
3783, 0, 250, 424, 274, 34, 5.86%, 0, 0, 2, 89.49, 337431, 204, 0, 0
3788, 0, 250, 424, 274, 34, 5.86%, 0, 0, 2, 89.24, 337881, 204, 0, 0
3793, 0, 250, 424, 274, 34, 5.86%, 0, 0, 2, 89.59, 338334, 204, 0, 0
3798, 0, 250, 424, 274, 34, 5.86%, 0, 0, 2, 89.99, 338796, 204, 0, 0
3803, 0, 250, 424, 274, 34, 5.86%, 0, 0, 2, 89.90, 339252, 204, 0, 0
3808, 0, 256, 424, 274, 34, 5.86%, 0, 0, 2, 89.31, 339703, 204, 0, 0
3813, 0, 256, 424, 274, 34, 5.86%, 0, 0, 2, 89.18, 340153, 204, 0, 0
3818, 0, 256, 424, 274, 34, 5.86%, 0, 0, 2, 88.96, 340603, 204, 0, 0
3823, 0, 256, 424, 274, 34, 5.86%, 0, 0, 2, 89.08, 341053, 204, 0, 0
3828, 0, 256, 424, 274, 34, 5.86%, 0, 0, 2, 88.74, 341504, 204, 0, 0
3833, 0, 256, 424, 274, 34, 5.86%, 0, 0, 2, 88.59, 341952, 204, 0, 0
3838, 0, 256, 424, 274, 34, 5.86%, 0, 0, 2, 88.95, 342402, 204, 0, 0
3843, 0, 256, 424, 274, 34, 5.86%, 0, 0, 2, 89.26, 342852, 204, 0, 0
3848, 0, 256, 424, 274, 34, 5.86%, 0, 0, 2, 89.52, 343307, 204, 0, 0
3853, 0, 256, 424, 274, 34, 5.86%, 0, 0, 2, 89.50, 343758, 204, 0, 0
3859, 0, 256, 424, 274, 34, 5.86%, 0, 0, 2, 89.93, 344218, 204, 0, 0
3864, 0, 256, 424, 274, 34, 5.86%, 0, 0, 2, 89.98, 344681, 204, 0, 0
3869, 0, 256, 424, 274, 34, 5.86%, 0, 0, 2, 89.53, 345132, 204, 0, 0
3874, 0, 256, 424, 274, 34, 5.86%, 0, 0, 2, 88.91, 345582, 204, 0, 0
3879, 0, 256, 424, 274, 34, 5.86%, 0, 0, 2, 88.71, 346032, 204, 0, 0
3884, 0, 256, 424, 274, 34, 5.86%, 0, 0, 2, 89.28, 346486, 204, 0, 0
3889, 0, 256, 424, 274, 34, 5.86%, 0, 0, 2, 89.35, 346940, 204, 0, 0
3894, 0, 256, 424, 274, 34, 5.86%, 0, 0, 2, 89.21, 347392, 204, 0, 0
3899, 0, 265, 424, 274, 34, 5.86%, 0, 0, 2, 90.24, 347860, 204, 0, 0
3904, 0, 265, 424, 274, 34, 5.86%, 0, 0, 2, 90.46, 348326, 204, 0, 0
3910, 0, 265, 424, 274, 34, 5.86%, 0, 0, 2, 90.19, 348789, 204, 0, 0
3915, 0, 265, 424, 274, 34, 5.86%, 0, 0, 2, 90.26, 349255, 204, 0, 0
3920, 0, 265, 424, 274, 34, 5.86%, 0, 0, 2, 90.36, 349723, 204, 0, 0
3925, 0, 265, 424, 274, 34, 5.86%, 0, 0, 2, 90.56, 350192, 204, 0, 0
3930, 0, 265, 424, 274, 34, 5.86%, 0, 0, 2, 90.60, 350659, 204, 0, 0
3935, 0, 265, 424, 274, 34, 5.86%, 0, 0, 2, 90.73, 351130, 204, 0, 0
3941, 0, 265, 424, 274, 34, 5.86%, 0, 0, 2, 90.91, 351603, 204, 0, 0
3946, 0, 265, 424, 274, 34, 5.86%, 0, 0, 2, 90.92, 352076, 204, 0, 0
3951, 0, 265, 424, 274, 34, 5.86%, 0, 0, 2, 90.56, 352547, 204, 0, 0
3956, 0, 265, 424, 274, 34, 5.86%, 0, 0, 2, 90.65, 353017, 204, 0, 0
3961, 0, 265, 424, 274, 34, 5.86%, 0, 0, 2, 90.69, 353486, 204, 0, 0
3967, 0, 265, 424, 274, 34, 5.86%, 0, 0, 2, 90.90, 353959, 204, 0, 0
3972, 0, 265, 424, 274, 34, 5.86%, 0, 0, 2, 91.36, 354433, 204, 0, 0
3977, 0, 265, 424, 274, 34, 5.86%, 0, 0, 2, 91.27, 354908, 204, 0, 0
3982, 0, 265, 424, 274, 34, 5.86%, 0, 0, 2, 91.14, 355382, 204, 0, 0
3987, 0, 294, 424, 274, 34, 5.86%, 0, 0, 2, 90.66, 355850, 204, 0, 0
3992, 0, 294, 424, 274, 34, 5.86%, 0, 0, 2, 90.15, 356311, 204, 0, 0
3997, 0, 294, 424, 274, 34, 5.86%, 0, 0, 2, 89.74, 356766, 204, 0, 0
4003, 0, 294, 424, 274, 34, 5.86%, 0, 0, 2, 89.55, 357216, 204, 0, 0
4008, 0, 294, 424, 274, 34, 5.86%, 0, 0, 2, 89.37, 357668, 204, 0, 0
4013, 0, 294, 424, 274, 34, 5.86%, 0, 0, 2, 89.34, 358118, 204, 0, 0
4018, 0, 294, 424, 274, 34, 5.86%, 0, 0, 2, 88.92, 358568, 204, 0, 0
4023, 0, 294, 424, 274, 34, 5.86%, 0, 0, 2, 89.48, 359021, 204, 0, 0
4028, 0, 294, 424, 274, 34, 5.86%, 0, 0, 2, 89.61, 359475, 204, 0, 0
4033, 0, 294, 424, 274, 34, 5.86%, 0, 0, 2, 89.82, 359931, 204, 0, 0
4038, 0, 294, 424, 274, 34, 5.86%, 0, 0, 2, 89.65, 360382, 204, 0, 0
4043, 0, 294, 424, 274, 34, 5.86%, 0, 0, 2, 89.78, 360840, 204, 0, 0
4048, 0, 294, 424, 274, 34, 5.86%, 0, 0, 2, 89.80, 361295, 204, 0, 0
4053, 0, 294, 424, 274, 34, 5.86%, 0, 0, 2, 89.90, 361753, 204, 0, 0
4058, 0, 294, 424, 274, 34, 5.86%, 0, 0, 2, 90.03, 362211, 204, 0, 0
4063, 0, 294, 424, 274, 34, 5.86%, 0, 0, 2, 89.87, 362668, 204, 0, 0
4068, 0, 294, 424, 274, 34, 5.86%, 0, 0, 2, 89.77, 363122, 204, 0, 0
4074, 0, 294, 424, 274, 34, 5.86%, 0, 0, 2, 89.91, 363580, 204, 0, 0
4079, 0, 324, 424, 274, 34, 5.86%, 0, 0, 2, 88.37, 364036, 204, 0, 0
4084, 0, 324, 424, 274, 34, 5.86%, 0, 0, 2, 87.36, 364485, 204, 0, 0
4089, 0, 324, 424, 274, 34, 5.86%, 0, 0, 2, 87.37, 364935, 204, 0, 0
4094, 0, 324, 424, 274, 34, 5.86%, 0, 0, 2, 87.28, 365385, 204, 0, 0
4099, 0, 324, 424, 274, 34, 5.86%, 0, 0, 2, 87.22, 365835, 204, 0, 0
4104, 0, 324, 424, 274, 34, 5.86%, 0, 0, 2, 87.03, 366284, 204, 0, 0
4110, 0, 324, 424, 274, 34, 5.86%, 0, 0, 2, 87.26, 366734, 204, 0, 0
4115, 0, 324, 424, 274, 34, 5.86%, 0, 0, 2, 87.11, 367184, 204, 0, 0
4120, 0, 324, 424, 274, 34, 5.86%, 0, 0, 2, 87.28, 367634, 204, 0, 0
4125, 0, 324, 424, 274, 34, 5.86%, 0, 0, 2, 87.41, 368084, 204, 0, 0
4130, 0, 324, 424, 274, 34, 5.86%, 0, 0, 2, 87.53, 368534, 204, 0, 0
4135, 0, 324, 424, 274, 34, 5.86%, 0, 0, 2, 86.81, 368983, 204, 0, 0
4141, 0, 324, 424, 274, 34, 5.86%, 0, 0, 2, 86.90, 369432, 204, 0, 0
4146, 0, 324, 424, 274, 34, 5.86%, 0, 0, 2, 86.91, 369881, 204, 0, 0
4151, 0, 324, 424, 274, 34, 5.86%, 0, 0, 2, 86.56, 370329, 204, 0, 0
4156, 0, 324, 424, 274, 34, 5.86%, 0, 0, 2, 86.92, 370777, 204, 0, 0
4161, 0, 324, 424, 274, 34, 5.86%, 0, 0, 2, 86.14, 371222, 204, 0, 0
4166, 0, 324, 424, 274, 34, 5.86%, 0, 0, 2, 86.76, 371672, 204, 0, 0
4172, 0, 327, 424, 274, 34, 5.86%, 0, 0, 2, 87.24, 372120, 204, 0, 0
4177, 0, 327, 424, 274, 34, 5.86%, 0, 0, 2, 89.20, 372577, 204, 0, 0
4182, 0, 327, 424, 274, 34, 5.86%, 0, 0, 2, 89.93, 373034, 204, 0, 0
4187, 0, 327, 424, 274, 34, 5.86%, 0, 0, 2, 89.67, 373489, 204, 0, 0
4192, 0, 327, 424, 274, 34, 5.86%, 0, 0, 2, 89.87, 373943, 204, 0, 0
4197, 0, 327, 424, 274, 34, 5.86%, 0, 0, 2, 90.01, 374403, 204, 0, 0
4202, 0, 327, 424, 274, 34, 5.86%, 0, 0, 2, 89.74, 374857, 204, 0, 0
4207, 0, 327, 424, 274, 34, 5.86%, 0, 0, 2, 89.54, 375311, 204, 0, 0
4212, 0, 327, 424, 274, 34, 5.86%, 0, 0, 2, 89.82, 375769, 204, 0, 0
4217, 0, 327, 424, 274, 34, 5.86%, 0, 0, 2, 90.06, 376230, 204, 0, 0
4222, 0, 327, 424, 274, 34, 5.86%, 0, 0, 2, 89.86, 376691, 204, 0, 0
4228, 0, 327, 424, 274, 34, 5.86%, 0, 0, 2, 90.10, 377149, 204, 0, 0
4233, 0, 327, 424, 274, 34, 5.86%, 0, 0, 2, 90.07, 377610, 204, 0, 0
4238, 0, 327, 424, 274, 34, 5.86%, 0, 0, 2, 90.26, 378073, 204, 0, 0
4243, 0, 327, 424, 274, 34, 5.86%, 0, 0, 2, 90.16, 378535, 204, 0, 0
4248, 0, 327, 424, 274, 34, 5.86%, 0, 0, 2, 89.94, 378995, 204, 0, 0
4253, 0, 327, 424, 274, 34, 5.86%, 0, 0, 2, 90.04, 379454, 204, 0, 0
4258, 0, 327, 424, 274, 34, 5.86%, 0, 0, 2, 89.69, 379910, 204, 0, 0
4263, 0, 381, 424, 274, 34, 5.86%, 0, 0, 2, 88.89, 380363, 204, 0, 0
4268, 0, 381, 424, 274, 34, 5.86%, 0, 0, 2, 87.75, 380813, 204, 0, 0
4274, 0, 381, 424, 274, 34, 5.86%, 0, 0, 2, 87.47, 381262, 204, 0, 0
4279, 0, 381, 424, 274, 34, 5.86%, 0, 0, 2, 87.78, 381712, 204, 0, 0
4284, 0, 381, 424, 274, 34, 5.86%, 0, 0, 2, 87.45, 382161, 204, 0, 0
4289, 0, 381, 424, 274, 34, 5.86%, 0, 0, 2, 87.96, 382611, 204, 0, 0
4294, 0, 381, 424, 274, 34, 5.86%, 0, 0, 2, 87.67, 383061, 204, 0, 0
4299, 0, 381, 424, 274, 34, 5.86%, 0, 0, 2, 87.47, 383511, 204, 0, 0
4304, 0, 381, 424, 274, 34, 5.86%, 0, 0, 2, 87.79, 383961, 204, 0, 0
4310, 0, 381, 424, 274, 34, 5.86%, 0, 0, 2, 87.24, 384410, 204, 0, 0
4315, 0, 381, 424, 274, 34, 5.86%, 0, 0, 2, 87.08, 384859, 204, 0, 0
4320, 0, 381, 424, 274, 34, 5.86%, 0, 0, 2, 87.28, 385309, 204, 0, 0
4325, 0, 381, 424, 274, 34, 5.86%, 0, 0, 2, 87.21, 385757, 204, 0, 0
4330, 0, 381, 424, 274, 34, 5.86%, 0, 0, 2, 87.32, 386207, 204, 0, 0
4335, 0, 381, 424, 274, 34, 5.86%, 0, 0, 2, 87.67, 386658, 204, 0, 0
4340, 0, 381, 424, 274, 34, 5.86%, 0, 0, 2, 87.19, 387107, 204, 0, 0
4346, 0, 381, 424, 274, 34, 5.86%, 0, 0, 2, 87.44, 387557, 204, 0, 0
4351, 0, 381, 424, 274, 34, 5.86%, 0, 0, 2, 87.11, 388006, 204, 0, 0
4356, 0, 395, 424, 274, 34, 5.86%, 0, 0, 2, 87.71, 388457, 204, 0, 0
4361, 0, 395, 424, 274, 34, 5.86%, 0, 0, 2, 88.79, 388910, 204, 0, 0
4366, 0, 395, 424, 274, 34, 5.86%, 0, 0, 2, 89.21, 389366, 204, 0, 0
4371, 0, 395, 424, 274, 34, 5.86%, 0, 0, 2, 89.43, 389819, 204, 0, 0
4376, 0, 395, 424, 274, 34, 5.86%, 0, 0, 2, 89.15, 390271, 204, 0, 0
4381, 0, 395, 424, 274, 34, 5.86%, 0, 0, 2, 88.93, 390723, 204, 0, 0
4386, 0, 395, 424, 274, 34, 5.86%, 0, 0, 2, 89.27, 391179, 204, 0, 0
4391, 0, 395, 424, 274, 34, 5.86%, 0, 0, 2, 89.43, 391633, 204, 0, 0
4397, 0, 395, 424, 274, 34, 5.86%, 0, 0, 2, 89.47, 392088, 204, 0, 0
4402, 0, 395, 424, 274, 34, 5.86%, 0, 0, 2, 89.10, 392541, 204, 0, 0
4407, 0, 395, 424, 274, 34, 5.86%, 0, 0, 2, 89.03, 392994, 204, 0, 0
4412, 0, 395, 424, 274, 34, 5.86%, 0, 0, 2, 89.06, 393444, 204, 0, 0
4417, 0, 395, 424, 274, 34, 5.86%, 0, 0, 2, 89.16, 393897, 204, 0, 0
4422, 0, 395, 424, 274, 34, 5.86%, 0, 0, 2, 89.21, 394349, 204, 0, 0
4427, 0, 395, 424, 274, 34, 5.86%, 0, 0, 2, 89.34, 394804, 204, 0, 0
4432, 0, 395, 424, 274, 34, 5.86%, 0, 0, 2, 89.13, 395258, 204, 0, 0
4437, 0, 395, 424, 274, 34, 5.86%, 0, 0, 2, 89.02, 395711, 204, 0, 0
4442, 0, 395, 424, 274, 34, 5.86%, 0, 0, 2, 88.99, 396163, 204, 0, 0
4447, 0, 415, 424, 274, 34, 5.86%, 0, 0, 2, 88.36, 396613, 204, 0, 0
4452, 0, 415, 424, 274, 34, 5.86%, 0, 0, 2, 84.76, 397038, 204, 0, 0
4457, 0, 415, 424, 274, 34, 5.86%, 0, 0, 2, 84.34, 397463, 204, 0, 0
4463, 0, 415, 424, 274, 34, 5.86%, 0, 0, 2, 84.17, 397889, 204, 0, 0
4468, 0, 415, 424, 274, 34, 5.86%, 0, 0, 2, 83.52, 398313, 204, 0, 0
4473, 0, 415, 424, 274, 34, 5.86%, 0, 0, 2, 83.68, 398738, 204, 0, 0
4478, 0, 415, 424, 274, 34, 5.86%, 0, 0, 2, 82.65, 399157, 204, 0, 0
4483, 0, 415, 424, 274, 34, 5.86%, 0, 0, 2, 83.55, 399582, 204, 0, 0
4488, 0, 415, 424, 274, 34, 5.86%, 0, 0, 2, 84.07, 400007, 204, 0, 0
4493, 0, 415, 424, 274, 34, 5.86%, 0, 0, 2, 84.33, 400432, 204, 0, 0
4498, 0, 415, 424, 274, 34, 5.86%, 0, 0, 2, 84.31, 400858, 204, 0, 0
4503, 0, 415, 424, 274, 34, 5.86%, 0, 0, 2, 83.99, 401283, 204, 0, 0
4508, 0, 415, 424, 274, 34, 5.86%, 0, 0, 2, 83.81, 401708, 204, 0, 0
4513, 0, 415, 424, 274, 34, 5.86%, 0, 0, 2, 83.96, 402133, 204, 0, 0
4518, 0, 415, 424, 274, 34, 5.86%, 0, 0, 2, 83.90, 402558, 204, 0, 0
4523, 0, 415, 424, 274, 34, 5.86%, 0, 0, 2, 83.50, 402982, 204, 0, 0
4528, 0, 415, 424, 274, 34, 5.86%, 0, 0, 2, 83.68, 403407, 204, 0, 0
4534, 0, 415, 424, 274, 34, 5.86%, 0, 0, 2, 83.89, 403832, 204, 0, 0
4539, 0, 415, 424, 274, 34, 5.86%, 0, 0, 2, 83.92, 404257, 204, 0, 0
4544, 0, 415, 424, 274, 34, 5.86%, 0, 0, 2, 83.63, 404682, 204, 0, 0
4549, 0, 416, 424, 274, 34, 5.86%, 0, 0, 2, 87.30, 405126, 204, 0, 0
4554, 0, 416, 424, 274, 34, 5.86%, 0, 0, 2, 88.45, 405575, 204, 0, 0
4559, 0, 416, 424, 274, 34, 5.86%, 0, 0, 2, 88.52, 406025, 204, 0, 0
4564, 0, 416, 424, 274, 34, 5.86%, 0, 0, 2, 88.68, 406475, 204, 0, 0
4569, 0, 416, 424, 274, 34, 5.86%, 0, 0, 2, 88.63, 406925, 204, 0, 0
4574, 0, 416, 424, 274, 34, 5.86%, 0, 0, 2, 88.29, 407375, 204, 0, 0
4579, 0, 416, 424, 274, 34, 5.86%, 0, 0, 2, 88.33, 407825, 204, 0, 0
4584, 0, 416, 424, 274, 34, 5.86%, 0, 0, 2, 88.09, 408274, 204, 0, 0
4589, 0, 416, 424, 274, 34, 5.86%, 0, 0, 2, 88.88, 408724, 204, 0, 0
4594, 0, 416, 424, 274, 34, 5.86%, 0, 0, 2, 88.94, 409173, 204, 0, 0
4599, 0, 416, 424, 274, 34, 5.86%, 0, 0, 2, 88.89, 409623, 204, 0, 0
4605, 0, 416, 424, 274, 34, 5.86%, 0, 0, 2, 88.36, 410073, 204, 0, 0
4610, 0, 416, 424, 274, 34, 5.86%, 0, 0, 2, 88.88, 410523, 204, 0, 0
4615, 0, 416, 424, 274, 34, 5.86%, 0, 0, 2, 88.63, 410973, 204, 0, 0
4620, 0, 416, 424, 274, 34, 5.86%, 0, 0, 2, 88.24, 411423, 204, 0, 0
4625, 0, 416, 424, 274, 34, 5.86%, 0, 0, 2, 88.06, 411872, 204, 0, 0
4630, 0, 416, 424, 274, 34, 5.86%, 0, 0, 2, 88.36, 412322, 204, 0, 0
4635, 0, 416, 424, 274, 34, 5.86%, 0, 0, 2, 88.38, 412772, 204, 0, 0
4640, 1, 202, 424, 274, 34, 5.86%, 0, 0, 2, 89.61, 413229, 204, 0, 0
4645, 1, 202, 424, 274, 34, 5.86%, 0, 0, 2, 90.24, 413699, 204, 0, 0
4651, 1, 202, 424, 274, 34, 5.86%, 0, 0, 2, 90.43, 414166, 204, 0, 0
4656, 1, 202, 424, 274, 34, 5.86%, 0, 0, 2, 90.57, 414637, 204, 0, 0
4661, 1, 202, 424, 274, 34, 5.86%, 0, 0, 2, 90.69, 415107, 204, 0, 0
4666, 1, 202, 424, 274, 34, 5.86%, 0, 0, 2, 90.77, 415561, 204, 0, 0
4671, 1, 202, 424, 274, 34, 5.86%, 0, 0, 2, 90.80, 416016, 204, 0, 0
4676, 1, 202, 424, 274, 34, 5.86%, 0, 0, 2, 90.99, 416472, 204, 0, 0
4681, 1, 202, 424, 274, 34, 5.86%, 0, 0, 2, 90.84, 416945, 204, 0, 0
4686, 1, 202, 424, 274, 34, 5.86%, 0, 0, 2, 90.41, 417410, 204, 0, 0
4691, 1, 202, 424, 274, 34, 5.86%, 0, 0, 2, 90.50, 417879, 204, 0, 0
4697, 1, 202, 424, 274, 34, 5.86%, 0, 0, 2, 90.43, 418347, 204, 0, 0
4702, 1, 202, 424, 274, 34, 5.86%, 0, 0, 2, 90.05, 418808, 204, 0, 0
4707, 1, 202, 424, 274, 34, 5.86%, 0, 0, 2, 90.47, 419261, 204, 0, 0
4712, 1, 202, 424, 274, 34, 5.86%, 0, 0, 2, 90.51, 419727, 204, 0, 0
4717, 1, 202, 424, 274, 34, 5.86%, 0, 0, 2, 89.24, 420186, 204, 0, 0
4722, 1, 202, 424, 274, 34, 5.86%, 0, 0, 2, 90.10, 420653, 204, 0, 0
4727, 1, 202, 424, 274, 34, 5.86%, 0, 0, 2, 90.18, 421114, 204, 0, 0
4732, 1, 245, 424, 274, 34, 5.86%, 0, 0, 2, 90.11, 421575, 204, 0, 0
4738, 1, 245, 424, 274, 34, 5.86%, 0, 0, 2, 90.06, 422034, 204, 0, 0
4743, 1, 245, 424, 274, 34, 5.86%, 0, 0, 2, 90.16, 422499, 204, 0, 0
4748, 1, 245, 424, 274, 34, 5.86%, 0, 0, 2, 89.73, 422953, 204, 0, 0
4753, 1, 245, 424, 274, 34, 5.86%, 0, 0, 2, 89.70, 423409, 204, 0, 0
4758, 1, 245, 424, 274, 34, 5.86%, 0, 0, 2, 89.80, 423869, 204, 0, 0
4763, 1, 245, 424, 274, 34, 5.86%, 0, 0, 2, 89.98, 424326, 204, 0, 0
4768, 1, 245, 424, 274, 34, 5.86%, 0, 0, 2, 90.12, 424792, 204, 0, 0
4773, 1, 245, 424, 274, 34, 5.86%, 0, 0, 2, 89.66, 425244, 204, 0, 0
4778, 1, 245, 424, 274, 34, 5.86%, 0, 0, 2, 89.56, 425696, 204, 0, 0
4783, 1, 245, 424, 274, 34, 5.86%, 0, 0, 2, 89.72, 426151, 204, 0, 0
4788, 1, 245, 424, 274, 34, 5.86%, 0, 0, 2, 89.68, 426607, 204, 0, 0
4794, 1, 245, 424, 274, 34, 5.86%, 0, 0, 2, 89.70, 427062, 204, 0, 0
4799, 1, 245, 424, 274, 34, 5.86%, 0, 0, 2, 90.01, 427519, 204, 0, 0
4804, 1, 245, 424, 274, 34, 5.86%, 0, 0, 2, 90.19, 427982, 204, 0, 0
4809, 1, 245, 424, 274, 34, 5.86%, 0, 0, 2, 90.14, 428444, 204, 0, 0
4814, 1, 245, 424, 274, 34, 5.86%, 0, 0, 2, 89.64, 428897, 204, 0, 0
4819, 1, 245, 424, 274, 34, 5.86%, 0, 0, 2, 89.85, 429356, 204, 0, 0
4824, 1, 327, 424, 274, 34, 5.86%, 0, 0, 2, 90.00, 429816, 204, 0, 0
4829, 1, 327, 424, 274, 34, 5.86%, 0, 0, 2, 89.84, 430275, 204, 0, 0
4834, 1, 327, 424, 274, 34, 5.86%, 0, 0, 2, 89.69, 430733, 204, 0, 0
4839, 1, 327, 424, 274, 34, 5.86%, 0, 0, 2, 89.84, 431186, 204, 0, 0
4845, 1, 327, 424, 274, 34, 5.86%, 0, 0, 2, 89.99, 431642, 204, 0, 0
4850, 1, 327, 424, 274, 34, 5.86%, 0, 0, 2, 89.91, 432097, 204, 0, 0
4855, 1, 327, 424, 274, 34, 5.86%, 0, 0, 2, 89.65, 432549, 204, 0, 0
4860, 1, 327, 424, 274, 34, 5.86%, 0, 0, 2, 89.39, 433004, 204, 0, 0
4865, 1, 327, 424, 274, 34, 5.86%, 0, 0, 2, 89.53, 433458, 204, 0, 0
4870, 1, 327, 424, 274, 34, 5.86%, 0, 0, 2, 89.04, 433908, 204, 0, 0
4875, 1, 327, 424, 274, 34, 5.86%, 0, 0, 2, 89.08, 434358, 204, 0, 0
4880, 1, 327, 424, 274, 34, 5.86%, 0, 0, 2, 89.23, 434812, 204, 0, 0
4885, 1, 327, 424, 274, 34, 5.86%, 0, 0, 2, 89.95, 435274, 204, 0, 0
4890, 1, 327, 424, 274, 34, 5.86%, 0, 0, 2, 89.89, 435732, 204, 0, 0
4895, 1, 327, 424, 274, 34, 5.86%, 0, 0, 2, 89.35, 436187, 204, 0, 0
4900, 1, 327, 424, 274, 34, 5.86%, 0, 0, 2, 89.05, 436638, 204, 0, 0
4905, 1, 327, 424, 274, 34, 5.86%, 0, 0, 2, 89.42, 437089, 204, 0, 0
4910, 1, 327, 424, 274, 34, 5.86%, 0, 0, 2, 89.23, 437540, 204, 0, 0
4916, 1, 372, 424, 274, 34, 5.86%, 0, 0, 2, 86.28, 437980, 204, 0, 0
4921, 1, 372, 424, 274, 34, 5.86%, 0, 0, 2, 85.33, 438422, 204, 0, 0
4926, 1, 372, 424, 274, 34, 5.86%, 0, 0, 2, 85.01, 438855, 204, 0, 0
4931, 1, 372, 424, 274, 34, 5.86%, 0, 0, 2, 84.77, 439288, 204, 0, 0
4936, 1, 372, 424, 274, 34, 5.86%, 0, 0, 2, 85.42, 439733, 204, 0, 0
4941, 1, 372, 424, 274, 34, 5.86%, 0, 0, 2, 85.45, 440176, 204, 0, 0
4947, 1, 372, 424, 274, 34, 5.86%, 0, 0, 2, 85.79, 440623, 204, 0, 0
4952, 1, 372, 424, 274, 34, 5.86%, 0, 0, 2, 85.91, 441069, 204, 0, 0
4957, 1, 372, 424, 274, 34, 5.86%, 0, 0, 2, 85.45, 441514, 204, 0, 0
4962, 1, 372, 424, 274, 34, 5.86%, 0, 0, 2, 85.59, 441959, 204, 0, 0
4967, 1, 372, 424, 274, 34, 5.86%, 0, 0, 2, 85.67, 442403, 204, 0, 0
4973, 1, 372, 424, 274, 34, 5.86%, 0, 0, 2, 86.02, 442851, 204, 0, 0
4978, 1, 372, 424, 274, 34, 5.86%, 0, 0, 2, 85.92, 443281, 204, 0, 0
4983, 1, 372, 424, 274, 34, 5.86%, 0, 0, 2, 85.79, 443710, 204, 0, 0
4988, 1, 372, 424, 274, 34, 5.86%, 0, 0, 2, 85.59, 444140, 204, 0, 0
4993, 1, 372, 424, 274, 34, 5.86%, 0, 0, 2, 85.48, 444568, 204, 0, 0
4998, 1, 372, 424, 274, 34, 5.86%, 0, 0, 2, 85.22, 445010, 204, 0, 0
5003, 1, 372, 424, 274, 34, 5.86%, 0, 0, 2, 85.01, 445447, 204, 0, 0
5008, 1, 429, 431, 281, 34, 5.86%, 0, 0, 2, 86.24, 445884, 204, 0, 0
5013, 1, 429, 431, 281, 34, 5.86%, 0, 0, 2, 88.46, 446337, 204, 0, 0
5018, 1, 429, 431, 281, 34, 5.86%, 0, 0, 2, 89.24, 446792, 204, 0, 0
5023, 1, 429, 431, 281, 34, 5.86%, 0, 0, 2, 89.43, 447247, 204, 0, 0
5028, 1, 429, 431, 281, 34, 5.86%, 0, 0, 2, 89.37, 447700, 204, 0, 0
5033, 1, 429, 431, 281, 34, 5.86%, 0, 0, 2, 89.72, 448157, 204, 0, 0
5038, 1, 429, 431, 281, 34, 5.86%, 0, 0, 2, 89.55, 448610, 204, 0, 0
5044, 1, 429, 431, 281, 34, 5.86%, 0, 0, 2, 89.69, 449068, 204, 0, 0
5049, 1, 429, 431, 281, 34, 5.86%, 0, 0, 2, 89.68, 449523, 204, 0, 0
5054, 1, 429, 431, 281, 34, 5.86%, 0, 0, 2, 89.94, 449982, 204, 0, 0
5059, 1, 429, 431, 281, 34, 5.86%, 0, 0, 2, 90.06, 450440, 204, 0, 0
5064, 1, 429, 431, 281, 34, 5.86%, 0, 0, 2, 89.80, 450895, 204, 0, 0
5069, 1, 429, 431, 281, 34, 5.86%, 0, 0, 2, 89.71, 451353, 204, 0, 0
5074, 1, 429, 431, 281, 34, 5.86%, 0, 0, 2, 90.17, 451815, 204, 0, 0
5079, 1, 429, 431, 281, 34, 5.86%, 0, 0, 2, 89.76, 452271, 204, 0, 0
5084, 1, 429, 431, 281, 34, 5.86%, 0, 0, 2, 89.52, 452726, 204, 0, 0
5089, 1, 429, 431, 281, 34, 5.86%, 0, 0, 2, 89.86, 453186, 204, 0, 0
5094, 1, 429, 431, 281, 34, 5.86%, 0, 0, 2, 89.42, 453639, 204, 0, 0
5100, 2, 118, 431, 281, 34, 5.86%, 0, 0, 2, 89.80, 454097, 204, 0, 0
5105, 2, 118, 431, 281, 34, 5.86%, 0, 0, 2, 90.65, 454553, 204, 0, 0
5110, 2, 118, 431, 281, 34, 5.86%, 0, 0, 2, 90.88, 455025, 204, 0, 0
5115, 2, 118, 431, 281, 34, 5.86%, 0, 0, 2, 90.96, 455499, 204, 0, 0
5120, 2, 118, 431, 281, 34, 5.86%, 0, 0, 2, 90.72, 455970, 204, 0, 0
5125, 2, 118, 431, 281, 34, 5.86%, 0, 0, 2, 90.55, 456436, 204, 0, 0
5131, 2, 118, 431, 281, 34, 5.86%, 0, 0, 2, 90.79, 456907, 204, 0, 0
5136, 2, 118, 431, 281, 34, 5.86%, 0, 0, 2, 90.59, 457375, 204, 0, 0
5141, 2, 118, 431, 281, 34, 5.86%, 0, 0, 2, 90.74, 457845, 204, 0, 0
5146, 2, 118, 431, 281, 34, 5.86%, 0, 0, 2, 90.61, 458313, 204, 0, 0
5151, 2, 118, 431, 281, 34, 5.86%, 0, 0, 2, 90.62, 458783, 204, 0, 0
5156, 2, 118, 431, 281, 34, 5.86%, 0, 0, 2, 90.70, 459253, 204, 0, 0
5162, 2, 118, 431, 281, 34, 5.86%, 0, 0, 2, 90.34, 459718, 204, 0, 0
5167, 2, 118, 431, 281, 34, 5.86%, 0, 0, 2, 90.52, 460187, 204, 0, 0
5172, 2, 118, 431, 281, 34, 5.86%, 0, 0, 2, 90.43, 460654, 204, 0, 0
5177, 2, 118, 431, 281, 34, 5.86%, 0, 0, 2, 90.73, 461124, 204, 0, 0
5182, 2, 118, 431, 281, 34, 5.86%, 0, 0, 2, 91.21, 461598, 204, 0, 0
5187, 2, 118, 431, 281, 34, 5.86%, 0, 0, 2, 90.68, 462069, 204, 0, 0
5193, 2, 201, 431, 281, 34, 5.86%, 0, 0, 2, 90.09, 462530, 204, 0, 0
5198, 2, 201, 431, 281, 34, 5.86%, 0, 0, 2, 89.56, 462985, 204, 0, 0
5203, 2, 201, 431, 281, 34, 5.86%, 0, 0, 2, 89.56, 463439, 204, 0, 0
5208, 2, 201, 431, 281, 34, 5.86%, 0, 0, 2, 89.85, 463894, 204, 0, 0
5213, 2, 201, 431, 281, 34, 5.86%, 0, 0, 2, 89.77, 464349, 204, 0, 0
5218, 2, 201, 431, 281, 34, 5.86%, 0, 0, 2, 89.69, 464803, 204, 0, 0
5223, 2, 201, 431, 281, 34, 5.86%, 0, 0, 2, 89.65, 465256, 204, 0, 0
5228, 2, 201, 431, 281, 34, 5.86%, 0, 0, 2, 89.73, 465711, 204, 0, 0
5233, 2, 201, 431, 281, 34, 5.86%, 0, 0, 2, 89.39, 466164, 204, 0, 0
5238, 2, 201, 431, 281, 34, 5.86%, 0, 0, 2, 89.59, 466618, 204, 0, 0
5243, 2, 201, 431, 281, 34, 5.86%, 0, 0, 2, 89.81, 467074, 204, 0, 0
5248, 2, 201, 431, 281, 34, 5.86%, 0, 0, 2, 89.78, 467527, 204, 0, 0
5253, 2, 201, 431, 281, 34, 5.86%, 0, 0, 2, 89.78, 467983, 204, 0, 0
5258, 2, 201, 431, 281, 34, 5.86%, 0, 0, 2, 89.61, 468435, 204, 0, 0
5264, 2, 201, 431, 281, 34, 5.86%, 0, 0, 2, 90.01, 468896, 204, 0, 0
5269, 2, 201, 431, 281, 34, 5.86%, 0, 0, 2, 90.26, 469365, 204, 0, 0
5274, 2, 201, 431, 281, 34, 5.86%, 0, 0, 2, 90.23, 469830, 204, 0, 0
5279, 2, 201, 431, 281, 34, 5.86%, 0, 0, 2, 89.96, 470291, 204, 0, 0
5284, 2, 253, 431, 281, 34, 5.86%, 0, 0, 2, 91.41, 470764, 204, 0, 0
5289, 2, 253, 431, 281, 34, 5.86%, 0, 0, 2, 91.55, 471238, 204, 0, 0
5295, 2, 253, 431, 281, 34, 5.86%, 0, 0, 2, 91.32, 471713, 204, 0, 0
5300, 2, 253, 431, 281, 34, 5.86%, 0, 0, 2, 91.23, 472186, 204, 0, 0
5305, 2, 253, 431, 281, 34, 5.86%, 0, 0, 2, 91.32, 472660, 204, 0, 0
5310, 2, 253, 431, 281, 34, 5.86%, 0, 0, 2, 91.32, 473134, 204, 0, 0
5315, 2, 253, 431, 281, 34, 5.86%, 0, 0, 2, 91.49, 473607, 204, 0, 0
5321, 2, 253, 431, 281, 34, 5.86%, 0, 0, 2, 91.36, 474081, 204, 0, 0
5326, 2, 253, 431, 281, 34, 5.86%, 0, 0, 2, 91.44, 474554, 204, 0, 0
5331, 2, 253, 431, 281, 34, 5.86%, 0, 0, 2, 91.40, 475029, 204, 0, 0
5336, 2, 253, 431, 281, 34, 5.86%, 0, 0, 2, 91.42, 475504, 204, 0, 0
5341, 2, 253, 431, 281, 34, 5.86%, 0, 0, 2, 91.51, 475979, 204, 0, 0
5346, 2, 253, 431, 281, 34, 5.86%, 0, 0, 2, 91.53, 476453, 204, 0, 0
5352, 2, 253, 431, 281, 34, 5.86%, 0, 0, 2, 91.28, 476926, 204, 0, 0
5357, 2, 253, 431, 281, 34, 5.86%, 0, 0, 2, 91.30, 477400, 204, 0, 0
5362, 2, 253, 431, 281, 34, 5.86%, 0, 0, 2, 91.48, 477875, 204, 0, 0
5367, 2, 253, 431, 281, 34, 5.86%, 0, 0, 2, 91.61, 478350, 204, 0, 0
5372, 3, 294, 431, 281, 34, 5.86%, 0, 0, 2, 90.61, 478814, 204, 0, 0
5377, 3, 294, 431, 281, 34, 5.86%, 0, 0, 2, 89.81, 479271, 204, 0, 0
5383, 3, 294, 431, 281, 34, 5.86%, 0, 0, 2, 89.70, 479726, 204, 0, 0
5388, 3, 294, 431, 281, 34, 5.86%, 0, 0, 2, 89.81, 480185, 204, 0, 0
5393, 3, 294, 431, 281, 34, 5.86%, 0, 0, 2, 90.06, 480643, 204, 0, 0
5398, 3, 294, 431, 281, 34, 5.86%, 0, 0, 2, 89.51, 481094, 204, 0, 0
5403, 3, 294, 431, 281, 34, 5.86%, 0, 0, 2, 90.30, 481561, 204, 0, 0
5408, 3, 294, 431, 281, 34, 5.86%, 0, 0, 2, 90.22, 482026, 204, 0, 0
5413, 3, 294, 431, 281, 34, 5.86%, 0, 0, 2, 90.28, 482492, 204, 0, 0
5418, 3, 294, 431, 281, 34, 5.86%, 0, 0, 2, 90.25, 482958, 204, 0, 0
5423, 3, 294, 431, 281, 34, 5.86%, 0, 0, 2, 89.69, 483411, 204, 0, 0
5429, 3, 294, 431, 281, 34, 5.86%, 0, 0, 2, 89.57, 483864, 204, 0, 0
5434, 3, 294, 431, 281, 34, 5.86%, 0, 0, 2, 89.86, 484319, 204, 0, 0
5439, 3, 294, 431, 281, 34, 5.86%, 0, 0, 2, 89.85, 484783, 204, 0, 0
5444, 3, 294, 431, 281, 34, 5.86%, 0, 0, 2, 89.94, 485244, 204, 0, 0
5449, 3, 294, 431, 281, 34, 5.86%, 0, 0, 2, 89.86, 485701, 204, 0, 0
5454, 3, 294, 431, 281, 34, 5.86%, 0, 0, 2, 90.06, 486157, 204, 0, 0
5459, 3, 294, 431, 281, 34, 5.86%, 0, 0, 2, 90.02, 486616, 204, 0, 0
5464, 4, 12, 431, 281, 34, 5.86%, 0, 0, 2, 90.11, 487078, 204, 0, 0
5469, 4, 12, 431, 281, 34, 5.86%, 0, 0, 2, 89.78, 487536, 204, 0, 0
5474, 4, 12, 431, 281, 34, 5.86%, 0, 0, 2, 89.93, 487997, 204, 0, 0
5480, 4, 12, 431, 281, 34, 5.86%, 0, 0, 2, 89.68, 488449, 204, 0, 0
5485, 4, 12, 431, 281, 34, 5.86%, 0, 0, 2, 89.85, 488906, 204, 0, 0
5490, 4, 12, 431, 281, 34, 5.86%, 0, 0, 2, 89.78, 489363, 204, 0, 0
5495, 4, 12, 431, 281, 34, 5.86%, 0, 0, 2, 89.92, 489822, 204, 0, 0
5500, 4, 12, 431, 281, 34, 5.86%, 0, 0, 2, 89.82, 490284, 204, 0, 0
5505, 4, 12, 431, 281, 34, 5.86%, 0, 0, 2, 90.11, 490744, 204, 0, 0
5510, 4, 12, 431, 281, 34, 5.86%, 0, 0, 2, 90.05, 491205, 204, 0, 0
5515, 4, 12, 431, 281, 34, 5.86%, 0, 0, 2, 90.10, 491662, 204, 0, 0
5520, 4, 12, 431, 281, 34, 5.86%, 0, 0, 2, 89.83, 492118, 204, 0, 0
5525, 4, 12, 431, 281, 34, 5.86%, 0, 0, 2, 89.75, 492573, 204, 0, 0
5530, 4, 12, 431, 281, 34, 5.86%, 0, 0, 2, 89.86, 493028, 204, 0, 0
5536, 4, 12, 431, 281, 34, 5.86%, 0, 0, 2, 90.02, 493487, 204, 0, 0
5541, 4, 12, 431, 281, 34, 5.86%, 0, 0, 2, 89.94, 493944, 204, 0, 0
5546, 4, 12, 431, 281, 34, 5.86%, 0, 0, 2, 89.74, 494403, 204, 0, 0
5551, 4, 12, 431, 281, 34, 5.86%, 0, 0, 2, 90.10, 494866, 204, 0, 0
5556, 4, 381, 431, 281, 34, 5.86%, 0, 0, 2, 88.20, 495318, 204, 0, 0
5561, 4, 381, 431, 281, 34, 5.86%, 0, 0, 2, 87.63, 495768, 204, 0, 0
5566, 4, 381, 431, 281, 34, 5.86%, 0, 0, 2, 87.20, 496216, 204, 0, 0
5571, 4, 381, 431, 281, 34, 5.86%, 0, 0, 2, 87.55, 496666, 204, 0, 0
5577, 4, 381, 431, 281, 34, 5.86%, 0, 0, 2, 87.65, 497116, 204, 0, 0
5582, 4, 381, 431, 281, 34, 5.86%, 0, 0, 2, 87.65, 497566, 204, 0, 0
5587, 4, 381, 431, 281, 34, 5.86%, 0, 0, 2, 87.37, 498016, 204, 0, 0
5592, 4, 381, 431, 281, 34, 5.86%, 0, 0, 2, 86.92, 498464, 204, 0, 0
5597, 4, 381, 431, 281, 34, 5.86%, 0, 0, 2, 87.21, 498913, 204, 0, 0
5602, 4, 381, 431, 281, 34, 5.86%, 0, 0, 2, 86.96, 499362, 204, 0, 0
5607, 4, 381, 431, 281, 34, 5.86%, 0, 0, 2, 87.23, 499811, 204, 0, 0
5613, 4, 381, 431, 281, 34, 5.86%, 0, 0, 2, 87.16, 500260, 204, 0, 0
5618, 4, 381, 431, 281, 34, 5.86%, 0, 0, 2, 87.18, 500707, 204, 0, 0
5623, 4, 381, 431, 281, 34, 5.86%, 0, 0, 2, 87.07, 501157, 204, 0, 0
5628, 4, 381, 431, 281, 34, 5.86%, 0, 0, 2, 86.95, 501604, 204, 0, 0
5633, 4, 381, 431, 281, 34, 5.86%, 0, 0, 2, 86.99, 502054, 204, 0, 0
5638, 4, 381, 431, 281, 34, 5.86%, 0, 0, 2, 86.96, 502504, 204, 0, 0
5644, 4, 381, 431, 281, 34, 5.86%, 0, 0, 2, 87.38, 502954, 204, 0, 0
5649, 5, 236, 431, 281, 34, 5.86%, 0, 0, 2, 88.80, 503405, 204, 0, 0
5654, 5, 236, 431, 281, 34, 5.86%, 0, 0, 2, 89.66, 503860, 204, 0, 0
5659, 5, 236, 431, 281, 34, 5.86%, 0, 0, 2, 89.73, 504316, 204, 0, 0
5664, 5, 236, 431, 281, 34, 5.86%, 0, 0, 2, 89.76, 504771, 204, 0, 0
5669, 5, 236, 431, 281, 34, 5.86%, 0, 0, 2, 89.67, 505225, 204, 0, 0
5674, 5, 236, 431, 281, 34, 5.86%, 0, 0, 2, 89.62, 505683, 204, 0, 0
5679, 5, 236, 431, 281, 34, 5.86%, 0, 0, 2, 89.73, 506141, 204, 0, 0
5684, 5, 236, 431, 281, 34, 5.86%, 0, 0, 2, 89.78, 506597, 204, 0, 0
5689, 5, 236, 431, 281, 34, 5.86%, 0, 0, 2, 90.17, 507060, 204, 0, 0
5694, 5, 236, 431, 281, 34, 5.86%, 0, 0, 2, 90.06, 507521, 204, 0, 0
5700, 5, 236, 431, 281, 34, 5.86%, 0, 0, 2, 89.56, 507976, 204, 0, 0
5705, 5, 236, 431, 281, 34, 5.86%, 0, 0, 2, 89.82, 508433, 204, 0, 0
5710, 5, 236, 431, 281, 34, 5.86%, 0, 0, 2, 90.14, 508897, 204, 0, 0
5715, 5, 236, 431, 281, 34, 5.86%, 0, 0, 2, 90.19, 509359, 204, 0, 0
5720, 5, 236, 431, 281, 34, 5.86%, 0, 0, 2, 89.76, 509815, 204, 0, 0
5725, 5, 236, 431, 281, 34, 5.86%, 0, 0, 2, 89.90, 510274, 204, 0, 0
5730, 5, 236, 431, 281, 34, 5.86%, 0, 0, 2, 90.00, 510734, 204, 0, 0
5735, 5, 236, 431, 281, 34, 5.86%, 0, 0, 2, 89.91, 511192, 204, 0, 0
5740, 5, 275, 431, 281, 34, 5.86%, 0, 0, 2, 89.58, 511644, 204, 0, 0
5745, 5, 275, 431, 281, 34, 5.86%, 0, 0, 2, 89.13, 512095, 204, 0, 0
5750, 5, 275, 431, 281, 34, 5.86%, 0, 0, 2, 89.60, 512549, 204, 0, 0
5756, 5, 275, 431, 281, 34, 5.86%, 0, 0, 2, 89.93, 513005, 204, 0, 0
5761, 5, 275, 431, 281, 34, 5.86%, 0, 0, 2, 89.50, 513457, 204, 0, 0
5766, 5, 275, 431, 281, 34, 5.86%, 0, 0, 2, 89.43, 513910, 204, 0, 0
5771, 5, 275, 431, 281, 34, 5.86%, 0, 0, 2, 89.54, 514364, 204, 0, 0
5776, 5, 275, 431, 281, 34, 5.86%, 0, 0, 2, 89.54, 514816, 204, 0, 0
5781, 5, 275, 431, 281, 34, 5.86%, 0, 0, 2, 89.71, 515272, 204, 0, 0
5786, 5, 275, 431, 281, 34, 5.86%, 0, 0, 2, 89.96, 515733, 204, 0, 0
5791, 5, 275, 431, 281, 34, 5.86%, 0, 0, 2, 90.33, 516198, 204, 0, 0
5796, 5, 275, 431, 281, 34, 5.86%, 0, 0, 2, 90.28, 516661, 204, 0, 0
5801, 5, 275, 431, 281, 34, 5.86%, 0, 0, 2, 89.96, 517119, 204, 0, 0
5806, 5, 275, 431, 281, 34, 5.86%, 0, 0, 2, 89.72, 517580, 204, 0, 0
5812, 5, 275, 431, 281, 34, 5.86%, 0, 0, 2, 89.84, 518033, 204, 0, 0
5817, 5, 275, 431, 281, 34, 5.86%, 0, 0, 2, 89.92, 518492, 204, 0, 0
5822, 5, 275, 431, 281, 34, 5.86%, 0, 0, 2, 89.71, 518943, 204, 0, 0
5827, 5, 275, 431, 281, 34, 5.86%, 0, 0, 2, 89.69, 519400, 204, 0, 0
5832, 6, 51, 431, 281, 34, 5.86%, 0, 0, 2, 89.61, 519855, 204, 0, 0
5837, 6, 51, 431, 281, 34, 5.86%, 0, 0, 2, 89.91, 520315, 204, 0, 0
5842, 6, 51, 431, 281, 34, 5.86%, 0, 0, 2, 89.79, 520771, 204, 0, 0
5847, 6, 51, 431, 281, 34, 5.86%, 0, 0, 2, 89.78, 521228, 204, 0, 0
5852, 6, 51, 431, 281, 34, 5.86%, 0, 0, 2, 89.81, 521684, 204, 0, 0
5857, 6, 51, 431, 281, 34, 5.86%, 0, 0, 2, 89.52, 522138, 204, 0, 0
5862, 6, 51, 431, 281, 34, 5.86%, 0, 0, 2, 89.65, 522591, 204, 0, 0
5867, 6, 51, 431, 281, 34, 5.86%, 0, 0, 2, 89.75, 523046, 204, 0, 0
5872, 6, 51, 431, 281, 34, 5.86%, 0, 0, 2, 90.10, 523507, 204, 0, 0
5878, 6, 51, 431, 281, 34, 5.86%, 0, 0, 2, 90.00, 523967, 204, 0, 0
5883, 6, 51, 431, 281, 34, 5.86%, 0, 0, 2, 89.94, 524421, 204, 0, 0
5888, 6, 51, 431, 281, 34, 5.86%, 0, 0, 2, 89.99, 524879, 204, 0, 0
5893, 6, 51, 431, 281, 34, 5.86%, 0, 0, 2, 89.93, 525339, 204, 0, 0
5898, 6, 51, 431, 281, 34, 5.86%, 0, 0, 2, 89.90, 525800, 204, 0, 0
5903, 6, 51, 431, 281, 34, 5.86%, 0, 0, 2, 90.05, 526260, 204, 0, 0
5908, 6, 51, 431, 281, 34, 5.86%, 0, 0, 2, 89.92, 526719, 204, 0, 0
5913, 6, 51, 431, 281, 34, 5.86%, 0, 0, 2, 89.91, 527174, 204, 0, 0
5918, 6, 51, 431, 281, 34, 5.86%, 0, 0, 2, 89.62, 527627, 204, 0, 0
5923, 6, 284, 431, 281, 34, 5.86%, 0, 0, 2, 89.83, 528082, 204, 0, 0
5928, 6, 284, 431, 281, 34, 5.86%, 0, 0, 2, 89.87, 528539, 204, 0, 0
5934, 6, 284, 431, 281, 34, 5.86%, 0, 0, 2, 89.87, 529003, 204, 0, 0
5939, 6, 284, 431, 281, 34, 5.86%, 0, 0, 2, 88.36, 529453, 204, 0, 0
5944, 6, 284, 431, 281, 34, 5.86%, 0, 0, 2, 89.49, 529911, 204, 0, 0
5949, 6, 284, 431, 281, 34, 5.86%, 0, 0, 2, 89.58, 530364, 204, 0, 0
5954, 6, 284, 431, 281, 34, 5.86%, 0, 0, 2, 89.67, 530816, 204, 0, 0
5959, 6, 284, 431, 281, 34, 5.86%, 0, 0, 2, 90.17, 531279, 204, 0, 0
5964, 6, 284, 431, 281, 34, 5.86%, 0, 0, 2, 90.50, 531747, 204, 0, 0
5969, 6, 284, 431, 281, 34, 5.86%, 0, 0, 2, 90.40, 532214, 204, 0, 0
5975, 6, 284, 431, 281, 34, 5.86%, 0, 0, 2, 90.21, 532675, 204, 0, 0
5980, 6, 284, 431, 281, 34, 5.86%, 0, 0, 2, 90.24, 533141, 204, 0, 0
5985, 6, 284, 431, 281, 34, 5.86%, 0, 0, 2, 90.51, 533609, 204, 0, 0
5990, 6, 284, 431, 281, 34, 5.86%, 0, 0, 2, 90.35, 534075, 204, 0, 0
5995, 6, 284, 431, 281, 34, 5.86%, 0, 0, 2, 90.26, 534543, 204, 0, 0
6000, 6, 284, 431, 281, 34, 5.86%, 0, 0, 2, 90.26, 535005, 204, 0, 0
6005, 6, 284, 431, 281, 34, 5.86%, 0, 0, 2, 90.23, 535466, 204, 0, 0
6011, 6, 294, 431, 281, 34, 5.86%, 0, 0, 2, 90.01, 535922, 204, 0, 0
6016, 6, 294, 431, 281, 34, 5.86%, 0, 0, 2, 89.66, 536376, 204, 0, 0
6021, 6, 294, 431, 281, 34, 5.86%, 0, 0, 2, 89.83, 536834, 204, 0, 0
6026, 6, 294, 431, 281, 34, 5.86%, 0, 0, 2, 89.54, 537287, 204, 0, 0
6031, 6, 294, 431, 281, 34, 5.86%, 0, 0, 2, 89.46, 537739, 204, 0, 0
6036, 6, 294, 431, 281, 34, 5.86%, 0, 0, 2, 89.75, 538194, 204, 0, 0
6041, 6, 294, 431, 281, 34, 5.86%, 0, 0, 2, 89.54, 538645, 204, 0, 0
6046, 6, 294, 431, 281, 34, 5.86%, 0, 0, 2, 89.72, 539099, 204, 0, 0
6051, 6, 294, 431, 281, 34, 5.86%, 0, 0, 2, 89.64, 539551, 204, 0, 0
6056, 6, 294, 431, 281, 34, 5.86%, 0, 0, 2, 89.32, 540001, 204, 0, 0
6061, 6, 294, 431, 281, 34, 5.86%, 0, 0, 2, 88.89, 540450, 204, 0, 0
6066, 6, 294, 431, 281, 34, 5.86%, 0, 0, 2, 89.44, 540903, 204, 0, 0
6071, 6, 294, 431, 281, 34, 5.86%, 0, 0, 2, 89.69, 541358, 204, 0, 0
6076, 6, 294, 431, 281, 34, 5.86%, 0, 0, 2, 89.66, 541809, 204, 0, 0
6081, 6, 294, 431, 281, 34, 5.86%, 0, 0, 2, 89.86, 542265, 204, 0, 0
6086, 6, 294, 431, 281, 34, 5.86%, 0, 0, 2, 89.77, 542719, 204, 0, 0
6091, 6, 294, 431, 281, 34, 5.86%, 0, 0, 2, 89.70, 543171, 204, 0, 0
6096, 6, 294, 431, 281, 34, 5.86%, 0, 0, 2, 89.79, 543624, 204, 0, 0
6102, 6, 294, 431, 281, 34, 5.86%, 0, 0, 2, 89.90, 544080, 204, 0, 0
6107, 7, 0, 431, 281, 34, 5.86%, 0, 0, 2, 89.50, 544531, 204, 0, 0
6112, 7, 0, 431, 281, 34, 5.86%, 0, 0, 2, 89.36, 544981, 204, 0, 0
6117, 7, 0, 431, 281, 34, 5.86%, 0, 0, 2, 89.22, 545431, 204, 0, 0
6122, 7, 0, 431, 281, 34, 5.86%, 0, 0, 2, 89.54, 545882, 204, 0, 0
6127, 7, 0, 431, 281, 34, 5.86%, 0, 0, 2, 89.64, 546332, 204, 0, 0
6132, 7, 0, 431, 281, 34, 5.86%, 0, 0, 2, 89.63, 546785, 204, 0, 0
6137, 7, 0, 431, 281, 34, 5.86%, 0, 0, 2, 89.69, 547238, 204, 0, 0
6142, 7, 0, 431, 281, 34, 5.86%, 0, 0, 2, 89.52, 547689, 204, 0, 0
6147, 7, 0, 431, 281, 34, 5.86%, 0, 0, 2, 89.61, 548140, 204, 0, 0
6152, 7, 0, 431, 281, 34, 5.86%, 0, 0, 2, 89.50, 548594, 204, 0, 0
6157, 7, 0, 431, 281, 34, 5.86%, 0, 0, 2, 89.48, 549044, 204, 0, 0
6162, 7, 0, 431, 281, 34, 5.86%, 0, 0, 2, 89.37, 549494, 204, 0, 0
6167, 7, 0, 431, 281, 34, 5.86%, 0, 0, 2, 89.43, 549944, 204, 0, 0
6172, 7, 0, 431, 281, 34, 5.86%, 0, 0, 2, 89.47, 550394, 204, 0, 0
6177, 7, 0, 431, 281, 34, 5.86%, 0, 0, 2, 89.32, 550844, 204, 0, 0
6182, 7, 0, 431, 281, 34, 5.86%, 0, 0, 2, 89.37, 551294, 204, 0, 0
6187, 7, 0, 431, 281, 34, 5.86%, 0, 0, 2, 89.34, 551744, 204, 0, 0
6192, 7, 0, 431, 281, 34, 5.86%, 0, 0, 2, 89.34, 552194, 204, 0, 0
6197, 7, 191, 431, 281, 34, 5.86%, 0, 0, 2, 89.66, 552645, 204, 0, 0
6202, 7, 191, 431, 281, 34, 5.86%, 0, 0, 2, 89.53, 553097, 204, 0, 0
6207, 7, 191, 431, 281, 34, 5.86%, 0, 0, 2, 89.53, 553548, 204, 0, 0
6212, 7, 191, 431, 281, 34, 5.86%, 0, 0, 2, 89.58, 553999, 204, 0, 0
6217, 7, 191, 431, 281, 34, 5.86%, 0, 0, 2, 88.57, 554450, 204, 0, 0
6223, 7, 191, 431, 281, 34, 5.86%, 0, 0, 2, 88.93, 554900, 204, 0, 0
6228, 7, 191, 431, 281, 34, 5.86%, 0, 0, 2, 89.27, 555350, 204, 0, 0
6233, 7, 191, 431, 281, 34, 5.86%, 0, 0, 2, 89.51, 555800, 204, 0, 0
6238, 7, 191, 431, 281, 34, 5.86%, 0, 0, 2, 89.34, 556250, 204, 0, 0
6243, 7, 191, 431, 281, 34, 5.86%, 0, 0, 2, 89.56, 556700, 204, 0, 0
6248, 7, 191, 431, 281, 34, 5.86%, 0, 0, 2, 89.68, 557153, 204, 0, 0
6253, 7, 191, 431, 281, 34, 5.86%, 0, 0, 2, 89.58, 557606, 204, 0, 0
6258, 7, 191, 431, 281, 34, 5.86%, 0, 0, 2, 89.36, 558058, 204, 0, 0
6263, 7, 191, 431, 281, 34, 5.86%, 0, 0, 2, 89.42, 558508, 204, 0, 0
6268, 7, 191, 431, 281, 34, 5.86%, 0, 0, 2, 89.57, 558958, 204, 0, 0
6273, 7, 191, 431, 281, 34, 5.86%, 0, 0, 2, 89.61, 559410, 204, 0, 0
6278, 7, 191, 431, 281, 34, 5.86%, 0, 0, 2, 89.65, 559861, 204, 0, 0
6283, 7, 191, 431, 281, 34, 5.86%, 0, 0, 2, 89.59, 560311, 204, 0, 0
6288, 7, 209, 431, 281, 34, 5.86%, 0, 0, 2, 89.37, 560762, 204, 0, 0
6293, 7, 209, 431, 281, 34, 5.86%, 0, 0, 2, 89.41, 561216, 204, 0, 0
6298, 7, 209, 431, 281, 34, 5.86%, 0, 0, 2, 88.45, 561669, 204, 0, 0
6303, 7, 209, 431, 281, 34, 5.86%, 0, 0, 2, 89.86, 562130, 204, 0, 0
6308, 7, 209, 431, 281, 34, 5.86%, 0, 0, 2, 90.06, 562590, 204, 0, 0
6314, 7, 209, 431, 281, 34, 5.86%, 0, 0, 2, 90.05, 563051, 204, 0, 0
6319, 7, 209, 431, 281, 34, 5.86%, 0, 0, 2, 90.03, 563511, 204, 0, 0
6324, 7, 209, 431, 281, 34, 5.86%, 0, 0, 2, 89.96, 563969, 204, 0, 0
6329, 7, 209, 431, 281, 34, 5.86%, 0, 0, 2, 89.82, 564427, 204, 0, 0
6334, 7, 209, 431, 281, 34, 5.86%, 0, 0, 2, 88.54, 564879, 204, 0, 0
6339, 7, 209, 431, 281, 34, 5.86%, 0, 0, 2, 89.09, 565337, 204, 0, 0
6344, 7, 209, 431, 281, 34, 5.86%, 0, 0, 2, 89.35, 565790, 204, 0, 0
6349, 7, 209, 431, 281, 34, 5.86%, 0, 0, 2, 89.50, 566245, 204, 0, 0
6354, 7, 209, 431, 281, 34, 5.86%, 0, 0, 2, 89.68, 566700, 204, 0, 0
6359, 7, 209, 431, 281, 34, 5.86%, 0, 0, 2, 89.64, 567154, 204, 0, 0
6364, 7, 209, 431, 281, 34, 5.86%, 0, 0, 2, 90.01, 567615, 204, 0, 0
6370, 7, 209, 431, 281, 34, 5.86%, 0, 0, 2, 90.01, 568075, 204, 0, 0
6375, 7, 209, 431, 281, 34, 5.86%, 0, 0, 2, 90.00, 568532, 204, 0, 0
6380, 7, 306, 431, 281, 34, 5.86%, 0, 0, 2, 89.75, 568989, 204, 0, 0
6385, 7, 306, 431, 281, 34, 5.86%, 0, 0, 2, 90.04, 569453, 204, 0, 0
6390, 7, 306, 431, 281, 34, 5.86%, 0, 0, 2, 90.07, 569921, 204, 0, 0
6395, 7, 306, 431, 281, 34, 5.86%, 0, 0, 2, 90.24, 570387, 204, 0, 0
6400, 7, 306, 431, 281, 34, 5.86%, 0, 0, 2, 90.20, 570849, 204, 0, 0
6406, 7, 306, 431, 281, 34, 5.86%, 0, 0, 2, 90.11, 571312, 204, 0, 0
6411, 7, 306, 431, 281, 34, 5.86%, 0, 0, 2, 90.03, 571774, 204, 0, 0
6416, 7, 306, 431, 281, 34, 5.86%, 0, 0, 2, 89.98, 572237, 204, 0, 0
6421, 7, 306, 431, 281, 34, 5.86%, 0, 0, 2, 89.96, 572698, 204, 0, 0
6426, 7, 306, 431, 281, 34, 5.86%, 0, 0, 2, 90.15, 573163, 204, 0, 0
6431, 7, 306, 431, 281, 34, 5.86%, 0, 0, 2, 90.16, 573628, 204, 0, 0
6436, 7, 306, 431, 281, 34, 5.86%, 0, 0, 2, 90.37, 574098, 204, 0, 0
6442, 7, 306, 431, 281, 34, 5.86%, 0, 0, 2, 90.31, 574567, 204, 0, 0
6447, 7, 306, 431, 281, 34, 5.86%, 0, 0, 2, 90.37, 575037, 204, 0, 0
6452, 7, 306, 431, 281, 34, 5.86%, 0, 0, 2, 90.23, 575501, 204, 0, 0
6457, 7, 306, 431, 281, 34, 5.86%, 0, 0, 2, 90.62, 575972, 204, 0, 0
6462, 7, 306, 431, 281, 34, 5.86%, 0, 0, 2, 90.45, 576437, 204, 0, 0
6467, 7, 342, 431, 281, 34, 5.86%, 0, 0, 2, 90.23, 576903, 204, 0, 0
6473, 7, 342, 431, 281, 34, 5.86%, 0, 0, 2, 89.81, 577364, 204, 0, 0
6478, 7, 342, 431, 281, 34, 5.86%, 0, 0, 2, 90.10, 577830, 204, 0, 0
6483, 7, 342, 431, 281, 34, 5.86%, 0, 0, 2, 90.22, 578293, 204, 0, 0
6488, 7, 342, 431, 281, 34, 5.86%, 0, 0, 2, 89.92, 578747, 204, 0, 0
6493, 7, 342, 431, 281, 34, 5.86%, 0, 0, 2, 89.93, 579204, 204, 0, 0
6496, 7, 343, 431, 281, 34, 5.86%, 0, 0, 2, 89.54, 579490, 204, 0, 0
