# relative_time, cycles_done, cur_item, corpus_count, pending_total, pending_favs, map_size, saved_crashes, saved_hangs, max_depth, execs_per_sec, total_execs, edges_found, total_crashes, servers_count
64, 0, 0, 61, 61, 20, 13.31%, 0, 0, 2, 7.97, 766, 2023, 0, 0
69, 0, 0, 61, 61, 20, 13.31%, 0, 0, 2, 8.06, 808, 2023, 0, 0
74, 0, 0, 61, 61, 20, 13.31%, 0, 0, 2, 7.45, 846, 2023, 0, 0
79, 0, 0, 61, 61, 20, 13.31%, 0, 0, 2, 7.21, 882, 2023, 0, 0
84, 0, 0, 62, 62, 20, 13.31%, 0, 0, 2, 7.41, 921, 2024, 0, 0
90, 0, 0, 62, 62, 20, 13.31%, 0, 0, 2, 7.45, 959, 2024, 0, 0
95, 0, 0, 62, 62, 20, 13.31%, 0, 0, 2, 7.47, 997, 2024, 0, 0
100, 0, 0, 62, 62, 20, 13.31%, 0, 0, 2, 7.48, 1035, 2024, 0, 0
105, 0, 0, 62, 62, 20, 13.31%, 0, 0, 2, 7.73, 1075, 2024, 0, 0
110, 0, 0, 62, 62, 20, 13.31%, 0, 0, 2, 7.90, 1115, 2024, 0, 0
115, 0, 0, 62, 62, 20, 13.31%, 0, 0, 2, 7.39, 1151, 2024, 0, 0
120, 0, 0, 62, 62, 20, 13.31%, 0, 0, 2, 7.21, 1187, 2024, 0, 0
125, 0, 0, 62, 62, 20, 13.31%, 0, 0, 2, 7.25, 1225, 2024, 0, 0
130, 0, 0, 62, 62, 20, 13.31%, 0, 0, 2, 7.37, 1263, 2024, 0, 0
135, 0, 0, 62, 62, 20, 13.31%, 0, 0, 2, 7.44, 1301, 2024, 0, 0
140, 0, 0, 62, 62, 20, 13.31%, 0, 0, 2, 7.47, 1339, 2024, 0, 0
146, 0, 0, 62, 62, 20, 13.31%, 0, 0, 2, 7.22, 1377, 2024, 0, 0
151, 0, 0, 62, 62, 20, 13.31%, 0, 0, 2, 6.94, 1411, 2024, 0, 0
156, 0, 0, 62, 62, 20, 13.31%, 0, 0, 2, 6.99, 1447, 2024, 0, 0
161, 0, 0, 62, 62, 20, 13.31%, 0, 0, 2, 7.33, 1485, 2024, 0, 0
166, 0, 0, 62, 62, 20, 13.31%, 0, 0, 2, 7.44, 1523, 2024, 0, 0
171, 0, 0, 62, 62, 20, 13.31%, 0, 0, 2, 7.51, 1561, 2024, 0, 0
176, 0, 0, 62, 62, 20, 13.31%, 0, 0, 2, 7.41, 1599, 2024, 0, 0
181, 0, 0, 62, 62, 20, 13.31%, 0, 0, 2, 7.44, 1637, 2024, 0, 0
186, 0, 0, 62, 62, 20, 13.31%, 0, 0, 2, 7.46, 1675, 2024, 0, 0
192, 0, 0, 62, 62, 20, 13.31%, 0, 0, 2, 7.35, 1713, 2024, 0, 0
197, 0, 0, 63, 63, 20, 13.32%, 0, 0, 2, 7.41, 1751, 2025, 0, 0
202, 0, 0, 63, 63, 20, 13.32%, 0, 0, 2, 7.52, 1791, 2025, 0, 0
207, 0, 0, 63, 63, 20, 13.32%, 0, 0, 2, 7.49, 1829, 2025, 0, 0
212, 0, 0, 64, 64, 20, 13.33%, 0, 0, 2, 7.56, 1869, 2027, 0, 0
217, 0, 0, 64, 64, 20, 13.33%, 0, 0, 2, 7.66, 1909, 2027, 0, 0
223, 0, 0, 64, 64, 20, 13.33%, 0, 0, 2, 7.94, 1951, 2027, 0, 0
228, 0, 0, 64, 64, 20, 13.33%, 0, 0, 2, 7.95, 1991, 2027, 0, 0
233, 0, 0, 65, 65, 20, 13.38%, 0, 0, 2, 7.45, 2029, 2034, 0, 0
238, 0, 0, 66, 66, 20, 13.39%, 0, 0, 2, 7.39, 2067, 2035, 0, 0
243, 0, 0, 66, 66, 20, 13.39%, 0, 0, 2, 7.26, 2103, 2035, 0, 0
248, 0, 0, 66, 66, 20, 13.39%, 0, 0, 2, 7.68, 2143, 2035, 0, 0
253, 0, 0, 66, 66, 20, 13.39%, 0, 0, 2, 7.99, 2185, 2035, 0, 0
258, 0, 0, 66, 66, 20, 13.39%, 0, 0, 2, 7.91, 2225, 2035, 0, 0
263, 0, 0, 66, 66, 20, 13.39%, 0, 0, 2, 7.44, 2261, 2035, 0, 0
269, 0, 0, 66, 66, 20, 13.39%, 0, 0, 2, 7.32, 2299, 2035, 0, 0
274, 0, 0, 66, 66, 20, 13.39%, 0, 0, 2, 7.12, 2335, 2035, 0, 0
279, 0, 0, 66, 66, 20, 13.39%, 0, 0, 2, 7.21, 2371, 2035, 0, 0
284, 0, 0, 66, 66, 20, 13.39%, 0, 0, 2, 7.14, 2407, 2035, 0, 0
289, 0, 0, 66, 66, 20, 13.39%, 0, 0, 2, 7.34, 2445, 2035, 0, 0
294, 0, 0, 66, 66, 20, 13.39%, 0, 0, 2, 7.45, 2483, 2035, 0, 0
299, 0, 0, 66, 66, 20, 13.39%, 0, 0, 2, 7.55, 2523, 2035, 0, 0
304, 0, 0, 66, 66, 20, 13.39%, 0, 0, 2, 7.52, 2561, 2035, 0, 0
309, 0, 0, 66, 66, 20, 13.39%, 0, 0, 2, 7.50, 2599, 2035, 0, 0
315, 0, 0, 67, 67, 20, 13.39%, 0, 0, 2, 7.49, 2637, 2036, 0, 0
320, 0, 0, 67, 67, 20, 13.39%, 0, 0, 2, 7.48, 2675, 2036, 0, 0
325, 0, 0, 67, 67, 20, 13.39%, 0, 0, 2, 7.48, 2713, 2036, 0, 0
330, 0, 0, 67, 67, 20, 13.39%, 0, 0, 2, 7.46, 2751, 2036, 0, 0
335, 0, 0, 67, 67, 20, 13.39%, 0, 0, 2, 7.48, 2789, 2036, 0, 0
340, 0, 0, 67, 67, 20, 13.39%, 0, 0, 2, 7.48, 2827, 2036, 0, 0
345, 0, 0, 67, 67, 20, 13.39%, 0, 0, 2, 7.48, 2865, 2036, 0, 0
350, 0, 0, 67, 67, 20, 13.39%, 0, 0, 2, 7.47, 2903, 2036, 0, 0
355, 0, 0, 67, 67, 20, 13.39%, 0, 0, 2, 7.49, 2941, 2036, 0, 0
360, 0, 0, 67, 67, 20, 13.39%, 0, 0, 2, 7.48, 2979, 2036, 0, 0
365, 0, 0, 67, 67, 20, 13.39%, 0, 0, 2, 7.53, 3017, 2036, 0, 0
370, 0, 0, 67, 67, 20, 13.39%, 0, 0, 2, 7.51, 3055, 2036, 0, 0
376, 0, 0, 67, 67, 20, 13.39%, 0, 0, 2, 7.72, 3095, 2036, 0, 0
381, 0, 0, 67, 67, 20, 13.39%, 0, 0, 2, 7.98, 3137, 2036, 0, 0
386, 0, 0, 69, 69, 20, 13.39%, 0, 0, 2, 7.41, 3169, 2036, 0, 0
391, 0, 0, 69, 69, 20, 13.39%, 0, 0, 2, 7.11, 3205, 2036, 0, 0
396, 0, 0, 70, 70, 20, 13.42%, 0, 0, 2, 7.16, 3237, 2040, 0, 0
401, 0, 0, 71, 71, 20, 13.42%, 0, 0, 2, 7.09, 3271, 2040, 0, 0
406, 0, 0, 71, 71, 20, 13.42%, 0, 0, 2, 7.17, 3307, 2040, 0, 0
411, 0, 0, 73, 73, 20, 13.43%, 0, 0, 2, 7.26, 3346, 2041, 0, 0
417, 0, 0, 73, 73, 20, 13.43%, 0, 0, 2, 7.88, 3388, 2041, 0, 0
422, 0, 0, 73, 73, 20, 13.43%, 0, 0, 2, 8.01, 3430, 2041, 0, 0
427, 0, 0, 73, 73, 20, 13.43%, 0, 0, 2, 7.58, 3468, 2041, 0, 0
432, 0, 0, 73, 73, 20, 13.43%, 0, 0, 2, 7.54, 3506, 2041, 0, 0
437, 0, 0, 73, 73, 20, 13.43%, 0, 0, 2, 7.34, 3544, 2041, 0, 0
442, 0, 0, 73, 73, 20, 13.43%, 0, 0, 2, 7.08, 3580, 2041, 0, 0
448, 0, 0, 73, 73, 20, 13.43%, 0, 0, 2, 7.20, 3616, 2041, 0, 0
453, 0, 0, 73, 73, 20, 13.43%, 0, 0, 2, 7.13, 3652, 2041, 0, 0
458, 0, 0, 73, 73, 20, 13.43%, 0, 0, 2, 7.34, 3690, 2041, 0, 0
463, 0, 0, 73, 73, 20, 13.43%, 0, 0, 2, 7.45, 3728, 2041, 0, 0
468, 0, 0, 73, 73, 20, 13.43%, 0, 0, 2, 7.55, 3768, 2041, 0, 0
473, 0, 0, 74, 74, 20, 13.43%, 0, 0, 2, 7.16, 3800, 2041, 0, 0
478, 0, 0, 74, 74, 20, 13.43%, 0, 0, 2, 7.79, 3841, 2041, 0, 0
484, 0, 0, 74, 74, 20, 13.43%, 0, 0, 2, 8.01, 3883, 2041, 0, 0
489, 0, 0, 74, 74, 20, 13.43%, 0, 0, 2, 8.07, 3925, 2041, 0, 0
494, 0, 0, 74, 74, 20, 13.43%, 0, 0, 2, 8.09, 3967, 2041, 0, 0
499, 0, 0, 74, 74, 20, 13.43%, 0, 0, 2, 8.10, 4009, 2041, 0, 0
504, 0, 0, 74, 74, 20, 13.43%, 0, 0, 2, 8.10, 4051, 2041, 0, 0
510, 0, 0, 74, 74, 20, 13.43%, 0, 0, 2, 8.09, 4093, 2041, 0, 0
515, 0, 0, 74, 74, 20, 13.43%, 0, 0, 2, 8.10, 4135, 2041, 0, 0
520, 0, 0, 74, 74, 20, 13.43%, 0, 0, 2, 8.10, 4177, 2041, 0, 0
525, 0, 0, 74, 74, 20, 13.43%, 0, 0, 2, 8.10, 4219, 2041, 0, 0
530, 0, 0, 74, 74, 20, 13.43%, 0, 0, 2, 8.11, 4261, 2041, 0, 0
535, 0, 0, 74, 74, 20, 13.43%, 0, 0, 2, 8.09, 4303, 2041, 0, 0
541, 0, 0, 74, 74, 20, 13.43%, 0, 0, 2, 8.11, 4345, 2041, 0, 0
546, 0, 0, 74, 74, 20, 13.43%, 0, 0, 2, 8.11, 4387, 2041, 0, 0
551, 0, 0, 74, 74, 20, 13.43%, 0, 0, 2, 8.11, 4429, 2041, 0, 0
556, 0, 0, 74, 74, 20, 13.43%, 0, 0, 2, 8.10, 4471, 2041, 0, 0
561, 0, 0, 74, 74, 20, 13.43%, 0, 0, 2, 8.10, 4513, 2041, 0, 0
567, 0, 0, 74, 74, 20, 13.43%, 0, 0, 2, 8.10, 4555, 2041, 0, 0
572, 0, 0, 74, 74, 20, 13.43%, 0, 0, 2, 8.10, 4597, 2041, 0, 0
577, 0, 0, 74, 74, 20, 13.43%, 0, 0, 2, 8.11, 4639, 2041, 0, 0
582, 0, 0, 74, 74, 20, 13.43%, 0, 0, 2, 8.11, 4681, 2041, 0, 0
587, 0, 0, 75, 75, 20, 13.43%, 0, 0, 2, 7.81, 4720, 2041, 0, 0
592, 0, 0, 77, 77, 20, 13.44%, 0, 0, 2, 7.67, 4758, 2043, 0, 0
597, 0, 0, 79, 79, 20, 13.45%, 0, 0, 2, 7.69, 4797, 2045, 0, 0
602, 0, 0, 80, 80, 20, 13.47%, 0, 0, 2, 7.65, 4837, 2048, 0, 0
608, 0, 0, 81, 81, 20, 13.48%, 0, 0, 2, 7.66, 4876, 2049, 0, 0
613, 0, 0, 81, 81, 20, 13.48%, 0, 0, 2, 7.61, 4914, 2049, 0, 0
618, 0, 0, 82, 82, 20, 13.49%, 0, 0, 2, 7.54, 4951, 2050, 0, 0
623, 0, 0, 83, 83, 20, 13.49%, 0, 0, 2, 7.58, 4991, 2050, 0, 0
628, 0, 0, 84, 84, 20, 13.49%, 0, 0, 2, 7.62, 5033, 2050, 0, 0
633, 0, 0, 84, 84, 20, 13.49%, 0, 0, 2, 7.59, 5071, 2050, 0, 0
639, 0, 0, 85, 85, 20, 13.49%, 0, 0, 2, 7.64, 5111, 2050, 0, 0
644, 0, 0, 86, 86, 20, 13.49%, 0, 0, 2, 7.56, 5145, 2050, 0, 0
649, 0, 0, 86, 86, 20, 13.49%, 0, 0, 2, 7.58, 5183, 2050, 0, 0
654, 0, 0, 87, 87, 20, 13.50%, 0, 0, 2, 7.58, 5223, 2052, 0, 0
659, 0, 0, 88, 88, 20, 13.51%, 0, 0, 2, 7.63, 5262, 2053, 0, 0
665, 0, 0, 89, 89, 20, 13.51%, 0, 0, 2, 7.54, 5309, 2053, 0, 0
670, 0, 0, 89, 89, 20, 13.51%, 0, 0, 2, 7.58, 5347, 2053, 0, 0
676, 0, 0, 89, 89, 20, 13.51%, 0, 0, 2, 7.60, 5385, 2053, 0, 0
681, 0, 0, 90, 90, 20, 13.51%, 0, 0, 2, 7.67, 5425, 2053, 0, 0
686, 0, 0, 90, 90, 20, 13.51%, 0, 0, 2, 7.72, 5465, 2053, 0, 0
691, 0, 0, 90, 90, 20, 13.51%, 0, 0, 2, 7.63, 5504, 2053, 0, 0
696, 0, 0, 90, 90, 20, 13.51%, 0, 0, 2, 7.52, 5543, 2053, 0, 0
701, 0, 0, 90, 90, 20, 13.51%, 0, 0, 2, 7.51, 5581, 2053, 0, 0
706, 0, 0, 90, 90, 20, 13.51%, 0, 0, 2, 7.63, 5621, 2053, 0, 0
712, 0, 0, 90, 90, 20, 13.51%, 0, 0, 2, 7.60, 5659, 2053, 0, 0
717, 0, 0, 90, 90, 20, 13.51%, 0, 0, 2, 7.59, 5697, 2053, 0, 0
722, 0, 0, 90, 90, 20, 13.51%, 0, 0, 2, 7.56, 5735, 2053, 0, 0
727, 0, 0, 90, 90, 20, 13.51%, 0, 0, 2, 7.54, 5775, 2053, 0, 0
732, 0, 0, 90, 90, 20, 13.51%, 0, 0, 2, 7.63, 5815, 2053, 0, 0
737, 0, 0, 90, 90, 20, 13.51%, 0, 0, 2, 7.72, 5855, 2053, 0, 0
743, 0, 0, 90, 90, 20, 13.51%, 0, 0, 2, 7.66, 5895, 2053, 0, 0
748, 0, 0, 90, 90, 20, 13.51%, 0, 0, 2, 7.45, 5933, 2053, 0, 0
753, 0, 0, 90, 90, 20, 13.51%, 0, 0, 2, 7.57, 5971, 2053, 0, 0
758, 0, 0, 90, 90, 20, 13.51%, 0, 0, 2, 7.58, 6010, 2053, 0, 0
763, 0, 0, 91, 91, 20, 13.51%, 0, 0, 2, 7.54, 6049, 2053, 0, 0
768, 0, 0, 91, 91, 20, 13.51%, 0, 0, 2, 7.54, 6087, 2053, 0, 0
773, 0, 0, 91, 91, 20, 13.51%, 0, 0, 2, 7.75, 6127, 2053, 0, 0
778, 0, 0, 91, 91, 20, 13.51%, 0, 0, 2, 7.53, 6165, 2053, 0, 0
784, 0, 0, 91, 91, 20, 13.51%, 0, 0, 2, 7.45, 6204, 2053, 0, 0
789, 0, 0, 91, 91, 20, 13.51%, 0, 0, 2, 7.52, 6242, 2053, 0, 0
794, 0, 0, 91, 91, 20, 13.51%, 0, 0, 2, 7.68, 6282, 2053, 0, 0
799, 0, 0, 91, 91, 20, 13.51%, 0, 0, 2, 7.65, 6322, 2053, 0, 0
804, 0, 0, 91, 91, 20, 13.51%, 0, 0, 2, 7.70, 6362, 2053, 0, 0
809, 0, 0, 92, 92, 20, 13.51%, 0, 0, 2, 7.60, 6400, 2054, 0, 0
814, 0, 0, 92, 92, 20, 13.51%, 0, 0, 2, 7.68, 6440, 2054, 0, 0
820, 0, 0, 92, 92, 20, 13.51%, 0, 0, 2, 7.59, 6478, 2054, 0, 0
825, 0, 0, 92, 92, 20, 13.51%, 0, 0, 2, 7.58, 6516, 2054, 0, 0
830, 0, 0, 92, 92, 20, 13.51%, 0, 0, 2, 7.61, 6554, 2054, 0, 0
835, 0, 0, 92, 92, 20, 13.51%, 0, 0, 2, 7.52, 6592, 2054, 0, 0
840, 0, 0, 92, 92, 20, 13.51%, 0, 0, 2, 7.64, 6632, 2054, 0, 0
845, 0, 0, 92, 92, 20, 13.51%, 0, 0, 2, 7.69, 6672, 2054, 0, 0
850, 0, 0, 92, 92, 20, 13.51%, 0, 0, 2, 7.65, 6710, 2054, 0, 0
855, 0, 0, 92, 92, 20, 13.51%, 0, 0, 2, 7.60, 6748, 2054, 0, 0
860, 0, 0, 92, 92, 20, 13.51%, 0, 0, 2, 7.61, 6786, 2054, 0, 0
865, 0, 0, 92, 92, 20, 13.51%, 0, 0, 2, 7.62, 6824, 2054, 0, 0
870, 0, 0, 92, 92, 20, 13.51%, 0, 0, 2, 7.51, 6862, 2054, 0, 0
876, 0, 0, 92, 92, 20, 13.51%, 0, 0, 2, 7.61, 6902, 2054, 0, 0
881, 0, 0, 92, 92, 20, 13.51%, 0, 0, 2, 7.61, 6940, 2054, 0, 0
886, 0, 0, 92, 92, 20, 13.51%, 0, 0, 2, 7.43, 6978, 2054, 0, 0
891, 0, 0, 92, 92, 20, 13.51%, 0, 0, 2, 7.51, 7016, 2054, 0, 0
896, 0, 0, 93, 93, 20, 13.51%, 0, 0, 2, 7.62, 7059, 2054, 0, 0
901, 0, 0, 93, 93, 20, 13.51%, 0, 0, 2, 7.57, 7097, 2054, 0, 0
906, 0, 0, 94, 94, 20, 13.51%, 0, 0, 2, 7.70, 7137, 2054, 0, 0
912, 0, 0, 94, 94, 20, 13.51%, 0, 0, 2, 7.62, 7175, 2054, 0, 0
917, 0, 0, 94, 94, 20, 13.51%, 0, 0, 2, 7.63, 7215, 2054, 0, 0
922, 0, 0, 94, 94, 20, 13.51%, 0, 0, 2, 7.65, 7255, 2054, 0, 0
927, 0, 0, 94, 94, 20, 13.51%, 0, 0, 2, 7.39, 7293, 2054, 0, 0
933, 0, 0, 95, 95, 20, 13.51%, 0, 0, 2, 7.43, 7340, 2054, 0, 0
939, 0, 0, 95, 95, 20, 13.51%, 0, 0, 2, 7.66, 7380, 2054, 0, 0
944, 0, 0, 95, 95, 20, 13.51%, 0, 0, 2, 7.65, 7420, 2054, 0, 0
950, 0, 0, 96, 96, 20, 13.52%, 0, 0, 2, 7.54, 7465, 2055, 0, 0
955, 0, 0, 96, 96, 20, 13.52%, 0, 0, 2, 7.73, 7505, 2055, 0, 0
960, 0, 0, 96, 96, 20, 13.52%, 0, 0, 2, 7.56, 7543, 2055, 0, 0
965, 0, 0, 96, 96, 20, 13.52%, 0, 0, 2, 7.62, 7583, 2055, 0, 0
970, 0, 0, 96, 96, 20, 13.52%, 0, 0, 2, 7.61, 7621, 2055, 0, 0
976, 0, 0, 96, 96, 20, 13.52%, 0, 0, 2, 7.59, 7661, 2055, 0, 0
981, 0, 0, 96, 96, 20, 13.52%, 0, 0, 2, 7.61, 7699, 2055, 0, 0
986, 0, 0, 96, 96, 20, 13.52%, 0, 0, 2, 7.62, 7737, 2055, 0, 0
991, 0, 0, 97, 97, 20, 13.52%, 0, 0, 2, 7.64, 7775, 2055, 0, 0
996, 0, 0, 97, 97, 20, 13.52%, 0, 0, 2, 7.66, 7815, 2055, 0, 0
1001, 0, 0, 97, 97, 20, 13.52%, 0, 0, 2, 7.68, 7855, 2055, 0, 0
1006, 0, 0, 97, 97, 20, 13.52%, 0, 0, 2, 7.64, 7895, 2055, 0, 0
1011, 0, 0, 97, 97, 20, 13.52%, 0, 0, 2, 7.62, 7933, 2055, 0, 0
1017, 0, 0, 97, 97, 20, 13.52%, 0, 0, 2, 7.65, 7973, 2055, 0, 0
1022, 0, 0, 97, 97, 20, 13.52%, 0, 0, 2, 7.75, 8013, 2055, 0, 0
1027, 0, 0, 97, 97, 20, 13.52%, 0, 0, 2, 7.72, 8053, 2055, 0, 0
1032, 0, 0, 97, 97, 20, 13.52%, 0, 0, 2, 7.64, 8091, 2055, 0, 0
1038, 0, 0, 98, 98, 20, 13.52%, 0, 0, 2, 7.42, 8125, 2055, 0, 0
1043, 0, 0, 98, 98, 20, 13.52%, 0, 0, 2, 7.56, 8163, 2055, 0, 0
1048, 0, 0, 98, 98, 20, 13.52%, 0, 0, 2, 7.62, 8201, 2055, 0, 0
1053, 0, 0, 99, 99, 20, 13.53%, 0, 0, 2, 7.68, 8241, 2056, 0, 0
1058, 0, 0, 99, 99, 20, 13.53%, 0, 0, 2, 7.61, 8279, 2056, 0, 0
1063, 0, 0, 99, 99, 20, 13.53%, 0, 0, 2, 7.61, 8317, 2056, 0, 0
1068, 0, 0, 99, 99, 20, 13.53%, 0, 0, 2, 7.65, 8357, 2056, 0, 0
1073, 0, 0, 99, 99, 20, 13.53%, 0, 0, 2, 7.52, 8395, 2056, 0, 0
1078, 0, 0, 99, 99, 20, 13.53%, 0, 0, 2, 7.46, 8433, 2056, 0, 0
1084, 0, 0, 99, 99, 20, 13.53%, 0, 0, 2, 7.55, 8473, 2056, 0, 0
1089, 0, 0, 99, 99, 20, 13.53%, 0, 0, 2, 7.50, 8511, 2056, 0, 0
1094, 0, 0, 99, 99, 20, 13.53%, 0, 0, 2, 7.61, 8551, 2056, 0, 0
1099, 0, 0, 99, 99, 20, 13.53%, 0, 0, 2, 7.61, 8589, 2056, 0, 0
1104, 0, 0, 99, 99, 20, 13.53%, 0, 0, 2, 7.67, 8629, 2056, 0, 0
1109, 0, 0, 99, 99, 20, 13.53%, 0, 0, 2, 7.72, 8669, 2056, 0, 0
1115, 0, 0, 99, 99, 20, 13.53%, 0, 0, 2, 7.65, 8709, 2056, 0, 0
1120, 0, 0, 99, 99, 20, 13.53%, 0, 0, 2, 7.53, 8747, 2056, 0, 0
1125, 0, 0, 99, 99, 20, 13.53%, 0, 0, 2, 7.61, 8787, 2056, 0, 0
1130, 0, 0, 99, 99, 20, 13.53%, 0, 0, 2, 7.71, 8827, 2056, 0, 0
1135, 0, 0, 99, 99, 20, 13.53%, 0, 0, 2, 7.71, 8867, 2056, 0, 0
1141, 0, 0, 99, 99, 20, 13.53%, 0, 0, 2, 7.66, 8907, 2056, 0, 0
1146, 0, 0, 99, 99, 20, 13.53%, 0, 0, 2, 7.57, 8946, 2056, 0, 0
1151, 0, 0, 100, 100, 20, 13.53%, 0, 0, 2, 7.65, 8987, 2056, 0, 0
1156, 0, 0, 100, 100, 20, 13.53%, 0, 0, 2, 7.60, 9025, 2056, 0, 0
1161, 0, 0, 100, 100, 20, 13.53%, 0, 0, 2, 7.67, 9065, 2056, 0, 0
1166, 0, 0, 100, 100, 20, 13.53%, 0, 0, 2, 7.72, 9105, 2056, 0, 0
1172, 0, 0, 100, 100, 20, 13.53%, 0, 0, 2, 7.69, 9145, 2056, 0, 0
1177, 0, 0, 100, 100, 20, 13.53%, 0, 0, 2, 7.62, 9183, 2056, 0, 0
1182, 0, 0, 100, 100, 20, 13.53%, 0, 0, 2, 7.72, 9223, 2056, 0, 0
1187, 0, 0, 101, 101, 20, 13.53%, 0, 0, 2, 7.64, 9261, 2056, 0, 0
1192, 0, 0, 101, 101, 20, 13.53%, 0, 0, 2, 7.73, 9301, 2056, 0, 0
1197, 0, 0, 101, 101, 20, 13.53%, 0, 0, 2, 7.77, 9341, 2056, 0, 0
1202, 0, 0, 101, 101, 20, 13.53%, 0, 0, 2, 7.76, 9381, 2056, 0, 0
1207, 0, 0, 101, 101, 20, 13.53%, 0, 0, 2, 7.63, 9419, 2056, 0, 0
1213, 0, 0, 101, 101, 20, 13.53%, 0, 0, 2, 7.69, 9459, 2056, 0, 0
1218, 0, 0, 101, 101, 20, 13.53%, 0, 0, 2, 7.61, 9497, 2056, 0, 0
1223, 0, 0, 101, 101, 20, 13.53%, 0, 0, 2, 7.56, 9535, 2056, 0, 0
1228, 0, 0, 101, 101, 20, 13.53%, 0, 0, 2, 7.54, 9573, 2056, 0, 0
1233, 0, 0, 101, 101, 20, 13.53%, 0, 0, 2, 7.66, 9613, 2056, 0, 0
1238, 0, 0, 101, 101, 20, 13.53%, 0, 0, 2, 7.59, 9651, 2056, 0, 0
1243, 0, 0, 101, 101, 20, 13.53%, 0, 0, 2, 7.57, 9689, 2056, 0, 0
1248, 0, 0, 101, 101, 20, 13.53%, 0, 0, 2, 7.65, 9729, 2056, 0, 0
1253, 0, 0, 101, 101, 20, 13.53%, 0, 0, 2, 7.51, 9767, 2056, 0, 0
1258, 0, 0, 101, 101, 20, 13.53%, 0, 0, 2, 7.66, 9807, 2056, 0, 0
1264, 0, 0, 102, 102, 20, 13.53%, 0, 0, 2, 7.57, 9847, 2056, 0, 0
1269, 0, 0, 102, 102, 20, 13.53%, 0, 0, 2, 7.61, 9887, 2056, 0, 0
1274, 0, 0, 102, 102, 20, 13.53%, 0, 0, 2, 7.65, 9927, 2056, 0, 0
1279, 0, 0, 102, 102, 20, 13.53%, 0, 0, 2, 7.60, 9965, 2056, 0, 0
1284, 0, 0, 102, 102, 20, 13.53%, 0, 0, 2, 7.56, 10003, 2056, 0, 0
1289, 0, 0, 102, 102, 20, 13.53%, 0, 0, 2, 7.65, 10043, 2056, 0, 0
1294, 0, 0, 102, 101, 19, 13.53%, 0, 0, 2, 7.59, 10081, 2056, 0, 0
1300, 0, 0, 104, 103, 19, 13.53%, 0, 0, 2, 7.09, 10116, 2057, 0, 0
1306, 0, 0, 107, 106, 19, 13.53%, 0, 0, 2, 6.82, 10147, 2057, 0, 0
1312, 0, 0, 111, 110, 19, 13.62%, 0, 0, 2, 7.11, 10194, 2070, 0, 0
1318, 0, 0, 115, 114, 19, 13.65%, 0, 0, 2, 7.32, 10241, 2075, 0, 0
1323, 0, 0, 119, 118, 19, 13.66%, 0, 0, 2, 7.49, 10283, 2077, 0, 0
1329, 0, 0, 123, 122, 19, 13.71%, 0, 0, 2, 7.62, 10335, 2084, 0, 0
1336, 0, 0, 127, 126, 19, 13.74%, 0, 0, 2, 7.73, 10387, 2088, 0, 0
1342, 0, 0, 131, 130, 19, 13.80%, 0, 0, 2, 7.80, 10439, 2098, 0, 0
1348, 0, 0, 135, 134, 19, 13.84%, 0, 0, 2, 7.86, 10486, 2104, 0, 0
1353, 0, 0, 139, 138, 19, 13.86%, 0, 0, 2, 7.91, 10528, 2107, 0, 0
1359, 0, 0, 143, 142, 19, 13.88%, 0, 0, 2, 7.94, 10575, 2110, 0, 0
1365, 0, 0, 147, 146, 19, 13.91%, 0, 0, 2, 7.97, 10622, 2115, 0, 0
1371, 0, 0, 151, 150, 19, 13.95%, 0, 0, 2, 7.99, 10669, 2121, 0, 0
1377, 0, 0, 155, 154, 19, 13.97%, 0, 0, 2, 8.01, 10721, 2124, 0, 0
1384, 0, 0, 159, 158, 19, 13.99%, 0, 0, 2, 8.02, 10773, 2126, 0, 0
1390, 0, 0, 163, 162, 19, 14.02%, 0, 0, 2, 8.03, 10820, 2131, 0, 0
1396, 0, 0, 167, 166, 19, 14.04%, 0, 0, 2, 8.03, 10872, 2134, 0, 0
1402, 0, 0, 171, 170, 19, 14.07%, 0, 0, 2, 8.04, 10924, 2139, 0, 0
1409, 0, 0, 175, 174, 19, 14.08%, 0, 0, 2, 8.05, 10976, 2140, 0, 0
1415, 0, 0, 179, 178, 19, 14.10%, 0, 0, 2, 8.06, 11028, 2143, 0, 0
1421, 0, 0, 183, 182, 19, 14.14%, 0, 0, 2, 8.06, 11070, 2149, 0, 0
1426, 0, 0, 187, 186, 19, 14.17%, 0, 0, 2, 8.06, 11117, 2154, 0, 0
1433, 0, 0, 191, 190, 19, 14.22%, 0, 0, 2, 8.06, 11169, 2161, 0, 0
1439, 0, 0, 195, 194, 19, 14.29%, 0, 0, 2, 8.06, 11221, 2172, 0, 0
1446, 0, 0, 199, 198, 19, 14.32%, 0, 0, 2, 8.06, 11273, 2177, 0, 0
1452, 0, 0, 203, 202, 19, 14.35%, 0, 0, 2, 8.06, 11325, 2181, 0, 0
1457, 0, 0, 207, 206, 19, 14.37%, 0, 0, 2, 8.07, 11367, 2184, 0, 0
1463, 0, 0, 211, 210, 19, 14.37%, 0, 0, 2, 8.07, 11409, 2185, 0, 0
1469, 0, 0, 215, 214, 19, 14.40%, 0, 0, 2, 8.07, 11461, 2189, 0, 0
1475, 0, 0, 219, 218, 19, 14.43%, 0, 0, 2, 8.07, 11508, 2194, 0, 0
1481, 0, 0, 223, 222, 19, 14.48%, 0, 0, 2, 8.07, 11560, 2201, 0, 0
1487, 0, 0, 227, 226, 19, 14.49%, 0, 0, 2, 8.07, 11607, 2202, 0, 0
1494, 0, 0, 231, 230, 19, 14.53%, 0, 0, 2, 8.07, 11659, 2209, 0, 0
1499, 0, 0, 235, 234, 19, 14.56%, 0, 0, 2, 8.08, 11706, 2213, 0, 0
1506, 0, 0, 239, 238, 19, 14.59%, 0, 0, 2, 8.07, 11758, 2218, 0, 0
1512, 0, 0, 243, 242, 19, 14.62%, 0, 0, 2, 8.07, 11805, 2223, 0, 0
1517, 0, 0, 247, 246, 19, 14.65%, 0, 0, 2, 8.07, 11852, 2227, 0, 0
1523, 0, 0, 251, 250, 19, 14.68%, 0, 0, 2, 8.07, 11899, 2231, 0, 0
1529, 0, 0, 255, 254, 19, 14.69%, 0, 0, 2, 8.07, 11941, 2233, 0, 0
1534, 0, 0, 259, 258, 19, 14.81%, 0, 0, 2, 8.07, 11988, 2251, 0, 0
1540, 0, 0, 263, 262, 19, 14.90%, 0, 0, 2, 7.96, 12033, 2265, 0, 0
1546, 0, 0, 269, 268, 19, 14.93%, 0, 0, 2, 7.99, 12081, 2269, 0, 0
1552, 0, 0, 275, 274, 19, 15.03%, 0, 0, 2, 8.01, 12129, 2284, 0, 0
1558, 0, 0, 280, 279, 19, 15.05%, 0, 0, 2, 8.02, 12174, 2287, 0, 0
1563, 0, 0, 285, 284, 19, 15.08%, 0, 0, 2, 8.03, 12219, 2292, 0, 0
1568, 0, 0, 289, 288, 19, 15.08%, 0, 0, 2, 8.04, 12261, 2293, 0, 0
1575, 0, 0, 295, 294, 19, 15.10%, 0, 0, 2, 8.04, 12314, 2296, 0, 0
1581, 0, 0, 301, 300, 19, 15.16%, 0, 0, 2, 8.05, 12362, 2305, 0, 0
1587, 0, 0, 307, 306, 19, 15.21%, 0, 0, 2, 8.05, 12415, 2312, 0, 0
1593, 0, 0, 313, 312, 19, 15.31%, 0, 0, 2, 8.05, 12463, 2327, 0, 0
1599, 0, 0, 318, 317, 19, 15.33%, 0, 0, 2, 8.05, 12508, 2331, 0, 0
1605, 0, 0, 323, 322, 19, 15.35%, 0, 0, 2, 8.05, 12553, 2333, 0, 0
1611, 0, 0, 329, 328, 19, 15.37%, 0, 0, 2, 8.05, 12601, 2336, 0, 0
1617, 0, 0, 335, 334, 19, 15.38%, 0, 0, 2, 8.05, 12649, 2338, 0, 0
1622, 0, 0, 341, 340, 19, 15.41%, 0, 0, 2, 8.05, 12697, 2342, 0, 0
1628, 0, 0, 347, 346, 19, 15.43%, 0, 0, 2, 8.06, 12745, 2345, 0, 0
1634, 0, 0, 353, 352, 19, 15.43%, 0, 0, 2, 8.05, 12793, 2346, 0, 0
1641, 0, 0, 359, 358, 19, 15.47%, 0, 0, 2, 8.05, 12846, 2351, 0, 0
1647, 0, 0, 364, 363, 19, 15.51%, 0, 0, 2, 8.05, 12891, 2358, 0, 0
1653, 0, 0, 370, 369, 19, 15.53%, 0, 0, 2, 8.05, 12939, 2361, 0, 0
1658, 0, 0, 375, 374, 19, 15.56%, 0, 0, 2, 8.06, 12984, 2365, 0, 0
1664, 0, 0, 380, 379, 19, 15.58%, 0, 0, 2, 8.06, 13029, 2368, 0, 0
1669, 0, 0, 385, 384, 19, 15.60%, 0, 0, 2, 8.06, 13074, 2372, 0, 0
1675, 0, 0, 390, 389, 19, 15.65%, 0, 0, 2, 8.06, 13119, 2379, 0, 0
1680, 0, 0, 394, 393, 19, 15.65%, 0, 0, 2, 7.68, 13157, 2379, 0, 0
1686, 0, 0, 400, 399, 19, 15.74%, 0, 0, 2, 7.81, 13205, 2393, 0, 0
1692, 0, 0, 406, 405, 19, 15.89%, 0, 0, 2, 7.89, 13253, 2415, 0, 0
1698, 0, 0, 412, 411, 19, 15.95%, 0, 0, 2, 7.95, 13301, 2424, 0, 0
1705, 0, 7, 414, 413, 222, 15.97%, 0, 0, 2, 7.58, 13342, 2428, 0, 0
1710, 0, 7, 416, 415, 222, 16.01%, 0, 0, 2, 7.15, 13366, 2433, 0, 0
1718, 0, 7, 419, 418, 222, 16.02%, 0, 0, 2, 6.69, 13399, 2435, 0, 0
1724, 0, 7, 420, 419, 222, 16.02%, 0, 0, 2, 7.40, 13439, 2435, 0, 0
1731, 0, 7, 422, 421, 222, 16.03%, 0, 0, 2, 7.02, 13471, 2437, 0, 0
1736, 0, 7, 422, 421, 222, 16.03%, 0, 0, 2, 7.94, 13511, 2437, 0, 0
1741, 0, 7, 422, 421, 222, 16.03%, 0, 0, 2, 8.31, 13555, 2437, 0, 0
1746, 0, 7, 422, 421, 222, 16.03%, 0, 0, 2, 8.39, 13599, 2437, 0, 0
1751, 0, 7, 422, 421, 222, 16.03%, 0, 0, 2, 8.42, 13643, 2437, 0, 0
1757, 0, 7, 423, 422, 222, 16.03%, 0, 0, 2, 8.42, 13686, 2437, 0, 0
1762, 0, 7, 424, 423, 222, 16.04%, 0, 0, 2, 8.23, 13724, 2439, 0, 0
1768, 0, 7, 427, 426, 222, 16.04%, 0, 0, 2, 7.23, 13770, 2439, 0, 0
1773, 0, 7, 428, 427, 222, 16.04%, 0, 0, 2, 6.73, 13798, 2439, 0, 0
1782, 0, 7, 430, 429, 222, 16.06%, 0, 0, 2, 6.53, 13843, 2442, 0, 0
1787, 0, 7, 430, 429, 222, 16.06%, 0, 0, 2, 6.44, 13870, 2442, 0, 0
1793, 0, 7, 432, 431, 222, 16.07%, 0, 0, 2, 6.36, 13908, 2443, 0, 0
1798, 0, 7, 433, 432, 222, 16.07%, 0, 0, 2, 5.47, 13930, 2443, 0, 0
1803, 0, 7, 435, 434, 222, 16.09%, 0, 0, 2, 6.15, 13960, 2446, 0, 0
1808, 0, 7, 437, 436, 222, 16.09%, 0, 0, 2, 6.26, 13993, 2446, 0, 0
1814, 0, 7, 438, 437, 222, 16.09%, 0, 0, 2, 5.12, 14009, 2446, 0, 0
1819, 0, 7, 439, 438, 222, 16.09%, 0, 0, 2, 6.46, 14047, 2446, 0, 0
1824, 0, 7, 439, 438, 222, 16.09%, 0, 0, 2, 5.67, 14073, 2446, 0, 0
1829, 0, 7, 439, 438, 222, 16.09%, 0, 0, 2, 5.86, 14100, 2446, 0, 0
1834, 0, 7, 440, 439, 222, 16.09%, 0, 0, 2, 5.01, 14116, 2446, 0, 0
1839, 0, 7, 440, 439, 222, 16.09%, 0, 0, 2, 6.01, 14148, 2446, 0, 0
1845, 0, 7, 441, 440, 222, 16.09%, 0, 0, 2, 5.47, 14173, 2446, 0, 0
1851, 0, 7, 441, 440, 222, 16.09%, 0, 0, 2, 4.18, 14185, 2446, 0, 0
1856, 0, 7, 441, 440, 222, 16.09%, 0, 0, 2, 4.69, 14209, 2446, 0, 0
1861, 0, 7, 441, 440, 222, 16.09%, 0, 0, 2, 4.93, 14236, 2446, 0, 0
1866, 0, 7, 441, 440, 222, 16.09%, 0, 0, 2, 5.66, 14266, 2446, 0, 0
1871, 0, 7, 441, 440, 222, 16.09%, 0, 0, 2, 6.03, 14298, 2446, 0, 0
1877, 0, 7, 441, 440, 222, 16.09%, 0, 0, 2, 4.59, 14317, 2446, 0, 0
1882, 0, 7, 441, 440, 222, 16.09%, 0, 0, 2, 3.69, 14333, 2446, 0, 0
1887, 0, 7, 441, 440, 222, 16.09%, 0, 0, 2, 3.27, 14349, 2446, 0, 0
1892, 0, 7, 441, 440, 222, 16.09%, 0, 0, 2, 5.38, 14377, 2446, 0, 0
1898, 0, 7, 441, 440, 222, 16.09%, 0, 0, 2, 6.47, 14413, 2446, 0, 0
1903, 0, 7, 442, 441, 222, 16.10%, 0, 0, 2, 7.24, 14454, 2447, 0, 0
1908, 0, 7, 442, 441, 222, 16.10%, 0, 0, 2, 6.61, 14486, 2447, 0, 0
1913, 0, 7, 442, 441, 222, 16.10%, 0, 0, 2, 5.14, 14505, 2447, 0, 0
1918, 0, 7, 442, 441, 222, 16.10%, 0, 0, 2, 4.53, 14526, 2447, 0, 0
1926, 0, 7, 443, 442, 222, 16.10%, 0, 0, 2, 4.28, 14552, 2447, 0, 0
1931, 0, 7, 443, 442, 222, 16.10%, 0, 0, 2, 5.55, 14584, 2447, 0, 0
1936, 0, 7, 443, 442, 222, 16.10%, 0, 0, 2, 5.02, 14609, 2447, 0, 0
1941, 0, 7, 443, 442, 222, 16.10%, 0, 0, 2, 3.73, 14623, 2447, 0, 0
1946, 0, 7, 443, 442, 222, 16.10%, 0, 0, 2, 3.18, 14637, 2447, 0, 0
1951, 0, 7, 443, 442, 222, 16.10%, 0, 0, 2, 2.97, 14651, 2447, 0, 0
1956, 0, 7, 443, 442, 222, 16.10%, 0, 0, 2, 5.15, 14676, 2447, 0, 0
1962, 0, 7, 443, 442, 222, 16.10%, 0, 0, 2, 7.63, 14720, 2447, 0, 0
1967, 0, 7, 444, 443, 222, 16.10%, 0, 0, 2, 8.15, 14763, 2447, 0, 0
1972, 0, 7, 445, 444, 222, 16.10%, 0, 0, 2, 7.84, 14803, 2447, 0, 0
1977, 0, 7, 445, 444, 222, 16.10%, 0, 0, 2, 6.74, 14835, 2447, 0, 0
1982, 0, 7, 445, 444, 222, 16.10%, 0, 0, 2, 6.90, 14869, 2447, 0, 0
1987, 0, 7, 445, 444, 222, 16.10%, 0, 0, 2, 7.31, 14907, 2447, 0, 0
1992, 0, 7, 445, 444, 222, 16.10%, 0, 0, 2, 6.30, 14936, 2447, 0, 0
1997, 0, 7, 445, 444, 222, 16.10%, 0, 0, 2, 5.86, 14964, 2447, 0, 0
2003, 0, 7, 445, 444, 222, 16.10%, 0, 0, 2, 5.84, 14994, 2447, 0, 0
2008, 0, 7, 445, 444, 222, 16.10%, 0, 0, 2, 6.10, 15026, 2447, 0, 0
2013, 0, 7, 445, 444, 222, 16.10%, 0, 0, 2, 6.66, 15060, 2447, 0, 0
2018, 0, 7, 445, 444, 222, 16.10%, 0, 0, 2, 7.10, 15098, 2447, 0, 0
2023, 0, 7, 445, 444, 222, 16.10%, 0, 0, 2, 7.35, 15136, 2447, 0, 0
2028, 0, 7, 445, 444, 222, 16.10%, 0, 0, 2, 5.81, 15161, 2447, 0, 0
2034, 0, 7, 445, 444, 222, 16.10%, 0, 0, 2, 3.93, 15174, 2447, 0, 0
2039, 0, 7, 446, 445, 222, 16.10%, 0, 0, 2, 3.60, 15189, 2448, 0, 0
2044, 0, 7, 446, 445, 222, 16.10%, 0, 0, 2, 3.70, 15209, 2448, 0, 0
2049, 0, 7, 449, 448, 222, 16.10%, 0, 0, 2, 5.04, 15251, 2448, 0, 0
2055, 0, 7, 449, 448, 222, 16.10%, 0, 0, 2, 5.61, 15282, 2448, 0, 0
2060, 0, 7, 449, 448, 222, 16.10%, 0, 0, 2, 5.09, 15307, 2448, 0, 0
2065, 0, 7, 449, 448, 222, 16.10%, 0, 0, 2, 3.67, 15320, 2448, 0, 0
2070, 0, 7, 449, 448, 222, 16.10%, 0, 0, 2, 3.04, 15334, 2448, 0, 0
2075, 0, 7, 449, 448, 222, 16.10%, 0, 0, 2, 2.78, 15347, 2448, 0, 0
2081, 0, 7, 449, 448, 222, 16.10%, 0, 0, 2, 2.68, 15361, 2448, 0, 0
2086, 0, 7, 449, 448, 222, 16.10%, 0, 0, 2, 4.74, 15384, 2448, 0, 0
2091, 0, 7, 449, 448, 222, 16.10%, 0, 0, 2, 7.53, 15428, 2448, 0, 0
2096, 0, 7, 449, 448, 222, 16.10%, 0, 0, 2, 6.57, 15459, 2448, 0, 0
2102, 0, 7, 449, 448, 222, 16.10%, 0, 0, 2, 6.19, 15491, 2448, 0, 0
2107, 0, 7, 450, 449, 222, 16.10%, 0, 0, 2, 5.40, 15510, 2448, 0, 0
2112, 0, 7, 450, 449, 222, 16.10%, 0, 0, 2, 4.24, 15527, 2448, 0, 0
2117, 0, 7, 450, 449, 222, 16.10%, 0, 0, 2, 3.80, 15545, 2448, 0, 0
2122, 0, 7, 450, 449, 222, 16.10%, 0, 0, 2, 3.65, 15563, 2448, 0, 0
2127, 0, 7, 450, 449, 222, 16.10%, 0, 0, 2, 3.42, 15579, 2448, 0, 0
2132, 0, 7, 450, 449, 222, 16.10%, 0, 0, 2, 3.20, 15594, 2448, 0, 0
2139, 0, 7, 451, 450, 222, 16.10%, 0, 0, 2, 3.16, 15615, 2448, 0, 0
2144, 0, 7, 451, 450, 222, 16.10%, 0, 0, 2, 3.31, 15632, 2448, 0, 0
2149, 0, 7, 451, 450, 222, 16.10%, 0, 0, 2, 3.19, 15648, 2448, 0, 0
2155, 0, 7, 451, 450, 222, 16.10%, 0, 0, 2, 4.71, 15678, 2448, 0, 0
2160, 0, 7, 451, 450, 222, 16.10%, 0, 0, 2, 3.80, 15696, 2448, 0, 0
2165, 0, 7, 451, 450, 222, 16.10%, 0, 0, 2, 3.06, 15709, 2448, 0, 0
2170, 0, 7, 451, 450, 222, 16.10%, 0, 0, 2, 2.74, 15722, 2448, 0, 0
2176, 0, 7, 452, 451, 222, 16.10%, 0, 0, 2, 5.83, 15758, 2448, 0, 0
2181, 0, 7, 452, 451, 222, 16.10%, 0, 0, 2, 4.34, 15777, 2448, 0, 0
2187, 0, 7, 452, 451, 222, 16.10%, 0, 0, 2, 4.36, 15799, 2448, 0, 0
2192, 0, 7, 452, 451, 222, 16.10%, 0, 0, 2, 5.94, 15830, 2448, 0, 0
2197, 0, 7, 452, 451, 222, 16.10%, 0, 0, 2, 6.61, 15866, 2448, 0, 0
2202, 0, 7, 454, 453, 222, 16.12%, 0, 0, 2, 6.55, 15897, 2450, 0, 0
2207, 0, 7, 454, 453, 222, 16.12%, 0, 0, 2, 6.96, 15934, 2450, 0, 0
2213, 0, 7, 456, 455, 222, 16.12%, 0, 0, 2, 7.42, 15974, 2450, 0, 0
2218, 0, 7, 457, 456, 222, 16.12%, 0, 0, 2, 5.69, 15989, 2450, 0, 0
2226, 0, 7, 458, 457, 222, 16.12%, 0, 0, 2, 4.37, 16014, 2450, 0, 0
2231, 0, 7, 459, 458, 222, 16.12%, 0, 0, 2, 4.84, 16042, 2450, 0, 0
2237, 0, 7, 460, 459, 222, 16.12%, 0, 0, 2, 3.93, 16059, 2450, 0, 0
2242, 0, 7, 462, 461, 222, 16.12%, 0, 0, 2, 4.51, 16093, 2450, 0, 0
2247, 0, 7, 464, 463, 222, 16.12%, 0, 0, 2, 6.62, 16136, 2450, 0, 0
2252, 0, 7, 466, 465, 222, 16.12%, 0, 0, 2, 7.22, 16180, 2451, 0, 0
2258, 0, 7, 467, 466, 222, 16.12%, 0, 0, 2, 6.99, 16216, 2451, 0, 0
2263, 0, 7, 468, 467, 222, 16.12%, 0, 0, 2, 6.37, 16247, 2451, 0, 0
2268, 0, 7, 468, 467, 222, 16.12%, 0, 0, 2, 5.49, 16273, 2451, 0, 0
2273, 0, 7, 468, 467, 222, 16.12%, 0, 0, 2, 4.61, 16294, 2451, 0, 0
2278, 0, 7, 468, 467, 222, 16.12%, 0, 0, 2, 4.62, 16318, 2451, 0, 0
2283, 0, 7, 468, 467, 222, 16.12%, 0, 0, 2, 3.97, 16337, 2451, 0, 0
2288, 0, 7, 468, 467, 222, 16.12%, 0, 0, 2, 3.89, 16356, 2451, 0, 0
2293, 0, 7, 468, 467, 222, 16.12%, 0, 0, 2, 3.84, 16375, 2451, 0, 0
2301, 0, 7, 469, 468, 222, 16.17%, 0, 0, 2, 3.52, 16396, 2458, 0, 0
2306, 0, 7, 469, 468, 222, 16.17%, 0, 0, 2, 3.53, 16413, 2458, 0, 0
2311, 0, 7, 469, 468, 222, 16.17%, 0, 0, 2, 3.44, 16430, 2458, 0, 0
2316, 0, 7, 469, 468, 222, 16.17%, 0, 0, 2, 3.44, 16447, 2458, 0, 0
2321, 0, 7, 469, 468, 222, 16.17%, 0, 0, 2, 4.21, 16470, 2458, 0, 0
2328, 0, 7, 470, 469, 222, 16.17%, 0, 0, 2, 4.01, 16493, 2458, 0, 0
2336, 0, 7, 471, 470, 222, 16.17%, 0, 0, 2, 3.57, 16514, 2458, 0, 0
2341, 0, 7, 471, 470, 222, 16.17%, 0, 0, 2, 3.43, 16530, 2458, 0, 0
2346, 0, 7, 471, 470, 222, 16.17%, 0, 0, 2, 3.23, 16546, 2458, 0, 0
2351, 0, 7, 471, 470, 222, 16.17%, 0, 0, 2, 3.14, 16561, 2458, 0, 0
2356, 0, 7, 472, 471, 222, 16.17%, 0, 0, 2, 2.99, 16574, 2458, 0, 0
2362, 0, 7, 472, 471, 222, 16.17%, 0, 0, 2, 2.96, 16590, 2458, 0, 0
2367, 0, 7, 472, 471, 222, 16.17%, 0, 1, 2, 2.76, 16602, 2458, 0, 0
2372, 0, 7, 472, 471, 222, 16.17%, 0, 1, 2, 2.85, 16617, 2458, 0, 0
2377, 0, 7, 472, 471, 222, 16.17%, 0, 1, 2, 2.98, 16633, 2458, 0, 0
2382, 0, 7, 472, 471, 222, 16.17%, 0, 1, 2, 3.35, 16650, 2458, 0, 0
2387, 0, 7, 473, 472, 222, 16.17%, 0, 1, 2, 6.62, 16694, 2458, 0, 0
2392, 0, 7, 473, 472, 222, 16.17%, 0, 1, 2, 7.57, 16734, 2458, 0, 0
2398, 0, 7, 473, 472, 222, 16.17%, 0, 1, 2, 6.71, 16768, 2458, 0, 0
2403, 0, 7, 473, 472, 222, 16.17%, 0, 1, 2, 5.59, 16795, 2458, 0, 0
2408, 0, 7, 473, 472, 222, 16.17%, 0, 1, 2, 5.64, 16823, 2458, 0, 0
2413, 0, 7, 473, 472, 222, 16.17%, 0, 1, 2, 6.06, 16856, 2458, 0, 0
2418, 0, 7, 473, 472, 222, 16.17%, 0, 1, 2, 4.76, 16875, 2458, 0, 0
2423, 0, 7, 473, 472, 222, 16.17%, 0, 1, 2, 3.87, 16891, 2458, 0, 0
2428, 0, 7, 473, 472, 222, 16.17%, 0, 1, 2, 3.15, 16903, 2458, 0, 0
2433, 0, 7, 474, 473, 222, 16.17%, 0, 1, 2, 3.12, 16922, 2458, 0, 0
2439, 0, 7, 474, 473, 222, 16.17%, 0, 1, 2, 3.70, 16943, 2458, 0, 0
2444, 0, 7, 474, 473, 222, 16.17%, 0, 1, 2, 3.01, 16956, 2458, 0, 0
2449, 0, 7, 474, 473, 222, 16.17%, 0, 1, 2, 2.72, 16969, 2458, 0, 0
2454, 0, 7, 474, 473, 222, 16.17%, 0, 1, 2, 2.63, 16982, 2458, 0, 0
2459, 0, 7, 474, 473, 222, 16.17%, 0, 1, 2, 4.07, 17002, 2458, 0, 0
2464, 0, 7, 474, 473, 222, 16.17%, 0, 1, 2, 5.54, 17034, 2458, 0, 0
2469, 0, 7, 474, 473, 222, 16.17%, 0, 1, 2, 6.20, 17066, 2458, 0, 0
2474, 0, 7, 474, 473, 222, 16.17%, 0, 1, 2, 5.51, 17092, 2458, 0, 0
2480, 0, 7, 474, 473, 222, 16.17%, 0, 1, 2, 4.02, 17108, 2458, 0, 0
2485, 0, 7, 474, 473, 222, 16.17%, 0, 1, 2, 3.47, 17124, 2458, 0, 0
2490, 0, 7, 474, 473, 222, 16.17%, 0, 1, 2, 3.07, 17138, 2458, 0, 0
2496, 0, 7, 475, 474, 222, 16.17%, 0, 1, 2, 3.39, 17158, 2458, 0, 0
2501, 0, 7, 477, 476, 222, 16.17%, 0, 1, 2, 3.40, 17180, 2458, 0, 0
2506, 0, 7, 477, 476, 222, 16.17%, 0, 1, 2, 2.93, 17194, 2458, 0, 0
2512, 0, 7, 477, 476, 222, 16.17%, 0, 1, 2, 2.68, 17207, 2458, 0, 0
2517, 0, 7, 477, 476, 222, 16.17%, 0, 1, 2, 2.63, 17220, 2458, 0, 0
2522, 0, 7, 477, 476, 222, 16.17%, 0, 1, 2, 2.60, 17233, 2458, 0, 0
2527, 0, 7, 477, 476, 222, 16.17%, 0, 1, 2, 3.42, 17253, 2458, 0, 0
2532, 0, 7, 477, 476, 222, 16.17%, 0, 1, 2, 3.29, 17271, 2458, 0, 0
2538, 0, 7, 477, 476, 222, 16.17%, 0, 1, 2, 3.06, 17286, 2458, 0, 0
2543, 0, 7, 477, 476, 222, 16.17%, 0, 1, 2, 3.30, 17303, 2458, 0, 0
2548, 0, 7, 477, 476, 222, 16.17%, 0, 1, 2, 4.40, 17330, 2458, 0, 0
2553, 0, 7, 477, 476, 222, 16.17%, 0, 1, 2, 3.76, 17348, 2458, 0, 0
2559, 0, 7, 478, 477, 222, 16.17%, 0, 1, 2, 3.27, 17367, 2458, 0, 0
2564, 0, 7, 478, 477, 222, 16.17%, 0, 1, 2, 2.88, 17380, 2458, 0, 0
2569, 0, 7, 478, 477, 222, 16.17%, 0, 1, 2, 2.66, 17393, 2458, 0, 0
2574, 0, 7, 478, 477, 222, 16.17%, 0, 1, 2, 2.98, 17409, 2458, 0, 0
2579, 0, 7, 479, 478, 222, 16.17%, 0, 1, 2, 2.94, 17424, 2458, 0, 0
2585, 0, 7, 479, 478, 222, 16.17%, 0, 1, 2, 2.68, 17437, 2458, 0, 0
2590, 0, 7, 479, 478, 222, 16.17%, 0, 1, 2, 2.58, 17450, 2458, 0, 0
2595, 0, 7, 479, 478, 222, 16.17%, 0, 1, 2, 2.56, 17463, 2458, 0, 0
2600, 0, 7, 479, 478, 222, 16.17%, 0, 1, 2, 3.86, 17482, 2458, 0, 0
2605, 0, 7, 479, 478, 222, 16.17%, 0, 1, 2, 6.40, 17520, 2458, 0, 0
2610, 0, 7, 479, 478, 222, 16.17%, 0, 1, 2, 6.97, 17557, 2458, 0, 0
2615, 0, 7, 479, 478, 222, 16.17%, 0, 1, 2, 4.95, 17575, 2458, 0, 0
2621, 0, 7, 479, 478, 222, 16.17%, 0, 1, 2, 3.57, 17588, 2458, 0, 0
2626, 0, 7, 479, 478, 222, 16.17%, 0, 1, 2, 3.01, 17602, 2458, 0, 0
2631, 0, 7, 479, 478, 222, 16.17%, 0, 1, 2, 2.72, 17615, 2458, 0, 0
2636, 0, 7, 479, 478, 222, 16.17%, 0, 1, 2, 2.78, 17629, 2458, 0, 0
2641, 0, 7, 479, 478, 222, 16.17%, 0, 1, 2, 2.97, 17645, 2458, 0, 0
2647, 0, 7, 479, 478, 222, 16.17%, 0, 1, 2, 2.70, 17658, 2458, 0, 0
2652, 0, 7, 479, 478, 222, 16.17%, 0, 1, 2, 2.58, 17671, 2458, 0, 0
2657, 0, 7, 479, 478, 222, 16.17%, 0, 1, 2, 2.58, 17684, 2458, 0, 0
2662, 0, 7, 479, 478, 222, 16.17%, 0, 1, 2, 2.58, 17697, 2458, 0, 0
2667, 0, 7, 480, 479, 222, 16.17%, 0, 1, 2, 4.04, 17719, 2458, 0, 0
2672, 0, 7, 481, 480, 222, 16.17%, 0, 1, 2, 3.82, 17736, 2458, 0, 0
2678, 0, 7, 483, 482, 222, 16.17%, 0, 1, 2, 4.13, 17763, 2458, 0, 0
2683, 0, 7, 483, 482, 222, 16.17%, 0, 1, 2, 4.55, 17782, 2458, 0, 0
2689, 0, 7, 484, 483, 222, 16.17%, 0, 1, 2, 4.30, 17798, 2458, 0, 0
2694, 0, 7, 484, 483, 222, 16.17%, 0, 2, 2, 4.22, 17816, 2458, 0, 0
2699, 0, 7, 484, 483, 222, 16.17%, 0, 3, 2, 4.46, 17833, 2458, 0, 0
2706, 0, 7, 486, 485, 222, 16.17%, 0, 3, 2, 4.23, 17861, 2458, 0, 0
2712, 0, 7, 487, 486, 222, 16.18%, 0, 3, 2, 4.65, 17890, 2459, 0, 0
2717, 0, 7, 488, 487, 222, 16.20%, 0, 3, 2, 4.80, 17908, 2463, 0, 0
2723, 0, 7, 488, 487, 222, 16.20%, 0, 3, 2, 4.96, 17934, 2463, 0, 0
2729, 0, 7, 489, 488, 222, 16.20%, 0, 3, 2, 4.96, 17952, 2463, 0, 0
2734, 0, 7, 489, 488, 222, 16.20%, 0, 3, 2, 5.15, 17973, 2463, 0, 0
2739, 0, 7, 489, 488, 222, 16.20%, 0, 3, 2, 5.41, 17997, 2463, 0, 0
2744, 0, 7, 489, 488, 222, 16.20%, 0, 3, 2, 4.63, 18019, 2463, 0, 0
2750, 0, 7, 491, 490, 222, 16.20%, 0, 3, 2, 4.96, 18053, 2463, 0, 0
2756, 0, 7, 492, 491, 222, 16.20%, 0, 3, 2, 4.87, 18078, 2463, 0, 0
2763, 0, 7, 493, 492, 222, 16.20%, 0, 3, 2, 5.26, 18105, 2463, 0, 0
2768, 0, 7, 493, 492, 222, 16.20%, 0, 3, 2, 5.12, 18128, 2463, 0, 0
2774, 0, 7, 494, 493, 222, 16.20%, 0, 3, 2, 5.07, 18151, 2463, 0, 0
2780, 0, 7, 495, 494, 222, 16.20%, 0, 3, 2, 5.02, 18171, 2463, 0, 0
2786, 0, 7, 495, 494, 222, 16.20%, 0, 3, 2, 5.16, 18194, 2463, 0, 0
2791, 0, 7, 496, 495, 222, 16.20%, 0, 3, 2, 5.44, 18221, 2463, 0, 0
2796, 0, 7, 496, 495, 222, 16.20%, 0, 3, 2, 5.49, 18246, 2463, 0, 0
2801, 0, 7, 496, 495, 222, 16.20%, 0, 3, 2, 5.37, 18268, 2463, 0, 0
2806, 0, 7, 497, 496, 222, 16.21%, 0, 3, 2, 5.47, 18292, 2464, 0, 0
2812, 0, 7, 497, 496, 222, 16.21%, 0, 3, 2, 5.24, 18316, 2464, 0, 0
2817, 0, 7, 497, 496, 222, 16.21%, 0, 3, 2, 5.28, 18341, 2464, 0, 0
2822, 0, 7, 498, 497, 222, 16.21%, 0, 3, 2, 5.42, 18365, 2464, 0, 0
2827, 0, 7, 498, 497, 222, 16.21%, 0, 4, 2, 5.18, 18384, 2464, 0, 0
2832, 0, 7, 499, 498, 222, 16.21%, 0, 4, 2, 4.96, 18400, 2464, 0, 0
2838, 0, 7, 500, 499, 222, 16.21%, 0, 4, 2, 4.84, 18419, 2464, 0, 0
2843, 0, 7, 501, 500, 222, 16.21%, 0, 4, 2, 4.53, 18440, 2464, 0, 0
2848, 0, 7, 502, 501, 222, 16.21%, 0, 4, 2, 5.03, 18466, 2464, 0, 0
2853, 0, 7, 503, 502, 222, 16.21%, 0, 4, 2, 5.16, 18496, 2464, 0, 0
2858, 0, 7, 503, 502, 222, 16.21%, 0, 4, 2, 5.05, 18517, 2464, 0, 0
2865, 0, 7, 505, 504, 222, 16.24%, 0, 4, 2, 5.66, 18557, 2468, 0, 0
2870, 0, 7, 505, 504, 222, 16.24%, 0, 4, 2, 5.68, 18584, 2468, 0, 0
2875, 0, 7, 506, 505, 222, 16.24%, 0, 4, 2, 5.38, 18605, 2468, 0, 0
2882, 0, 7, 507, 506, 222, 16.24%, 0, 4, 2, 5.35, 18631, 2468, 0, 0
2889, 0, 7, 508, 507, 222, 16.24%, 0, 4, 2, 4.91, 18657, 2468, 0, 0
2894, 0, 7, 509, 508, 222, 16.24%, 0, 4, 2, 5.74, 18687, 2468, 0, 0
2899, 0, 7, 509, 508, 222, 16.24%, 0, 4, 2, 5.31, 18710, 2468, 0, 0
2905, 0, 7, 510, 509, 222, 16.24%, 0, 4, 2, 5.43, 18734, 2469, 0, 0
2911, 0, 7, 510, 509, 222, 16.24%, 0, 4, 2, 4.77, 18757, 2469, 0, 0
2916, 0, 7, 510, 509, 222, 16.24%, 0, 4, 2, 5.09, 18781, 2469, 0, 0
2922, 0, 7, 510, 509, 222, 16.24%, 0, 4, 2, 4.94, 18806, 2469, 0, 0
2928, 0, 7, 511, 510, 222, 16.25%, 0, 4, 2, 5.38, 18839, 2470, 0, 0
2933, 0, 7, 511, 510, 222, 16.25%, 0, 4, 2, 5.62, 18866, 2470, 0, 0
2938, 0, 7, 511, 510, 222, 16.25%, 0, 4, 2, 4.94, 18884, 2470, 0, 0
2944, 0, 7, 511, 510, 222, 16.25%, 0, 4, 2, 5.07, 18911, 2470, 0, 0
2949, 0, 7, 511, 510, 222, 16.25%, 0, 5, 2, 5.29, 18933, 2470, 0, 0
2955, 0, 7, 512, 511, 222, 16.25%, 0, 5, 2, 5.31, 18964, 2470, 0, 0
2960, 0, 7, 512, 511, 222, 16.25%, 0, 5, 2, 4.90, 18982, 2470, 0, 0
2965, 0, 7, 512, 511, 222, 16.25%, 0, 5, 2, 4.94, 19005, 2470, 0, 0
2970, 0, 7, 512, 511, 222, 16.25%, 0, 5, 2, 4.61, 19024, 2470, 0, 0
2975, 0, 7, 512, 511, 222, 16.25%, 0, 5, 2, 5.22, 19051, 2470, 0, 0
2981, 0, 7, 513, 512, 222, 16.25%, 0, 5, 2, 5.11, 19067, 2470, 0, 0
2986, 0, 7, 513, 512, 222, 16.25%, 0, 5, 2, 5.33, 19092, 2470, 0, 0
2993, 0, 7, 514, 513, 222, 16.25%, 0, 5, 2, 4.71, 19121, 2470, 0, 0
2998, 0, 7, 514, 513, 222, 16.25%, 0, 5, 2, 5.19, 19147, 2470, 0, 0
3004, 0, 7, 515, 514, 222, 16.25%, 0, 5, 2, 5.10, 19180, 2470, 0, 0
3009, 0, 7, 516, 515, 222, 16.25%, 0, 5, 2, 5.36, 19211, 2470, 0, 0
3015, 0, 7, 517, 516, 222, 16.26%, 0, 5, 2, 5.34, 19240, 2471, 0, 0
3020, 0, 7, 517, 516, 222, 16.26%, 0, 5, 2, 4.81, 19261, 2471, 0, 0
3025, 0, 7, 517, 516, 222, 16.26%, 0, 5, 2, 4.52, 19280, 2471, 0, 0
3030, 0, 7, 517, 516, 222, 16.26%, 0, 5, 2, 4.96, 19308, 2471, 0, 0
3035, 0, 7, 517, 516, 222, 16.26%, 0, 5, 2, 5.09, 19331, 2471, 0, 0
3041, 0, 7, 517, 516, 222, 16.26%, 0, 5, 2, 5.14, 19353, 2471, 0, 0
3046, 0, 7, 517, 516, 222, 16.26%, 0, 5, 2, 4.94, 19374, 2471, 0, 0
3051, 0, 7, 517, 516, 222, 16.26%, 0, 5, 2, 4.97, 19394, 2471, 0, 0
3056, 0, 7, 517, 516, 222, 16.26%, 0, 5, 2, 5.51, 19419, 2471, 0, 0
3061, 0, 7, 518, 517, 222, 16.26%, 0, 5, 2, 5.67, 19450, 2471, 0, 0
3067, 0, 7, 519, 518, 222, 16.26%, 0, 5, 2, 5.26, 19474, 2471, 0, 0
3072, 0, 7, 520, 519, 222, 16.26%, 0, 5, 2, 5.53, 19503, 2471, 0, 0
3077, 0, 7, 520, 519, 222, 16.26%, 0, 5, 2, 5.63, 19530, 2471, 0, 0
3082, 0, 7, 521, 520, 222, 16.26%, 0, 6, 2, 5.15, 19548, 2472, 0, 0
3088, 0, 7, 524, 523, 222, 16.28%, 0, 6, 2, 5.78, 19592, 2474, 0, 0
3093, 0, 7, 524, 523, 222, 16.28%, 0, 6, 2, 4.76, 19612, 2474, 0, 0
3099, 0, 7, 525, 524, 222, 16.28%, 0, 7, 2, 5.24, 19644, 2475, 0, 0
3104, 0, 7, 525, 524, 222, 16.28%, 0, 7, 2, 4.65, 19661, 2475, 0, 0
3113, 0, 7, 526, 525, 222, 16.28%, 0, 7, 2, 5.41, 19700, 2475, 0, 0
3118, 0, 7, 526, 525, 222, 16.28%, 0, 7, 2, 4.78, 19721, 2475, 0, 0
3123, 0, 7, 526, 525, 222, 16.28%, 0, 7, 2, 5.12, 19746, 2475, 0, 0
3128, 0, 7, 526, 525, 222, 16.28%, 0, 7, 2, 5.37, 19771, 2475, 0, 0
3133, 0, 7, 526, 525, 222, 16.28%, 0, 7, 2, 5.23, 19796, 2475, 0, 0
3140, 0, 7, 527, 526, 222, 16.32%, 0, 7, 2, 4.74, 19823, 2481, 0, 0
3145, 0, 7, 527, 526, 222, 16.32%, 0, 7, 2, 5.14, 19848, 2481, 0, 0
3151, 0, 7, 527, 526, 222, 16.32%, 0, 7, 2, 5.18, 19873, 2481, 0, 0
3156, 0, 7, 527, 526, 222, 16.32%, 0, 7, 2, 5.27, 19896, 2481, 0, 0
3162, 0, 7, 528, 527, 222, 16.32%, 0, 7, 2, 5.04, 19918, 2481, 0, 0
3167, 0, 7, 529, 528, 222, 16.32%, 0, 7, 2, 4.83, 19945, 2481, 0, 0
3172, 0, 7, 529, 528, 222, 16.32%, 0, 7, 2, 5.04, 19966, 2481, 0, 0
3177, 0, 7, 529, 528, 222, 16.32%, 0, 7, 2, 5.17, 19989, 2481, 0, 0
3183, 0, 7, 529, 528, 222, 16.32%, 0, 7, 2, 4.57, 20010, 2481, 0, 0
3188, 0, 7, 529, 528, 222, 16.32%, 0, 7, 2, 4.46, 20031, 2481, 0, 0
3193, 0, 7, 529, 528, 222, 16.32%, 0, 7, 2, 5.46, 20059, 2481, 0, 0
3200, 0, 7, 530, 529, 222, 16.32%, 0, 7, 2, 5.04, 20094, 2481, 0, 0
3206, 0, 7, 532, 531, 222, 16.32%, 0, 7, 2, 5.20, 20133, 2481, 0, 0
3211, 0, 7, 532, 531, 222, 16.32%, 0, 7, 2, 4.90, 20153, 2481, 0, 0
3217, 0, 7, 532, 531, 222, 16.32%, 0, 7, 2, 5.64, 20186, 2481, 0, 0
3223, 0, 7, 533, 532, 222, 16.32%, 0, 7, 2, 4.97, 20217, 2481, 0, 0
3229, 0, 7, 533, 532, 222, 16.32%, 0, 7, 2, 5.78, 20247, 2481, 0, 0
3234, 0, 7, 533, 532, 222, 16.32%, 0, 7, 2, 5.46, 20274, 2481, 0, 0
3239, 0, 7, 533, 532, 222, 16.32%, 0, 7, 2, 5.59, 20302, 2481, 0, 0
3245, 0, 7, 533, 532, 222, 16.32%, 0, 7, 2, 5.99, 20330, 2481, 0, 0
3250, 0, 7, 533, 532, 222, 16.32%, 0, 7, 2, 5.80, 20355, 2481, 0, 0
3255, 0, 7, 533, 532, 222, 16.32%, 0, 7, 2, 6.13, 20384, 2481, 0, 0
3260, 0, 7, 533, 532, 222, 16.32%, 0, 7, 2, 5.83, 20410, 2481, 0, 0
3265, 0, 7, 533, 532, 222, 16.32%, 0, 7, 2, 6.25, 20441, 2481, 0, 0
3270, 0, 7, 533, 532, 222, 16.32%, 0, 7, 2, 6.03, 20469, 2481, 0, 0
3276, 0, 7, 533, 532, 222, 16.32%, 0, 7, 2, 6.06, 20499, 2481, 0, 0
3281, 0, 7, 533, 532, 222, 16.32%, 0, 7, 2, 5.33, 20523, 2481, 0, 0
3286, 0, 7, 533, 532, 222, 16.32%, 0, 7, 2, 4.72, 20540, 2481, 0, 0
3291, 0, 7, 533, 532, 222, 16.32%, 0, 7, 2, 4.89, 20563, 2481, 0, 0
3296, 0, 7, 534, 533, 222, 16.32%, 0, 7, 2, 4.84, 20588, 2481, 0, 0
3301, 0, 7, 534, 533, 222, 16.32%, 0, 7, 2, 4.81, 20611, 2481, 0, 0
3307, 0, 7, 534, 533, 222, 16.32%, 0, 7, 2, 5.34, 20637, 2481, 0, 0
3312, 0, 7, 534, 533, 222, 16.32%, 0, 7, 2, 4.87, 20660, 2481, 0, 0
3317, 0, 7, 534, 533, 222, 16.32%, 0, 7, 2, 5.11, 20684, 2481, 0, 0
3322, 0, 7, 534, 533, 222, 16.32%, 0, 7, 2, 5.04, 20709, 2481, 0, 0
3327, 0, 7, 535, 534, 222, 16.32%, 0, 7, 2, 5.03, 20737, 2481, 0, 0
3333, 0, 7, 536, 535, 222, 16.32%, 0, 7, 2, 4.76, 20760, 2481, 0, 0
3339, 0, 7, 537, 536, 222, 16.32%, 0, 7, 2, 5.55, 20795, 2481, 0, 0
3344, 0, 7, 537, 536, 222, 16.32%, 0, 7, 2, 5.69, 20821, 2481, 0, 0
3349, 0, 7, 538, 537, 222, 16.33%, 0, 7, 2, 5.62, 20847, 2482, 0, 0
3354, 0, 7, 538, 537, 222, 16.33%, 0, 7, 2, 5.31, 20872, 2482, 0, 0
3359, 0, 7, 538, 537, 222, 16.33%, 0, 7, 2, 5.34, 20892, 2482, 0, 0
3365, 0, 7, 538, 537, 222, 16.33%, 0, 7, 2, 5.32, 20914, 2482, 0, 0
3370, 0, 7, 538, 537, 222, 16.33%, 0, 7, 2, 5.03, 20940, 2482, 0, 0
3375, 0, 7, 538, 537, 222, 16.33%, 0, 7, 2, 5.20, 20965, 2482, 0, 0
3380, 0, 7, 538, 537, 222, 16.33%, 0, 7, 2, 5.41, 20992, 2482, 0, 0
3385, 0, 7, 538, 537, 222, 16.33%, 0, 7, 2, 5.19, 21014, 2482, 0, 0
3391, 0, 7, 538, 537, 222, 16.33%, 0, 7, 2, 4.79, 21038, 2482, 0, 0
3396, 0, 7, 538, 537, 222, 16.33%, 0, 7, 2, 5.47, 21066, 2482, 0, 0
3401, 0, 7, 538, 537, 222, 16.33%, 0, 7, 2, 4.89, 21089, 2482, 0, 0
3406, 0, 7, 538, 537, 222, 16.33%, 0, 7, 2, 4.79, 21107, 2482, 0, 0
3411, 0, 7, 538, 537, 222, 16.33%, 0, 7, 2, 4.98, 21129, 2482, 0, 0
3417, 0, 7, 538, 537, 222, 16.33%, 0, 7, 2, 5.15, 21155, 2482, 0, 0
3422, 0, 7, 539, 538, 222, 16.33%, 0, 7, 2, 4.66, 21175, 2482, 0, 0
3427, 0, 7, 539, 538, 222, 16.33%, 0, 7, 2, 4.50, 21195, 2482, 0, 0
3432, 0, 7, 539, 538, 222, 16.33%, 0, 7, 2, 4.86, 21216, 2482, 0, 0
3437, 0, 7, 539, 538, 222, 16.33%, 0, 7, 2, 5.50, 21246, 2482, 0, 0
3443, 0, 7, 539, 538, 222, 16.33%, 0, 8, 2, 4.66, 21264, 2482, 0, 0
3448, 0, 7, 539, 538, 222, 16.33%, 0, 8, 2, 5.46, 21291, 2482, 0, 0
3453, 0, 7, 540, 539, 222, 16.33%, 0, 8, 2, 5.40, 21316, 2482, 0, 0
3458, 0, 7, 540, 539, 222, 16.33%, 0, 8, 2, 5.28, 21341, 2482, 0, 0
3464, 0, 7, 540, 539, 222, 16.33%, 0, 8, 2, 5.21, 21365, 2482, 0, 0
3469, 0, 7, 540, 539, 222, 16.33%, 0, 8, 2, 4.79, 21386, 2482, 0, 0
3474, 0, 7, 540, 539, 222, 16.33%, 0, 8, 2, 4.70, 21406, 2482, 0, 0
3479, 0, 7, 541, 540, 222, 16.33%, 0, 8, 2, 5.28, 21439, 2482, 0, 0
3484, 0, 7, 542, 541, 222, 16.33%, 0, 8, 2, 5.56, 21467, 2482, 0, 0
3490, 0, 7, 542, 541, 222, 16.33%, 0, 8, 2, 5.36, 21492, 2482, 0, 0
3495, 0, 7, 542, 541, 222, 16.33%, 0, 8, 2, 5.32, 21516, 2482, 0, 0
3500, 0, 7, 542, 541, 222, 16.33%, 0, 8, 2, 5.31, 21542, 2482, 0, 0
3505, 0, 7, 543, 542, 222, 16.33%, 0, 8, 2, 5.68, 21571, 2483, 0, 0
3510, 0, 7, 544, 543, 222, 16.33%, 0, 8, 2, 5.11, 21593, 2483, 0, 0
3516, 0, 7, 544, 543, 222, 16.33%, 0, 8, 2, 5.18, 21619, 2483, 0, 0
3521, 0, 7, 544, 543, 222, 16.33%, 0, 8, 2, 4.68, 21640, 2483, 0, 0
3526, 0, 7, 544, 543, 222, 16.33%, 0, 8, 2, 4.89, 21666, 2483, 0, 0
3531, 0, 7, 544, 543, 222, 16.33%, 0, 8, 2, 4.90, 21688, 2483, 0, 0
3536, 0, 7, 544, 543, 222, 16.33%, 0, 8, 2, 4.96, 21709, 2483, 0, 0
3542, 0, 7, 544, 543, 222, 16.33%, 0, 8, 2, 5.11, 21734, 2483, 0, 0
3547, 0, 7, 544, 543, 222, 16.33%, 0, 8, 2, 5.26, 21762, 2483, 0, 0
3553, 0, 7, 545, 544, 222, 16.34%, 0, 8, 2, 5.01, 21788, 2484, 0, 0
3558, 0, 7, 545, 544, 222, 16.34%, 0, 8, 2, 4.61, 21809, 2484, 0, 0
3563, 0, 7, 546, 545, 222, 16.35%, 0, 8, 2, 5.07, 21839, 2485, 0, 0
3568, 0, 7, 546, 545, 222, 16.35%, 0, 8, 2, 5.18, 21863, 2485, 0, 0
3573, 0, 7, 546, 545, 222, 16.35%, 0, 8, 2, 5.58, 21892, 2485, 0, 0
3578, 0, 7, 547, 546, 222, 16.35%, 0, 8, 2, 5.49, 21919, 2485, 0, 0
3584, 0, 7, 547, 546, 222, 16.35%, 0, 8, 2, 5.15, 21943, 2485, 0, 0
3590, 0, 7, 547, 546, 222, 16.35%, 0, 8, 2, 4.79, 21968, 2485, 0, 0
3595, 0, 7, 547, 546, 222, 16.35%, 0, 8, 2, 5.69, 21997, 2485, 0, 0
3600, 0, 7, 548, 547, 222, 16.35%, 0, 8, 2, 5.70, 22026, 2485, 0, 0
3606, 0, 7, 549, 548, 222, 16.35%, 0, 8, 2, 6.03, 22063, 2485, 0, 0
3611, 0, 7, 549, 548, 222, 16.35%, 0, 8, 2, 5.59, 22086, 2485, 0, 0
3616, 0, 7, 550, 549, 222, 16.35%, 0, 8, 2, 5.31, 22105, 2485, 0, 0
3621, 0, 7, 551, 550, 222, 16.35%, 0, 8, 2, 6.05, 22139, 2485, 0, 0
3626, 0, 7, 551, 550, 222, 16.35%, 0, 8, 2, 5.56, 22164, 2485, 0, 0
3633, 0, 7, 552, 551, 222, 16.35%, 0, 8, 2, 5.32, 22193, 2485, 0, 0
3638, 0, 7, 552, 551, 222, 16.35%, 0, 8, 2, 5.14, 22217, 2485, 0, 0
3644, 0, 7, 553, 552, 222, 16.35%, 0, 8, 2, 6.08, 22255, 2485, 0, 0
3649, 0, 7, 553, 552, 222, 16.35%, 0, 8, 2, 4.95, 22276, 2485, 0, 0
3654, 0, 7, 553, 552, 222, 16.35%, 0, 8, 2, 4.67, 22298, 2485, 0, 0
3661, 0, 7, 555, 554, 222, 16.35%, 0, 8, 2, 4.62, 22327, 2486, 0, 0
3666, 0, 7, 555, 554, 222, 16.35%, 0, 8, 2, 4.80, 22349, 2486, 0, 0
3671, 0, 7, 555, 554, 222, 16.35%, 0, 8, 2, 4.78, 22372, 2486, 0, 0
3676, 0, 7, 555, 554, 222, 16.35%, 0, 8, 2, 5.22, 22397, 2486, 0, 0
3682, 0, 7, 556, 555, 222, 16.35%, 0, 8, 2, 5.46, 22427, 2486, 0, 0
3687, 0, 7, 556, 555, 222, 16.35%, 0, 8, 2, 5.30, 22452, 2486, 0, 0
3692, 0, 7, 556, 555, 222, 16.35%, 0, 8, 2, 5.42, 22478, 2486, 0, 0
3697, 0, 7, 556, 555, 222, 16.35%, 0, 8, 2, 5.25, 22502, 2486, 0, 0
3702, 0, 7, 556, 555, 222, 16.35%, 0, 8, 2, 5.63, 22529, 2486, 0, 0
3708, 0, 7, 556, 555, 222, 16.35%, 0, 8, 2, 4.91, 22549, 2486, 0, 0
3713, 0, 7, 556, 555, 222, 16.35%, 0, 8, 2, 4.90, 22570, 2486, 0, 0
3718, 0, 7, 556, 555, 222, 16.35%, 0, 8, 2, 4.82, 22595, 2486, 0, 0
3723, 0, 7, 556, 555, 222, 16.35%, 0, 8, 2, 5.65, 22624, 2486, 0, 0
3729, 0, 7, 556, 555, 222, 16.35%, 0, 8, 2, 5.85, 22653, 2486, 0, 0
3734, 0, 7, 557, 556, 222, 16.35%, 0, 8, 2, 5.58, 22672, 2486, 0, 0
3739, 0, 7, 557, 556, 222, 16.35%, 0, 8, 2, 5.53, 22697, 2486, 0, 0
3744, 0, 7, 557, 556, 222, 16.35%, 0, 8, 2, 5.75, 22723, 2486, 0, 0
3749, 0, 7, 557, 556, 222, 16.35%, 0, 8, 2, 5.75, 22748, 2486, 0, 0
3754, 0, 7, 557, 556, 222, 16.35%, 0, 8, 2, 5.45, 22772, 2486, 0, 0
3759, 0, 7, 557, 556, 222, 16.35%, 0, 8, 2, 5.33, 22797, 2486, 0, 0
3764, 0, 7, 557, 556, 222, 16.35%, 0, 8, 2, 4.95, 22820, 2486, 0, 0
3770, 0, 7, 557, 556, 222, 16.35%, 0, 8, 2, 4.58, 22841, 2486, 0, 0
3776, 0, 7, 558, 557, 222, 16.37%, 0, 8, 2, 5.14, 22878, 2488, 0, 0
3786, 0, 7, 559, 558, 222, 16.38%, 0, 8, 2, 5.17, 22914, 2490, 0, 0
3791, 0, 7, 559, 558, 222, 16.38%, 0, 8, 2, 5.12, 22938, 2490, 0, 0
3796, 0, 7, 559, 558, 222, 16.38%, 0, 8, 2, 5.03, 22962, 2490, 0, 0
3802, 0, 7, 559, 558, 222, 16.38%, 0, 8, 2, 4.91, 22987, 2490, 0, 0
3808, 0, 7, 560, 559, 222, 16.38%, 0, 8, 2, 4.75, 23014, 2490, 0, 0
3813, 0, 7, 561, 560, 222, 16.39%, 0, 8, 2, 5.46, 23046, 2491, 0, 0
3818, 0, 7, 561, 560, 222, 16.39%, 0, 8, 2, 5.65, 23073, 2491, 0, 0
3823, 0, 7, 561, 560, 222, 16.39%, 0, 8, 2, 5.33, 23097, 2491, 0, 0
3828, 0, 7, 561, 560, 222, 16.39%, 0, 8, 2, 5.32, 23122, 2491, 0, 0
3834, 0, 7, 561, 560, 222, 16.39%, 0, 8, 2, 5.88, 23155, 2491, 0, 0
3839, 0, 7, 561, 560, 222, 16.39%, 0, 8, 2, 5.62, 23180, 2491, 0, 0
3846, 0, 7, 562, 561, 222, 16.39%, 0, 8, 2, 5.71, 23205, 2491, 0, 0
3851, 0, 7, 562, 561, 222, 16.39%, 0, 8, 2, 5.34, 23229, 2491, 0, 0
3856, 0, 7, 562, 561, 222, 16.39%, 0, 8, 2, 5.42, 23255, 2491, 0, 0
3861, 0, 7, 562, 561, 222, 16.39%, 0, 8, 2, 5.20, 23279, 2491, 0, 0
3866, 0, 7, 562, 561, 222, 16.39%, 0, 8, 2, 5.63, 23304, 2491, 0, 0
3871, 0, 7, 562, 561, 222, 16.39%, 0, 8, 2, 5.39, 23328, 2491, 0, 0
3877, 0, 7, 562, 561, 222, 16.39%, 0, 8, 2, 5.86, 23358, 2491, 0, 0
3882, 0, 7, 562, 561, 222, 16.39%, 0, 8, 2, 5.14, 23380, 2491, 0, 0
3887, 0, 7, 564, 563, 222, 16.39%, 0, 8, 2, 5.73, 23416, 2491, 0, 0
3892, 0, 7, 564, 563, 222, 16.39%, 0, 8, 2, 5.50, 23444, 2491, 0, 0
3898, 0, 7, 565, 564, 222, 16.39%, 0, 8, 2, 5.68, 23473, 2491, 0, 0
3903, 0, 7, 565, 564, 222, 16.39%, 0, 8, 2, 5.30, 23497, 2491, 0, 0
3908, 0, 7, 566, 565, 222, 16.39%, 0, 8, 2, 5.38, 23527, 2491, 0, 0
3914, 0, 7, 567, 566, 222, 16.39%, 0, 8, 2, 5.52, 23560, 2491, 0, 0
3919, 0, 7, 567, 566, 222, 16.39%, 0, 8, 2, 4.53, 23580, 2491, 0, 0
3925, 0, 7, 567, 566, 222, 16.39%, 0, 8, 2, 4.81, 23606, 2491, 0, 0
3930, 0, 7, 567, 566, 222, 16.39%, 0, 8, 2, 5.07, 23632, 2491, 0, 0
3935, 0, 7, 567, 566, 222, 16.39%, 0, 8, 2, 5.60, 23660, 2491, 0, 0
3940, 0, 7, 567, 566, 222, 16.39%, 0, 8, 2, 5.03, 23682, 2491, 0, 0
3945, 0, 7, 567, 566, 222, 16.39%, 0, 8, 2, 4.92, 23707, 2491, 0, 0
3951, 0, 7, 568, 567, 222, 16.39%, 0, 8, 2, 5.35, 23739, 2491, 0, 0
3956, 0, 7, 569, 568, 222, 16.39%, 0, 8, 2, 5.60, 23771, 2492, 0, 0
3962, 0, 7, 570, 569, 222, 16.39%, 0, 8, 2, 5.37, 23802, 2492, 0, 0
3968, 0, 12, 570, 568, 239, 16.39%, 0, 8, 2, 5.72, 23841, 2492, 0, 0
3973, 0, 12, 570, 568, 239, 16.39%, 0, 8, 2, 5.48, 23865, 2492, 0, 0
3979, 0, 12, 570, 568, 239, 16.39%, 0, 8, 2, 5.84, 23897, 2492, 0, 0
3984, 0, 12, 570, 568, 239, 16.39%, 0, 8, 2, 7.17, 23937, 2492, 0, 0
3989, 0, 12, 570, 568, 239, 16.39%, 0, 8, 2, 7.53, 23977, 2492, 0, 0
3994, 0, 12, 571, 569, 239, 16.39%, 0, 8, 2, 7.62, 24016, 2492, 0, 0
3999, 0, 12, 571, 569, 239, 16.39%, 0, 8, 2, 7.66, 24056, 2492, 0, 0
4005, 0, 12, 571, 569, 239, 16.39%, 0, 8, 2, 7.67, 24096, 2492, 0, 0
4010, 0, 12, 571, 569, 239, 16.39%, 0, 8, 2, 7.26, 24132, 2492, 0, 0
4015, 0, 12, 571, 569, 239, 16.39%, 0, 8, 2, 7.26, 24169, 2492, 0, 0
4020, 0, 12, 571, 569, 239, 16.39%, 0, 8, 2, 7.56, 24209, 2492, 0, 0
4025, 0, 12, 571, 569, 239, 16.39%, 0, 8, 2, 7.64, 24249, 2492, 0, 0
4031, 0, 12, 571, 569, 239, 16.39%, 0, 8, 2, 7.67, 24289, 2492, 0, 0
4036, 0, 12, 571, 569, 239, 16.39%, 0, 8, 2, 7.67, 24329, 2492, 0, 0
4041, 0, 12, 571, 569, 239, 16.39%, 0, 8, 2, 7.68, 24369, 2492, 0, 0
4046, 0, 12, 572, 570, 239, 16.39%, 0, 8, 2, 7.67, 24408, 2492, 0, 0
4051, 0, 12, 572, 570, 239, 16.39%, 0, 8, 2, 7.67, 24448, 2492, 0, 0
4057, 0, 12, 573, 571, 239, 16.39%, 0, 8, 2, 7.68, 24493, 2492, 0, 0
4062, 0, 12, 573, 571, 239, 16.39%, 0, 8, 2, 7.68, 24533, 2492, 0, 0
4068, 0, 12, 575, 573, 239, 16.39%, 0, 8, 2, 7.68, 24579, 2492, 0, 0
4074, 0, 12, 575, 573, 239, 16.39%, 0, 8, 2, 7.67, 24619, 2492, 0, 0
4079, 0, 12, 575, 573, 239, 16.39%, 0, 8, 2, 7.81, 24659, 2492, 0, 0
4081, 0, 12, 575, 573, 239, 16.39%, 0, 8, 2, 7.87, 24680, 2492, 0, 0
