# relative_time, cycles_done, cur_item, corpus_count, pending_total, pending_favs, map_size, saved_crashes, saved_hangs, max_depth, execs_per_sec, total_execs, edges_found, total_crashes, servers_count
61, 0, 8, 246, 95, 14, 5.52%, 0, 0, 2, 90.73, 6820, 192, 0, 0
66, 0, 8, 248, 97, 14, 5.52%, 0, 0, 2, 90.70, 7277, 192, 0, 0
71, 0, 8, 249, 98, 14, 5.52%, 0, 0, 2, 90.70, 7746, 192, 0, 0
76, 0, 8, 250, 99, 14, 5.54%, 0, 0, 2, 90.51, 8207, 193, 0, 0
81, 0, 8, 250, 99, 14, 5.54%, 0, 0, 2, 90.70, 8677, 193, 0, 0
86, 0, 8, 250, 99, 14, 5.54%, 0, 0, 2, 91.03, 9132, 193, 0, 0
91, 0, 8, 251, 100, 14, 5.54%, 0, 0, 2, 90.59, 9600, 193, 0, 0
97, 0, 8, 251, 100, 14, 5.54%, 0, 0, 2, 90.36, 10070, 193, 0, 0
102, 0, 8, 253, 102, 14, 5.54%, 0, 0, 2, 90.34, 10539, 193, 0, 0
107, 0, 8, 253, 102, 14, 5.54%, 0, 0, 2, 90.35, 11006, 193, 0, 0
112, 0, 8, 254, 103, 14, 5.54%, 0, 0, 2, 90.25, 11459, 193, 0, 0
117, 0, 8, 255, 104, 14, 5.54%, 0, 0, 2, 90.60, 11919, 193, 0, 0
122, 0, 8, 256, 105, 14, 5.54%, 0, 0, 2, 90.29, 12372, 193, 0, 0
127, 0, 8, 258, 107, 14, 5.54%, 0, 0, 2, 90.73, 12827, 193, 0, 0
132, 0, 8, 259, 108, 14, 5.54%, 0, 0, 2, 90.83, 13298, 193, 0, 0
137, 0, 8, 260, 109, 14, 5.54%, 0, 0, 2, 90.11, 13750, 193, 0, 0
142, 0, 8, 260, 109, 14, 5.54%, 0, 0, 2, 90.00, 14216, 193, 0, 0
148, 0, 8, 261, 110, 14, 5.54%, 0, 0, 2, 90.05, 14677, 193, 0, 0
153, 0, 8, 261, 110, 14, 5.54%, 0, 0, 2, 89.68, 15137, 193, 0, 0
158, 0, 8, 262, 111, 14, 5.57%, 0, 0, 2, 89.39, 15598, 194, 0, 0
163, 0, 8, 262, 111, 14, 5.57%, 0, 0, 2, 89.68, 16059, 194, 0, 0
168, 0, 8, 262, 111, 14, 5.57%, 0, 0, 2, 89.99, 16519, 194, 0, 0
173, 0, 8, 263, 112, 14, 5.60%, 0, 0, 2, 89.86, 16978, 195, 0, 0
178, 0, 8, 263, 112, 14, 5.60%, 0, 0, 2, 89.88, 17439, 195, 0, 0
184, 0, 8, 265, 114, 14, 5.60%, 0, 0, 2, 90.17, 17904, 195, 0, 0
189, 0, 8, 267, 116, 14, 5.63%, 0, 0, 2, 90.20, 18371, 196, 0, 0
194, 0, 8, 267, 116, 14, 5.63%, 0, 0, 2, 90.43, 18837, 196, 0, 0
199, 0, 8, 268, 117, 14, 5.66%, 0, 0, 2, 90.33, 19303, 197, 0, 0
204, 0, 8, 268, 117, 14, 5.66%, 0, 0, 2, 90.23, 19765, 197, 0, 0
209, 0, 8, 271, 120, 14, 5.66%, 0, 0, 2, 90.40, 20230, 197, 0, 0
214, 0, 8, 274, 123, 14, 5.69%, 0, 0, 2, 90.12, 20680, 198, 0, 0
219, 0, 8, 274, 123, 14, 5.69%, 0, 0, 2, 90.75, 21135, 198, 0, 0
224, 0, 8, 274, 123, 14, 5.69%, 0, 0, 2, 90.52, 21600, 198, 0, 0
230, 0, 8, 274, 123, 14, 5.69%, 0, 0, 2, 90.24, 22064, 198, 0, 0
235, 0, 8, 274, 123, 14, 5.69%, 0, 0, 2, 89.99, 22526, 198, 0, 0
240, 0, 8, 274, 123, 14, 5.69%, 0, 0, 2, 90.00, 22986, 198, 0, 0
245, 0, 8, 275, 124, 14, 5.69%, 0, 0, 2, 90.27, 23448, 198, 0, 0
250, 0, 8, 276, 125, 14, 5.69%, 0, 0, 2, 90.32, 23903, 198, 0, 0
255, 0, 8, 276, 125, 14, 5.69%, 0, 0, 2, 90.16, 24369, 198, 0, 0
260, 0, 8, 276, 125, 14, 5.69%, 0, 0, 2, 90.13, 24832, 198, 0, 0
265, 0, 8, 276, 125, 14, 5.69%, 0, 0, 2, 90.09, 25296, 198, 0, 0
271, 0, 8, 276, 125, 14, 5.69%, 0, 0, 2, 90.21, 25762, 198, 0, 0
276, 0, 8, 277, 126, 14, 5.69%, 0, 0, 2, 89.58, 26221, 198, 0, 0
281, 0, 8, 278, 127, 14, 5.69%, 0, 0, 2, 89.50, 26679, 198, 0, 0
286, 0, 8, 278, 127, 14, 5.69%, 0, 0, 2, 89.97, 27137, 198, 0, 0
291, 0, 8, 278, 127, 14, 5.69%, 0, 0, 2, 90.11, 27603, 198, 0, 0
296, 0, 8, 278, 127, 14, 5.69%, 0, 0, 2, 89.83, 28061, 198, 0, 0
301, 0, 8, 278, 127, 14, 5.69%, 0, 0, 2, 90.03, 28520, 198, 0, 0
306, 0, 8, 279, 128, 14, 5.69%, 0, 0, 2, 90.29, 28986, 198, 0, 0
312, 0, 8, 279, 128, 14, 5.69%, 0, 0, 2, 89.92, 29440, 198, 0, 0
317, 0, 202, 283, 128, 35, 5.69%, 0, 0, 2, 90.15, 29906, 198, 0, 0
322, 0, 231, 283, 122, 29, 5.69%, 0, 0, 2, 90.28, 30375, 198, 0, 0
327, 0, 271, 284, 119, 25, 5.69%, 0, 0, 3, 90.55, 30834, 198, 0, 0
332, 0, 225, 284, 113, 20, 5.69%, 0, 0, 3, 90.93, 31299, 198, 0, 0
337, 0, 186, 286, 111, 17, 5.72%, 0, 0, 3, 90.77, 31763, 199, 0, 0
342, 0, 194, 286, 108, 14, 5.72%, 0, 0, 3, 90.25, 32225, 199, 0, 0
347, 0, 249, 291, 110, 11, 5.72%, 0, 0, 3, 89.39, 32673, 199, 0, 0
352, 0, 249, 292, 111, 11, 5.72%, 0, 0, 3, 88.87, 33128, 199, 0, 0
357, 0, 195, 292, 110, 11, 5.72%, 0, 0, 3, 89.29, 33581, 199, 0, 0
363, 0, 236, 292, 107, 9, 5.72%, 0, 0, 3, 90.19, 34069, 199, 0, 0
368, 0, 261, 293, 104, 6, 5.72%, 0, 0, 3, 90.30, 34535, 199, 0, 0
374, 0, 130, 294, 102, 3, 5.72%, 0, 0, 4, 89.13, 35075, 199, 0, 0
379, 0, 187, 295, 99, 1, 5.72%, 0, 0, 4, 89.34, 35537, 199, 0, 0
385, 0, 117, 295, 97, 1, 5.72%, 0, 0, 4, 89.33, 36048, 199, 0, 0
390, 0, 293, 295, 94, 0, 5.72%, 0, 0, 4, 89.23, 36530, 199, 0, 0
396, 0, 248, 296, 94, 0, 5.72%, 0, 0, 4, 90.54, 36999, 199, 0, 0
401, 0, 211, 296, 93, 0, 5.72%, 0, 0, 4, 90.47, 37468, 199, 0, 0
406, 0, 295, 298, 95, 0, 5.72%, 0, 0, 4, 90.30, 37933, 199, 0, 0
411, 0, 295, 302, 99, 0, 5.72%, 0, 0, 4, 90.07, 38392, 199, 0, 0
416, 0, 295, 304, 101, 0, 5.72%, 0, 0, 4, 90.05, 38853, 199, 0, 0
421, 0, 295, 304, 101, 0, 5.72%, 0, 0, 4, 89.94, 39313, 199, 0, 0
426, 0, 295, 305, 102, 0, 5.72%, 0, 0, 4, 89.80, 39772, 199, 0, 0
431, 0, 295, 305, 102, 0, 5.72%, 0, 0, 4, 89.43, 40227, 199, 0, 0
436, 0, 295, 306, 103, 0, 5.72%, 0, 0, 4, 89.73, 40684, 199, 0, 0
442, 0, 295, 307, 104, 0, 5.72%, 0, 0, 4, 89.90, 41139, 199, 0, 0
447, 0, 295, 307, 104, 0, 5.72%, 0, 0, 4, 90.16, 41604, 199, 0, 0
452, 0, 240, 307, 101, 0, 5.72%, 0, 0, 4, 90.57, 42071, 199, 0, 0
457, 0, 220, 308, 102, 0, 5.72%, 0, 0, 4, 90.79, 42543, 199, 0, 0
462, 0, 298, 308, 102, 0, 5.72%, 0, 0, 4, 90.56, 43008, 199, 0, 0
467, 0, 237, 308, 101, 0, 5.72%, 0, 0, 4, 90.60, 43478, 199, 0, 0
472, 0, 219, 308, 100, 0, 5.72%, 0, 0, 4, 89.93, 43939, 199, 0, 0
478, 0, 234, 308, 100, 0, 5.72%, 0, 0, 4, 90.13, 44399, 199, 0, 0
483, 0, 217, 308, 98, 0, 5.72%, 0, 0, 4, 89.91, 44865, 199, 0, 0
488, 0, 135, 308, 98, 0, 5.72%, 0, 0, 4, 90.41, 45333, 199, 0, 0
493, 0, 273, 308, 96, 0, 5.72%, 0, 0, 4, 90.67, 45791, 199, 0, 0
498, 0, 207, 309, 97, 0, 5.72%, 0, 0, 4, 90.24, 46257, 199, 0, 0
503, 0, 294, 310, 97, 0, 5.72%, 0, 0, 4, 90.39, 46711, 199, 0, 0
508, 0, 300, 312, 97, 0, 5.72%, 0, 0, 5, 90.29, 47163, 199, 0, 0
513, 0, 231, 312, 95, 0, 5.72%, 0, 0, 5, 89.45, 47622, 199, 0, 0
518, 0, 230, 312, 95, 0, 5.72%, 0, 0, 5, 88.17, 48073, 199, 0, 0
524, 0, 223, 312, 95, 0, 5.72%, 0, 0, 5, 89.39, 48530, 199, 0, 0
530, 0, 309, 312, 94, 0, 5.72%, 0, 0, 5, 89.49, 49134, 199, 0, 0
536, 0, 311, 313, 93, 0, 5.72%, 0, 0, 5, 87.85, 49681, 199, 0, 0
542, 0, 202, 313, 92, 0, 5.72%, 0, 0, 5, 89.86, 50148, 199, 0, 0
547, 0, 219, 314, 93, 0, 5.72%, 0, 0, 5, 89.58, 50605, 199, 0, 0
552, 0, 302, 315, 93, 0, 5.72%, 0, 0, 5, 90.21, 51096, 199, 0, 0
557, 0, 202, 315, 92, 0, 5.72%, 0, 0, 5, 89.85, 51556, 199, 0, 0
563, 0, 243, 316, 92, 0, 5.72%, 0, 0, 5, 89.32, 52043, 199, 0, 0
568, 0, 198, 316, 90, 0, 5.72%, 0, 0, 5, 90.21, 52539, 199, 0, 0
573, 0, 238, 317, 89, 0, 5.72%, 0, 0, 5, 90.14, 53006, 199, 0, 0
578, 0, 186, 317, 89, 0, 5.72%, 0, 0, 5, 89.29, 53457, 199, 0, 0
583, 0, 298, 317, 89, 0, 5.72%, 0, 0, 5, 89.57, 53914, 199, 0, 0
589, 0, 217, 317, 88, 0, 5.72%, 0, 0, 5, 90.01, 54369, 199, 0, 0
594, 0, 282, 318, 89, 0, 5.72%, 0, 0, 5, 90.32, 54840, 199, 0, 0
599, 0, 218, 318, 88, 0, 5.72%, 0, 0, 5, 89.89, 55298, 199, 0, 0
604, 0, 211, 318, 88, 0, 5.72%, 0, 0, 5, 90.01, 55757, 199, 0, 0
609, 0, 258, 318, 86, 0, 5.72%, 0, 0, 5, 90.69, 56227, 199, 0, 0
614, 0, 240, 319, 86, 0, 5.72%, 0, 0, 5, 90.39, 56693, 199, 0, 0
619, 0, 238, 319, 85, 0, 5.72%, 0, 0, 5, 90.29, 57158, 199, 0, 0
624, 0, 304, 319, 84, 0, 5.72%, 0, 0, 5, 90.24, 57612, 199, 0, 0
630, 0, 269, 319, 82, 0, 5.72%, 0, 0, 5, 90.56, 58092, 199, 0, 0
635, 0, 301, 319, 81, 0, 5.72%, 0, 0, 5, 90.71, 58559, 199, 0, 0
640, 0, 301, 321, 83, 0, 5.72%, 0, 0, 5, 90.76, 59014, 199, 0, 0
645, 0, 301, 322, 84, 0, 5.72%, 0, 0, 5, 90.47, 59482, 199, 0, 0
650, 0, 301, 322, 84, 0, 5.72%, 0, 0, 5, 90.19, 59947, 199, 0, 0
655, 0, 301, 322, 84, 0, 5.72%, 0, 0, 5, 90.13, 60411, 199, 0, 0
660, 0, 301, 323, 85, 0, 5.72%, 0, 0, 5, 90.35, 60875, 199, 0, 0
666, 0, 301, 323, 85, 0, 5.72%, 0, 0, 5, 90.34, 61339, 199, 0, 0
671, 0, 301, 323, 85, 0, 5.72%, 0, 0, 5, 90.43, 61802, 199, 0, 0
676, 0, 301, 323, 85, 0, 5.72%, 0, 0, 5, 90.20, 62267, 199, 0, 0
681, 0, 301, 323, 85, 0, 5.72%, 0, 0, 5, 90.07, 62728, 199, 0, 0
686, 0, 301, 323, 85, 0, 5.72%, 0, 0, 5, 90.42, 63194, 199, 0, 0
692, 0, 162, 323, 84, 0, 5.72%, 0, 0, 5, 90.20, 63699, 199, 0, 0
697, 0, 323, 325, 84, 1, 5.72%, 0, 0, 5, 90.29, 64165, 199, 0, 0
702, 0, 202, 326, 82, 0, 5.72%, 0, 0, 5, 89.61, 64628, 199, 0, 0
707, 0, 238, 326, 81, 0, 5.72%, 0, 0, 5, 89.61, 65082, 199, 0, 0
713, 0, 246, 327, 81, 0, 5.72%, 0, 0, 5, 90.05, 65571, 199, 0, 0
718, 0, 186, 327, 79, 0, 5.72%, 0, 0, 5, 89.91, 66035, 199, 0, 0
723, 0, 252, 327, 79, 0, 5.72%, 0, 0, 5, 89.68, 66547, 199, 0, 0
729, 0, 238, 327, 77, 0, 5.72%, 0, 0, 5, 89.91, 67004, 199, 0, 0
734, 0, 224, 327, 77, 0, 5.72%, 0, 0, 5, 89.92, 67463, 199, 0, 0
739, 0, 241, 327, 76, 0, 5.72%, 0, 0, 5, 90.75, 67938, 199, 0, 0
744, 0, 220, 327, 75, 0, 5.72%, 0, 0, 5, 89.94, 68396, 199, 0, 0
749, 0, 217, 327, 74, 0, 5.72%, 0, 0, 5, 90.11, 68850, 199, 0, 0
754, 0, 220, 327, 74, 0, 5.72%, 0, 0, 5, 89.30, 69306, 199, 0, 0
760, 0, 299, 327, 73, 0, 5.72%, 0, 0, 5, 89.33, 69794, 199, 0, 0
765, 0, 197, 327, 72, 0, 5.72%, 0, 0, 5, 89.82, 70257, 199, 0, 0
771, 0, 315, 328, 73, 0, 5.72%, 0, 0, 5, 89.76, 70842, 199, 0, 0
776, 0, 231, 329, 73, 0, 5.72%, 0, 0, 5, 89.25, 71299, 199, 0, 0
781, 0, 225, 329, 73, 0, 5.72%, 0, 0, 5, 89.79, 71757, 199, 0, 0
786, 0, 231, 330, 74, 0, 5.72%, 0, 0, 5, 89.44, 72207, 199, 0, 0
792, 0, 202, 330, 73, 0, 5.72%, 0, 0, 5, 89.91, 72670, 199, 0, 0
797, 0, 163, 330, 72, 0, 5.72%, 0, 0, 5, 89.83, 73137, 199, 0, 0
802, 0, 218, 330, 69, 0, 5.72%, 0, 0, 5, 90.14, 73598, 199, 0, 0
807, 0, 310, 331, 69, 0, 5.72%, 0, 0, 6, 90.13, 74057, 199, 0, 0
812, 0, 238, 331, 68, 0, 5.72%, 0, 0, 6, 89.80, 74514, 199, 0, 0
817, 0, 298, 331, 68, 0, 5.72%, 0, 0, 6, 90.32, 74980, 199, 0, 0
822, 0, 297, 331, 68, 0, 5.72%, 0, 0, 6, 89.66, 75441, 199, 0, 0
827, 0, 310, 331, 67, 0, 5.72%, 0, 0, 6, 90.04, 75898, 199, 0, 0
833, 0, 135, 331, 66, 0, 5.72%, 0, 0, 6, 89.97, 76363, 199, 0, 0
838, 1, 222, 331, 63, 0, 5.72%, 0, 0, 6, 89.87, 76822, 199, 0, 0
844, 1, 20, 332, 62, 0, 5.72%, 0, 0, 6, 90.24, 77385, 199, 0, 0
849, 1, 320, 332, 60, 0, 5.72%, 0, 0, 6, 89.65, 77839, 199, 0, 0
854, 1, 273, 332, 56, 0, 5.72%, 0, 0, 6, 89.78, 78299, 199, 0, 0
859, 1, 231, 333, 55, 0, 5.72%, 0, 0, 6, 89.75, 78765, 199, 0, 0
864, 1, 285, 334, 55, 0, 5.72%, 0, 0, 6, 89.70, 79229, 199, 0, 0
870, 1, 237, 335, 55, 0, 5.72%, 0, 0, 6, 89.53, 79686, 199, 0, 0
875, 1, 220, 335, 53, 0, 5.72%, 0, 0, 6, 89.92, 80144, 199, 0, 0
880, 1, 303, 336, 52, 0, 5.72%, 0, 0, 6, 90.28, 80598, 199, 0, 0
885, 1, 9, 336, 49, 0, 5.72%, 0, 0, 6, 89.51, 81059, 199, 0, 0
890, 1, 220, 336, 45, 0, 5.72%, 0, 0, 6, 89.53, 81510, 199, 0, 0
895, 1, 231, 336, 42, 0, 5.72%, 0, 0, 6, 89.15, 81967, 199, 0, 0
900, 1, 317, 337, 42, 0, 5.72%, 0, 0, 6, 89.77, 82436, 199, 0, 0
905, 1, 190, 340, 44, 0, 5.72%, 0, 0, 6, 90.48, 82894, 199, 0, 0
910, 1, 289, 340, 43, 0, 5.72%, 0, 0, 6, 89.33, 83345, 199, 0, 0
915, 1, 338, 340, 39, 0, 5.72%, 0, 0, 6, 90.01, 83804, 199, 0, 0
921, 1, 319, 340, 36, 0, 5.72%, 0, 0, 6, 90.32, 84271, 199, 0, 0
926, 1, 217, 340, 36, 0, 5.72%, 0, 0, 6, 90.15, 84733, 199, 0, 0
932, 1, 129, 340, 36, 0, 5.72%, 0, 0, 6, 89.57, 85295, 199, 0, 0
937, 1, 211, 340, 34, 0, 5.72%, 0, 0, 6, 89.41, 85750, 199, 0, 0
942, 1, 240, 340, 34, 0, 5.72%, 0, 0, 6, 89.50, 86203, 199, 0, 0
947, 1, 341, 342, 36, 1, 5.72%, 0, 0, 6, 89.91, 86654, 199, 0, 0
952, 1, 341, 343, 36, 0, 5.72%, 0, 0, 6, 89.83, 87108, 199, 0, 0
957, 1, 341, 344, 37, 0, 5.72%, 0, 0, 6, 90.29, 87576, 199, 0, 0
963, 1, 341, 345, 38, 0, 5.72%, 0, 0, 6, 90.35, 88045, 199, 0, 0
968, 1, 341, 345, 38, 0, 5.72%, 0, 0, 6, 90.35, 88512, 199, 0, 0
973, 1, 341, 345, 38, 0, 5.72%, 0, 0, 6, 90.33, 88974, 199, 0, 0
978, 1, 341, 345, 38, 0, 5.72%, 0, 0, 6, 90.55, 89443, 199, 0, 0
983, 1, 341, 349, 42, 0, 5.75%, 0, 0, 6, 90.33, 89911, 200, 0, 0
988, 1, 341, 349, 42, 0, 5.75%, 0, 0, 6, 90.37, 90376, 200, 0, 0
993, 1, 202, 349, 41, 0, 5.75%, 0, 0, 6, 90.14, 90838, 200, 0, 0
999, 1, 345, 350, 42, 0, 5.75%, 0, 0, 6, 90.17, 91293, 200, 0, 0
1004, 1, 254, 351, 41, 0, 5.75%, 0, 0, 6, 89.86, 91752, 200, 0, 0
1009, 1, 227, 351, 41, 0, 5.75%, 0, 0, 6, 89.82, 92212, 200, 0, 0
1014, 1, 211, 351, 40, 0, 5.75%, 0, 0, 6, 89.67, 92669, 200, 0, 0
1019, 1, 298, 351, 39, 0, 5.75%, 0, 0, 6, 88.28, 93117, 200, 0, 0
1024, 1, 211, 351, 39, 0, 5.75%, 0, 0, 6, 86.21, 93557, 200, 0, 0
1029, 1, 326, 352, 38, 0, 5.75%, 0, 0, 6, 86.84, 94019, 200, 0, 0
1034, 1, 220, 353, 38, 0, 5.75%, 0, 0, 6, 86.02, 94457, 200, 0, 0
1040, 1, 220, 353, 38, 0, 5.75%, 0, 0, 6, 86.52, 94899, 200, 0, 0
1045, 1, 348, 353, 37, 0, 5.75%, 0, 0, 6, 85.77, 95331, 200, 0, 0
1050, 1, 219, 353, 35, 0, 5.75%, 0, 0, 6, 87.68, 95777, 200, 0, 0
1055, 1, 208, 353, 33, 0, 5.75%, 0, 0, 6, 89.65, 96255, 200, 0, 0
1061, 1, 340, 353, 32, 0, 5.75%, 0, 0, 6, 89.36, 96804, 200, 0, 0
1066, 1, 337, 353, 29, 0, 5.75%, 0, 0, 6, 89.77, 97263, 200, 0, 0
1071, 1, 195, 353, 27, 0, 5.75%, 0, 0, 6, 89.61, 97722, 200, 0, 0
1076, 1, 203, 353, 26, 0, 5.75%, 0, 0, 6, 89.54, 98178, 200, 0, 0
1082, 1, 339, 354, 26, 0, 5.75%, 0, 0, 6, 90.25, 98644, 200, 0, 0
1087, 1, 0, 354, 25, 0, 5.75%, 0, 0, 6, 89.83, 99098, 200, 0, 0
1092, 1, 224, 354, 24, 0, 5.75%, 0, 0, 6, 90.08, 99553, 200, 0, 0
1097, 1, 322, 354, 23, 0, 5.75%, 0, 0, 6, 90.45, 100009, 200, 0, 0
1102, 1, 273, 354, 22, 0, 5.75%, 0, 0, 6, 90.26, 100473, 200, 0, 0
1107, 1, 231, 354, 22, 0, 5.75%, 0, 0, 6, 90.34, 100935, 200, 0, 0
1112, 1, 15, 354, 22, 0, 5.75%, 0, 0, 6, 89.89, 101429, 200, 0, 0
1118, 1, 346, 354, 21, 0, 5.75%, 0, 0, 6, 90.24, 101893, 200, 0, 0
1124, 1, 253, 354, 20, 0, 5.75%, 0, 0, 6, 90.57, 102432, 200, 0, 0
1129, 1, 220, 354, 19, 0, 5.75%, 0, 0, 6, 90.15, 102894, 200, 0, 0
1134, 1, 272, 355, 20, 0, 5.75%, 0, 0, 6, 89.59, 103348, 200, 0, 0
1139, 1, 297, 355, 20, 0, 5.75%, 0, 0, 6, 89.81, 103810, 200, 0, 0
1146, 1, 133, 355, 20, 0, 5.75%, 0, 0, 6, 89.31, 104445, 200, 0, 0
1151, 1, 348, 355, 18, 0, 5.75%, 0, 0, 6, 88.95, 104895, 200, 0, 0
1157, 1, 352, 355, 17, 0, 5.75%, 0, 0, 6, 88.69, 105463, 200, 0, 0
1163, 1, 273, 355, 15, 0, 5.75%, 0, 0, 6, 88.32, 105913, 200, 0, 0
1168, 1, 298, 355, 15, 0, 5.75%, 0, 0, 6, 88.26, 106362, 200, 0, 0
1173, 1, 347, 355, 15, 0, 5.75%, 0, 0, 6, 86.73, 106807, 200, 0, 0
1178, 1, 298, 355, 15, 0, 5.75%, 0, 0, 6, 87.49, 107256, 200, 0, 0
1183, 1, 298, 355, 15, 0, 5.75%, 0, 0, 6, 88.03, 107706, 200, 0, 0
1188, 1, 231, 356, 16, 0, 5.75%, 0, 0, 6, 88.58, 108163, 200, 0, 0
1193, 1, 144, 356, 16, 0, 5.75%, 0, 0, 6, 88.21, 108607, 200, 0, 0
1198, 1, 220, 356, 15, 0, 5.75%, 0, 0, 6, 88.77, 109059, 200, 0, 0
1203, 1, 286, 357, 16, 0, 5.75%, 0, 0, 6, 89.33, 109517, 200, 0, 0
1209, 1, 363, 387, 45, 1, 5.75%, 0, 0, 6, 88.38, 109965, 200, 0, 0
1214, 1, 357, 387, 41, 0, 5.75%, 0, 0, 6, 89.02, 110436, 200, 0, 0
1219, 1, 186, 387, 40, 0, 5.75%, 0, 0, 6, 89.57, 110898, 200, 0, 0
1224, 1, 211, 387, 39, 0, 5.75%, 0, 0, 6, 89.78, 111353, 200, 0, 0
1229, 1, 360, 387, 35, 0, 5.75%, 0, 0, 6, 90.04, 111813, 200, 0, 0
1234, 1, 262, 387, 33, 0, 5.75%, 0, 0, 6, 88.76, 112262, 200, 0, 0
1239, 1, 225, 387, 33, 0, 5.75%, 0, 0, 6, 89.21, 112714, 200, 0, 0
1244, 1, 357, 387, 31, 0, 5.75%, 0, 0, 6, 88.99, 113164, 200, 0, 0
1249, 1, 135, 387, 29, 0, 5.75%, 0, 0, 6, 89.99, 113622, 200, 0, 0
1254, 1, 357, 387, 29, 0, 5.75%, 0, 0, 6, 89.92, 114080, 200, 0, 0
1259, 1, 375, 387, 28, 0, 5.75%, 0, 0, 6, 89.43, 114537, 200, 0, 0
1265, 1, 195, 387, 26, 0, 5.75%, 0, 0, 6, 88.51, 114985, 200, 0, 0
1270, 1, 223, 387, 26, 0, 5.75%, 0, 0, 6, 88.89, 115435, 200, 0, 0
1276, 1, 376, 388, 27, 0, 5.75%, 0, 0, 6, 88.08, 116014, 200, 0, 0
1281, 1, 344, 388, 26, 0, 5.75%, 0, 0, 6, 89.80, 116480, 200, 0, 0
1287, 1, 279, 388, 26, 0, 5.75%, 0, 0, 6, 90.47, 116949, 200, 0, 0
1292, 1, 296, 388, 25, 0, 5.75%, 0, 0, 6, 90.16, 117410, 200, 0, 0
1297, 1, 194, 388, 25, 0, 5.75%, 0, 0, 6, 89.47, 117868, 200, 0, 0
1302, 1, 204, 388, 25, 0, 5.75%, 0, 0, 6, 88.97, 118318, 200, 0, 0
1307, 1, 135, 388, 24, 0, 5.75%, 0, 0, 6, 89.48, 118781, 200, 0, 0
1312, 1, 218, 388, 24, 0, 5.75%, 0, 0, 6, 89.60, 119240, 200, 0, 0
1317, 1, 367, 388, 22, 0, 5.75%, 0, 0, 6, 89.90, 119699, 200, 0, 0
1322, 1, 291, 388, 19, 0, 5.75%, 0, 0, 6, 89.24, 120153, 200, 0, 0
1328, 1, 384, 388, 19, 0, 5.75%, 0, 0, 6, 89.90, 120675, 200, 0, 0
1333, 1, 247, 388, 17, 0, 5.75%, 0, 0, 6, 89.18, 121128, 200, 0, 0
1338, 1, 357, 388, 17, 0, 5.75%, 0, 0, 6, 88.78, 121578, 200, 0, 0
1343, 2, 378, 388, 17, 0, 5.75%, 0, 0, 6, 89.56, 122036, 200, 0, 0
1348, 2, 211, 388, 16, 0, 5.75%, 0, 0, 6, 89.80, 122495, 200, 0, 0
1354, 2, 298, 388, 16, 0, 5.75%, 0, 0, 6, 89.93, 122950, 200, 0, 0
1359, 2, 188, 388, 16, 0, 5.75%, 0, 0, 6, 89.46, 123405, 200, 0, 0
1364, 2, 320, 388, 15, 0, 5.75%, 0, 0, 6, 89.56, 123872, 200, 0, 0
1369, 2, 213, 388, 15, 0, 5.75%, 0, 0, 6, 90.15, 124339, 200, 0, 0
1374, 2, 197, 388, 14, 0, 5.75%, 0, 0, 6, 89.11, 124799, 200, 0, 0
1379, 2, 203, 388, 13, 0, 5.75%, 0, 0, 6, 88.88, 125253, 200, 0, 0
1384, 2, 256, 388, 13, 0, 5.75%, 0, 0, 6, 89.84, 125711, 200, 0, 0
1389, 2, 11, 388, 13, 0, 5.75%, 0, 0, 6, 89.69, 126167, 200, 0, 0
1394, 2, 205, 388, 13, 0, 5.75%, 0, 0, 6, 88.84, 126616, 200, 0, 0
1400, 2, 219, 388, 13, 0, 5.75%, 0, 0, 6, 88.77, 127066, 200, 0, 0
1405, 2, 186, 388, 13, 0, 5.75%, 0, 0, 6, 88.02, 127514, 200, 0, 0
1410, 2, 10, 388, 12, 0, 5.75%, 0, 0, 6, 88.46, 127964, 200, 0, 0
1415, 2, 358, 388, 12, 0, 5.75%, 0, 0, 6, 88.47, 128424, 200, 0, 0
1420, 2, 206, 388, 12, 0, 5.75%, 0, 0, 6, 88.72, 128875, 200, 0, 0
1426, 2, 369, 388, 12, 0, 5.75%, 0, 0, 6, 88.61, 129367, 200, 0, 0
1431, 2, 240, 388, 11, 0, 5.75%, 0, 0, 6, 88.56, 129817, 200, 0, 0
1436, 2, 204, 388, 11, 0, 5.75%, 0, 0, 6, 89.85, 130281, 200, 0, 0
1441, 2, 213, 388, 11, 0, 5.75%, 0, 0, 6, 89.76, 130737, 200, 0, 0
1446, 2, 348, 388, 11, 0, 5.75%, 0, 0, 6, 90.29, 131201, 200, 0, 0
1451, 2, 363, 388, 11, 0, 5.75%, 0, 0, 6, 90.25, 131664, 200, 0, 0
1456, 2, 386, 388, 11, 0, 5.75%, 0, 0, 6, 89.79, 132133, 200, 0, 0
1462, 2, 279, 388, 10, 0, 5.75%, 0, 0, 6, 90.76, 132605, 200, 0, 0
1467, 2, 298, 388, 9, 0, 5.75%, 0, 0, 6, 89.44, 133064, 200, 0, 0
1472, 2, 186, 388, 9, 0, 5.75%, 0, 0, 6, 89.60, 133519, 200, 0, 0
1477, 2, 234, 388, 9, 0, 5.75%, 0, 0, 6, 89.62, 133976, 200, 0, 0
1482, 2, 143, 388, 9, 0, 5.75%, 0, 0, 6, 89.29, 134430, 200, 0, 0
1487, 2, 344, 388, 9, 0, 5.75%, 0, 0, 6, 90.36, 134902, 200, 0, 0
1492, 2, 247, 388, 9, 0, 5.75%, 0, 0, 6, 90.27, 135362, 200, 0, 0
1497, 2, 219, 388, 9, 0, 5.75%, 0, 0, 6, 90.09, 135829, 200, 0, 0
1503, 2, 363, 388, 9, 0, 5.75%, 0, 0, 6, 89.84, 136290, 200, 0, 0
1509, 2, 166, 388, 9, 0, 5.75%, 0, 0, 6, 89.69, 136868, 200, 0, 0
1514, 2, 357, 388, 9, 0, 5.75%, 0, 0, 6, 89.76, 137322, 200, 0, 0
1519, 2, 222, 388, 9, 0, 5.75%, 0, 0, 6, 89.18, 137774, 200, 0, 0
1524, 2, 377, 388, 9, 0, 5.75%, 0, 0, 6, 89.56, 138226, 200, 0, 0
1529, 2, 28, 388, 9, 0, 5.75%, 0, 0, 6, 89.67, 138689, 200, 0, 0
1534, 2, 135, 388, 8, 0, 5.75%, 0, 0, 6, 89.46, 139143, 200, 0, 0
1540, 2, 305, 388, 7, 0, 5.75%, 0, 0, 6, 89.27, 139606, 200, 0, 0
1545, 2, 195, 388, 6, 0, 5.75%, 0, 0, 6, 89.04, 140057, 200, 0, 0
1550, 2, 367, 388, 6, 0, 5.75%, 0, 0, 6, 89.37, 140503, 200, 0, 0
1555, 2, 142, 388, 6, 0, 5.75%, 0, 0, 6, 88.82, 140953, 200, 0, 0
1560, 2, 220, 388, 6, 0, 5.75%, 0, 0, 6, 89.72, 141410, 200, 0, 0
1565, 2, 357, 388, 6, 0, 5.75%, 0, 0, 6, 89.46, 141866, 200, 0, 0
1570, 2, 234, 388, 6, 0, 5.75%, 0, 0, 6, 89.87, 142334, 200, 0, 0
1575, 2, 357, 388, 6, 0, 5.75%, 0, 0, 6, 89.36, 142786, 200, 0, 0
1580, 2, 186, 388, 6, 0, 5.75%, 0, 0, 6, 89.55, 143239, 200, 0, 0
1585, 2, 351, 388, 6, 0, 5.75%, 0, 0, 6, 89.39, 143690, 200, 0, 0
1590, 2, 219, 388, 5, 0, 5.75%, 0, 0, 6, 89.61, 144148, 200, 0, 0
1596, 2, 330, 388, 5, 0, 5.75%, 0, 0, 6, 89.44, 144608, 200, 0, 0
1601, 2, 212, 388, 5, 0, 5.75%, 0, 0, 6, 89.25, 145062, 200, 0, 0
1606, 2, 298, 388, 5, 0, 5.75%, 0, 0, 6, 89.10, 145515, 200, 0, 0
1611, 2, 219, 388, 5, 0, 5.75%, 0, 0, 6, 88.54, 145964, 200, 0, 0
1616, 2, 186, 388, 5, 0, 5.75%, 0, 0, 6, 89.03, 146416, 200, 0, 0
1621, 2, 238, 388, 5, 0, 5.75%, 0, 0, 6, 89.67, 146873, 200, 0, 0
1626, 2, 204, 388, 5, 0, 5.75%, 0, 0, 6, 89.54, 147325, 200, 0, 0
1631, 2, 330, 388, 5, 0, 5.75%, 0, 0, 6, 90.06, 147782, 200, 0, 0
1636, 2, 340, 388, 5, 0, 5.75%, 0, 0, 6, 89.51, 148243, 200, 0, 0
1642, 2, 51, 388, 5, 0, 5.75%, 0, 0, 6, 89.56, 148719, 200, 0, 0
1647, 2, 135, 388, 4, 0, 5.75%, 0, 0, 6, 89.40, 149181, 200, 0, 0
1652, 2, 344, 388, 4, 0, 5.75%, 0, 0, 6, 89.17, 149633, 200, 0, 0
1657, 2, 220, 388, 3, 0, 5.75%, 0, 0, 6, 89.25, 150079, 200, 0, 0
1662, 2, 219, 388, 2, 0, 5.75%, 0, 0, 6, 88.78, 150529, 200, 0, 0
1667, 2, 194, 388, 2, 0, 5.75%, 0, 0, 6, 89.70, 150989, 200, 0, 0
1672, 2, 224, 388, 2, 0, 5.75%, 0, 0, 6, 89.89, 151449, 200, 0, 0
1677, 2, 219, 388, 2, 0, 5.75%, 0, 0, 6, 89.87, 151909, 200, 0, 0
1682, 2, 239, 389, 3, 0, 5.75%, 0, 0, 6, 89.93, 152360, 200, 0, 0
1687, 2, 217, 389, 2, 0, 5.75%, 0, 0, 6, 88.88, 152809, 200, 0, 0
1692, 2, 346, 389, 2, 0, 5.75%, 0, 0, 6, 89.22, 153269, 200, 0, 0
1697, 2, 385, 389, 2, 0, 5.75%, 0, 0, 6, 88.31, 153709, 200, 0, 0
1703, 2, 194, 389, 2, 0, 5.75%, 0, 0, 6, 87.75, 154153, 200, 0, 0
1708, 2, 254, 389, 1, 0, 5.75%, 0, 0, 6, 87.85, 154605, 200, 0, 0
1713, 2, 219, 389, 1, 0, 5.75%, 0, 0, 6, 87.80, 155054, 200, 0, 0
1718, 2, 279, 389, 1, 0, 5.75%, 0, 0, 6, 86.94, 155502, 200, 0, 0
1723, 2, 357, 390, 2, 0, 5.75%, 0, 0, 6, 87.97, 155947, 200, 0, 0
1728, 2, 389, 390, 2, 0, 5.75%, 0, 0, 6, 88.38, 156400, 200, 0, 0
1733, 2, 186, 390, 1, 0, 5.75%, 0, 0, 6, 87.85, 156849, 200, 0, 0
1738, 2, 254, 390, 1, 0, 5.75%, 0, 0, 6, 88.12, 157299, 200, 0, 0
1744, 2, 380, 390, 1, 0, 5.75%, 0, 0, 6, 87.33, 157746, 200, 0, 0
1749, 2, 345, 390, 1, 0, 5.75%, 0, 0, 6, 88.47, 158205, 200, 0, 0
1754, 2, 197, 390, 1, 0, 5.75%, 0, 0, 6, 87.22, 158654, 200, 0, 0
1759, 2, 345, 391, 2, 0, 5.75%, 0, 0, 6, 87.74, 159109, 200, 0, 0
1764, 2, 195, 391, 2, 0, 5.75%, 0, 0, 6, 88.66, 159560, 200, 0, 0
1769, 2, 194, 391, 1, 0, 5.75%, 0, 0, 6, 86.74, 160003, 200, 0, 0
1774, 2, 194, 391, 1, 0, 5.75%, 0, 0, 6, 86.91, 160449, 200, 0, 0
1780, 2, 357, 391, 1, 0, 5.75%, 0, 0, 6, 87.64, 160899, 200, 0, 0
1785, 2, 343, 391, 1, 0, 5.75%, 0, 0, 6, 87.75, 161344, 200, 0, 0
1790, 2, 344, 391, 1, 0, 5.75%, 0, 0, 6, 88.51, 161794, 200, 0, 0
1795, 2, 219, 391, 1, 0, 5.75%, 0, 0, 6, 88.61, 162244, 200, 0, 0
1800, 2, 240, 391, 1, 0, 5.75%, 0, 0, 6, 88.93, 162695, 200, 0, 0
1805, 3, 330, 391, 1, 0, 5.75%, 0, 0, 6, 89.11, 163146, 200, 0, 0
1810, 3, 218, 391, 1, 0, 5.75%, 0, 0, 6, 89.01, 163598, 200, 0, 0
1815, 3, 195, 391, 1, 0, 5.75%, 0, 0, 6, 88.69, 164048, 200, 0, 0
1820, 3, 194, 391, 1, 0, 5.75%, 0, 0, 6, 88.31, 164497, 200, 0, 0
1825, 3, 279, 391, 1, 0, 5.75%, 0, 0, 6, 87.99, 164945, 200, 0, 0
1830, 3, 211, 391, 1, 0, 5.75%, 0, 0, 6, 88.65, 165394, 200, 0, 0
1835, 3, 322, 391, 1, 0, 5.75%, 0, 0, 6, 89.16, 165852, 200, 0, 0
1841, 3, 334, 391, 1, 0, 5.75%, 0, 0, 6, 88.46, 166296, 200, 0, 0
1846, 3, 238, 391, 1, 0, 5.75%, 0, 0, 6, 87.71, 166739, 200, 0, 0
1851, 3, 306, 391, 1, 0, 5.75%, 0, 0, 6, 87.57, 167188, 200, 0, 0
1856, 3, 306, 392, 2, 0, 5.75%, 0, 0, 6, 88.72, 167640, 200, 0, 0
1861, 3, 321, 392, 2, 0, 5.75%, 0, 0, 6, 89.29, 168097, 200, 0, 0
1866, 3, 261, 392, 2, 0, 5.75%, 0, 0, 6, 89.72, 168551, 200, 0, 0
1871, 3, 363, 392, 1, 0, 5.75%, 0, 0, 6, 89.42, 169005, 200, 0, 0
1876, 3, 316, 392, 1, 0, 5.75%, 0, 0, 6, 88.71, 169454, 200, 0, 0
1881, 3, 357, 392, 1, 0, 5.75%, 0, 0, 6, 86.89, 169895, 200, 0, 0
1886, 3, 284, 392, 1, 0, 5.75%, 0, 0, 6, 87.26, 170341, 200, 0, 0
1891, 3, 238, 392, 1, 0, 5.75%, 0, 0, 6, 88.16, 170790, 200, 0, 0
1897, 3, 359, 392, 1, 0, 5.75%, 0, 0, 6, 88.87, 171307, 200, 0, 0
1902, 3, 262, 392, 1, 0, 5.75%, 0, 0, 6, 88.85, 171758, 200, 0, 0
1907, 3, 211, 392, 1, 0, 5.75%, 0, 0, 6, 89.61, 172217, 200, 0, 0
1913, 3, 186, 392, 1, 0, 5.75%, 0, 0, 6, 88.41, 172667, 200, 0, 0
1918, 3, 306, 392, 1, 0, 5.75%, 0, 0, 6, 88.37, 173117, 200, 0, 0
1923, 3, 186, 392, 1, 0, 5.75%, 0, 0, 6, 88.37, 173567, 200, 0, 0
1928, 3, 186, 393, 1, 0, 5.75%, 0, 0, 6, 88.21, 174021, 200, 0, 0
1933, 3, 225, 393, 1, 0, 5.75%, 0, 0, 6, 88.16, 174471, 200, 0, 0
1938, 3, 213, 393, 0, 0, 5.75%, 0, 0, 6, 88.46, 174921, 200, 0, 0
1943, 3, 298, 393, 0, 0, 5.75%, 0, 0, 6, 89.24, 175377, 200, 0, 0
1948, 3, 357, 393, 0, 0, 5.75%, 0, 0, 6, 88.39, 175827, 200, 0, 0
1953, 3, 217, 393, 0, 0, 5.75%, 0, 0, 6, 88.20, 176276, 200, 0, 0
1958, 3, 254, 393, 0, 0, 5.75%, 0, 0, 6, 88.97, 176728, 200, 0, 0
1963, 3, 279, 393, 0, 0, 5.75%, 0, 0, 6, 88.78, 177179, 200, 0, 0
1969, 3, 347, 393, 0, 0, 5.75%, 0, 0, 6, 88.52, 177635, 200, 0, 0
1974, 3, 135, 393, 0, 0, 5.75%, 0, 0, 6, 88.56, 178085, 200, 0, 0
1979, 3, 219, 393, 0, 0, 5.75%, 0, 0, 6, 89.25, 178540, 200, 0, 0
1984, 3, 220, 393, 0, 0, 5.75%, 0, 0, 6, 89.03, 178992, 200, 0, 0
1989, 3, 343, 393, 0, 0, 5.75%, 0, 0, 6, 89.50, 179448, 200, 0, 0
1994, 3, 186, 393, 0, 0, 5.75%, 0, 0, 6, 88.78, 179901, 200, 0, 0
1999, 3, 298, 393, 0, 0, 5.75%, 0, 0, 6, 88.48, 180351, 200, 0, 0
2004, 3, 220, 393, 0, 0, 5.75%, 0, 0, 6, 88.78, 180801, 200, 0, 0
2009, 3, 220, 393, 0, 0, 5.75%, 0, 0, 6, 88.36, 181252, 200, 0, 0
2014, 3, 234, 393, 0, 0, 5.75%, 0, 0, 6, 88.39, 181702, 200, 0, 0
2019, 3, 213, 393, 0, 0, 5.75%, 0, 0, 6, 88.15, 182150, 200, 0, 0
2025, 3, 298, 393, 0, 0, 5.75%, 0, 0, 6, 88.84, 182602, 200, 0, 0
2030, 3, 330, 394, 1, 0, 5.75%, 0, 0, 7, 89.10, 183059, 200, 0, 0
2035, 3, 219, 394, 1, 0, 5.75%, 0, 0, 7, 89.28, 183512, 200, 0, 0
2040, 3, 135, 394, 1, 0, 5.75%, 0, 0, 7, 89.19, 183962, 200, 0, 0
2045, 3, 296, 394, 1, 0, 5.75%, 0, 0, 7, 88.92, 184417, 200, 0, 0
2050, 3, 393, 394, 1, 0, 5.75%, 0, 0, 7, 89.34, 184868, 200, 0, 0
2055, 3, 219, 394, 0, 0, 5.75%, 0, 0, 7, 87.57, 185320, 200, 0, 0
2060, 3, 247, 394, 0, 0, 5.75%, 0, 0, 7, 88.51, 185773, 200, 0, 0
2065, 3, 240, 394, 0, 0, 5.75%, 0, 0, 7, 88.73, 186223, 200, 0, 0
2070, 3, 194, 394, 0, 0, 5.75%, 0, 0, 7, 87.94, 186671, 200, 0, 0
2075, 3, 194, 394, 0, 0, 5.75%, 0, 0, 7, 88.26, 187121, 200, 0, 0
2081, 3, 195, 394, 0, 0, 5.75%, 0, 0, 7, 88.74, 187571, 200, 0, 0
2086, 3, 262, 394, 0, 0, 5.75%, 0, 0, 7, 88.50, 188023, 200, 0, 0
2091, 3, 330, 394, 0, 0, 5.75%, 0, 0, 7, 88.62, 188472, 200, 0, 0
2096, 3, 377, 394, 0, 0, 5.75%, 0, 0, 7, 88.76, 188923, 200, 0, 0
2101, 3, 195, 394, 0, 0, 5.75%, 0, 0, 7, 88.88, 189373, 200, 0, 0
2106, 3, 310, 394, 0, 0, 5.75%, 0, 0, 7, 89.77, 189827, 200, 0, 0
2111, 3, 234, 394, 0, 0, 5.75%, 0, 0, 7, 89.14, 190282, 200, 0, 0
2116, 3, 143, 394, 0, 0, 5.75%, 0, 0, 7, 89.20, 190772, 200, 0, 0
2122, 3, 300, 394, 0, 0, 5.75%, 0, 0, 7, 89.25, 191224, 200, 0, 0
2127, 3, 220, 394, 0, 0, 5.75%, 0, 0, 7, 89.38, 191676, 200, 0, 0
2132, 3, 238, 394, 0, 0, 5.75%, 0, 0, 7, 89.49, 192130, 200, 0, 0
2137, 3, 357, 394, 0, 0, 5.75%, 0, 0, 7, 88.89, 192581, 200, 0, 0
2142, 3, 238, 394, 0, 0, 5.75%, 0, 0, 7, 89.03, 193031, 200, 0, 0
2147, 3, 195, 394, 0, 0, 5.75%, 0, 0, 7, 88.75, 193482, 200, 0, 0
2152, 3, 194, 394, 0, 0, 5.75%, 0, 0, 7, 88.41, 193932, 200, 0, 0
2157, 3, 300, 394, 0, 0, 5.75%, 0, 0, 7, 89.54, 194389, 200, 0, 0
2162, 3, 247, 394, 0, 0, 5.75%, 0, 0, 7, 89.48, 194843, 200, 0, 0
2167, 3, 200, 394, 0, 0, 5.75%, 0, 0, 7, 89.71, 195299, 200, 0, 0
2172, 3, 218, 394, 0, 0, 5.75%, 0, 0, 7, 89.38, 195750, 200, 0, 0
2177, 3, 186, 394, 0, 0, 5.75%, 0, 0, 7, 89.12, 196205, 200, 0, 0
2182, 3, 194, 394, 0, 0, 5.75%, 0, 0, 7, 88.75, 196655, 200, 0, 0
2188, 3, 213, 394, 0, 0, 5.75%, 0, 0, 7, 89.45, 197111, 200, 0, 0
2193, 3, 333, 394, 0, 0, 5.75%, 0, 0, 7, 89.36, 197565, 200, 0, 0
2198, 3, 363, 394, 0, 0, 5.75%, 0, 0, 7, 89.77, 198022, 200, 0, 0
2203, 3, 186, 394, 0, 0, 5.75%, 0, 0, 7, 89.48, 198474, 200, 0, 0
2208, 3, 231, 394, 0, 0, 5.75%, 0, 0, 7, 89.07, 198926, 200, 0, 0
2213, 3, 357, 394, 0, 0, 5.75%, 0, 0, 7, 89.10, 199378, 200, 0, 0
2218, 3, 224, 394, 0, 0, 5.75%, 0, 0, 7, 88.40, 199825, 200, 0, 0
2223, 3, 279, 394, 0, 0, 5.75%, 0, 0, 7, 89.31, 200279, 200, 0, 0
2228, 4, 298, 394, 0, 0, 5.75%, 0, 0, 7, 89.07, 200730, 200, 0, 0
2233, 4, 357, 394, 0, 0, 5.75%, 0, 0, 7, 89.96, 201195, 200, 0, 0
2238, 4, 392, 394, 0, 0, 5.75%, 0, 0, 7, 89.83, 201654, 200, 0, 0
2244, 4, 360, 394, 0, 0, 5.75%, 0, 0, 7, 90.04, 202112, 200, 0, 0
2249, 4, 213, 394, 0, 0, 5.75%, 0, 0, 7, 89.83, 202571, 200, 0, 0
2254, 4, 296, 394, 0, 0, 5.75%, 0, 0, 7, 89.67, 203028, 200, 0, 0
2260, 4, 244, 394, 0, 0, 5.75%, 0, 0, 7, 90.39, 203571, 200, 0, 0
2265, 4, 262, 394, 0, 0, 5.75%, 0, 0, 7, 89.75, 204028, 200, 0, 0
2270, 4, 357, 394, 0, 0, 5.75%, 0, 0, 7, 89.81, 204480, 200, 0, 0
2275, 4, 306, 394, 0, 0, 5.75%, 0, 0, 7, 90.20, 204946, 200, 0, 0
2280, 4, 298, 394, 0, 0, 5.75%, 0, 0, 7, 89.32, 205402, 200, 0, 0
2285, 4, 219, 394, 0, 0, 5.75%, 0, 0, 7, 89.73, 205858, 200, 0, 0
2290, 4, 186, 394, 0, 0, 5.75%, 0, 0, 7, 89.77, 206315, 200, 0, 0
2295, 4, 219, 394, 0, 0, 5.75%, 0, 0, 7, 89.58, 206768, 200, 0, 0
2300, 4, 135, 394, 0, 0, 5.75%, 0, 0, 7, 89.59, 207221, 200, 0, 0
2305, 4, 218, 394, 0, 0, 5.75%, 0, 0, 7, 89.44, 207676, 200, 0, 0
2311, 4, 211, 394, 0, 0, 5.75%, 0, 0, 7, 89.70, 208131, 200, 0, 0
2316, 4, 219, 394, 0, 0, 5.75%, 0, 0, 7, 89.67, 208590, 200, 0, 0
2321, 4, 231, 394, 0, 0, 5.75%, 0, 0, 7, 89.20, 209045, 200, 0, 0
2326, 4, 344, 394, 0, 0, 5.75%, 0, 0, 7, 90.08, 209509, 200, 0, 0
2331, 4, 300, 394, 0, 0, 5.75%, 0, 0, 7, 90.51, 209977, 200, 0, 0
2336, 4, 240, 394, 0, 0, 5.75%, 0, 0, 7, 90.34, 210443, 200, 0, 0
2341, 4, 194, 394, 0, 0, 5.75%, 0, 0, 7, 90.10, 210904, 200, 0, 0
2346, 4, 219, 394, 0, 0, 5.75%, 0, 0, 7, 89.45, 211364, 200, 0, 0
2351, 4, 220, 394, 0, 0, 5.75%, 0, 0, 7, 89.71, 211819, 200, 0, 0
2357, 4, 9, 394, 0, 0, 5.75%, 0, 0, 7, 90.00, 212286, 200, 0, 0
2362, 4, 357, 394, 0, 0, 5.75%, 0, 0, 7, 89.72, 212740, 200, 0, 0
2367, 4, 332, 394, 0, 0, 5.75%, 0, 0, 7, 89.97, 213206, 200, 0, 0
2372, 4, 212, 394, 0, 0, 5.75%, 0, 0, 7, 89.74, 213661, 200, 0, 0
2377, 4, 220, 394, 0, 0, 5.75%, 0, 0, 7, 90.12, 214123, 200, 0, 0
2382, 4, 220, 394, 0, 0, 5.75%, 0, 0, 7, 90.00, 214580, 200, 0, 0
2387, 4, 298, 394, 0, 0, 5.75%, 0, 0, 7, 89.71, 215038, 200, 0, 0
2392, 4, 224, 394, 0, 0, 5.75%, 0, 0, 7, 89.31, 215489, 200, 0, 0
2398, 4, 345, 395, 1, 0, 5.75%, 0, 0, 7, 90.30, 215959, 200, 0, 0
2403, 4, 391, 395, 1, 0, 5.75%, 0, 0, 7, 90.61, 216427, 200, 0, 0
2408, 4, 347, 395, 1, 0, 5.75%, 0, 0, 7, 89.79, 216894, 200, 0, 0
2413, 4, 213, 413, 19, 0, 5.86%, 0, 0, 7, 88.31, 217355, 204, 0, 0
2419, 4, 412, 414, 19, 2, 5.86%, 0, 0, 7, 86.77, 217901, 204, 0, 0
2425, 4, 411, 414, 18, 1, 5.86%, 0, 0, 7, 88.22, 218438, 204, 0, 0
2431, 4, 411, 414, 18, 1, 5.86%, 0, 0, 7, 86.65, 218886, 204, 0, 0
2436, 4, 411, 414, 18, 1, 5.86%, 0, 0, 7, 85.16, 219324, 204, 0, 0
2441, 4, 411, 414, 18, 1, 5.86%, 0, 0, 7, 84.33, 219751, 204, 0, 0
2446, 4, 411, 414, 18, 1, 5.86%, 0, 0, 7, 84.58, 220181, 204, 0, 0
2451, 4, 411, 414, 18, 1, 5.86%, 0, 0, 7, 84.58, 220608, 204, 0, 0
2456, 4, 411, 414, 18, 1, 5.86%, 0, 0, 7, 84.72, 221037, 204, 0, 0
2461, 4, 411, 414, 18, 1, 5.86%, 0, 0, 7, 84.76, 221468, 204, 0, 0
2466, 4, 411, 414, 18, 1, 5.86%, 0, 0, 7, 84.50, 221894, 204, 0, 0
2473, 4, 405, 414, 17, 0, 5.86%, 0, 0, 7, 84.49, 222429, 204, 0, 0
2478, 4, 395, 414, 15, 0, 5.86%, 0, 0, 7, 87.97, 222929, 204, 0, 0
2483, 4, 9, 414, 13, 0, 5.86%, 0, 0, 7, 89.42, 223388, 204, 0, 0
2488, 4, 322, 414, 12, 0, 5.86%, 0, 0, 7, 89.86, 223837, 204, 0, 0
2493, 4, 194, 414, 11, 0, 5.86%, 0, 0, 7, 89.25, 224288, 204, 0, 0
2498, 4, 399, 414, 11, 0, 5.86%, 0, 0, 7, 89.11, 224739, 204, 0, 0
2503, 4, 219, 414, 9, 0, 5.86%, 0, 0, 7, 88.57, 225189, 204, 0, 0
2508, 4, 234, 414, 9, 0, 5.86%, 0, 0, 7, 89.56, 225647, 204, 0, 0
2514, 4, 236, 414, 9, 0, 5.86%, 0, 0, 7, 90.10, 226109, 204, 0, 0
2519, 4, 218, 414, 9, 0, 5.86%, 0, 0, 7, 89.94, 226570, 204, 0, 0
2525, 4, 413, 414, 9, 0, 5.86%, 0, 0, 7, 89.74, 227172, 204, 0, 0
2530, 4, 211, 415, 8, 0, 5.86%, 0, 0, 7, 88.00, 227613, 204, 0, 0
2536, 4, 224, 415, 8, 0, 5.86%, 0, 0, 7, 88.39, 228065, 204, 0, 0
2541, 4, 363, 415, 7, 0, 5.86%, 0, 0, 7, 88.80, 228518, 204, 0, 0
2546, 4, 357, 415, 6, 0, 5.86%, 0, 0, 7, 83.61, 228935, 204, 0, 0
2552, 4, 414, 415, 6, 0, 5.86%, 0, 0, 7, 86.53, 229446, 204, 0, 0
2557, 4, 186, 415, 5, 0, 5.86%, 0, 0, 7, 87.86, 229894, 204, 0, 0
2562, 4, 194, 415, 5, 0, 5.86%, 0, 0, 7, 88.59, 230345, 204, 0, 0
2567, 4, 383, 415, 5, 0, 5.86%, 0, 0, 7, 88.56, 230796, 204, 0, 0
2572, 4, 394, 415, 5, 0, 5.86%, 0, 0, 7, 88.44, 231241, 204, 0, 0
2577, 4, 186, 415, 4, 0, 5.86%, 0, 0, 7, 88.38, 231691, 204, 0, 0
2582, 4, 202, 415, 4, 0, 5.86%, 0, 0, 7, 86.39, 232126, 204, 0, 0
2587, 4, 224, 415, 4, 0, 5.86%, 0, 0, 7, 87.80, 232575, 204, 0, 0
2592, 4, 348, 415, 4, 0, 5.86%, 0, 0, 7, 88.71, 233026, 204, 0, 0
2597, 4, 412, 415, 4, 0, 5.86%, 0, 0, 7, 89.19, 233487, 204, 0, 0
2604, 4, 409, 415, 4, 0, 5.86%, 0, 0, 7, 88.57, 234019, 204, 0, 0
2609, 4, 203, 415, 3, 0, 5.86%, 0, 0, 7, 87.17, 234467, 204, 0, 0
2614, 4, 194, 415, 3, 0, 5.86%, 0, 0, 7, 87.60, 234917, 204, 0, 0
2621, 4, 402, 415, 3, 0, 5.86%, 0, 0, 7, 87.23, 235526, 204, 0, 0
2626, 4, 248, 415, 2, 0, 5.86%, 0, 0, 7, 87.13, 235972, 204, 0, 0
2631, 4, 238, 415, 2, 0, 5.86%, 0, 0, 7, 87.25, 236422, 204, 0, 0
2636, 4, 219, 415, 2, 0, 5.86%, 0, 0, 7, 86.89, 236869, 204, 0, 0
2641, 4, 195, 415, 2, 0, 5.86%, 0, 0, 7, 87.80, 237319, 204, 0, 0
2646, 4, 204, 415, 2, 0, 5.86%, 0, 0, 7, 88.03, 237769, 204, 0, 0
2651, 4, 240, 415, 2, 0, 5.86%, 0, 0, 7, 87.91, 238219, 204, 0, 0
2657, 4, 186, 415, 2, 0, 5.86%, 0, 0, 7, 87.84, 238667, 204, 0, 0
2662, 4, 240, 415, 2, 0, 5.86%, 0, 0, 7, 87.63, 239116, 204, 0, 0
2667, 4, 186, 415, 2, 0, 5.86%, 0, 0, 7, 88.27, 239566, 204, 0, 0
2672, 4, 412, 415, 2, 0, 5.86%, 0, 0, 7, 87.13, 240014, 204, 0, 0
2677, 4, 220, 415, 2, 0, 5.86%, 0, 0, 7, 86.02, 240447, 204, 0, 0
2683, 4, 408, 415, 2, 0, 5.86%, 0, 0, 7, 87.41, 240995, 204, 0, 0
2688, 4, 12, 415, 1, 0, 5.86%, 0, 0, 7, 88.19, 241445, 204, 0, 0
2693, 4, 223, 415, 1, 0, 5.86%, 0, 0, 7, 88.01, 241894, 204, 0, 0
2699, 4, 362, 415, 1, 0, 5.86%, 0, 0, 7, 88.15, 242348, 204, 0, 0
2704, 4, 412, 415, 1, 0, 5.86%, 0, 0, 7, 88.07, 242799, 204, 0, 0
2709, 4, 245, 415, 1, 0, 5.86%, 0, 0, 7, 87.77, 243248, 204, 0, 0
2714, 5, 348, 415, 1, 0, 5.86%, 0, 0, 7, 88.80, 243701, 204, 0, 0
2719, 5, 204, 415, 1, 0, 5.86%, 0, 0, 7, 88.64, 244153, 204, 0, 0
2724, 5, 363, 415, 1, 0, 5.86%, 0, 0, 7, 87.36, 244600, 204, 0, 0
2729, 5, 363, 415, 1, 0, 5.86%, 0, 0, 7, 87.97, 245050, 204, 0, 0
2734, 5, 213, 415, 1, 0, 5.86%, 0, 0, 7, 88.24, 245500, 204, 0, 0
2739, 5, 195, 415, 1, 0, 5.86%, 0, 0, 7, 88.33, 245950, 204, 0, 0
2745, 5, 298, 415, 1, 0, 5.86%, 0, 0, 7, 88.45, 246401, 204, 0, 0
2750, 5, 219, 415, 1, 0, 5.86%, 0, 0, 7, 88.13, 246850, 204, 0, 0
2755, 5, 204, 415, 1, 0, 5.86%, 0, 0, 7, 87.42, 247297, 204, 0, 0
2760, 5, 240, 415, 1, 0, 5.86%, 0, 0, 7, 87.96, 247747, 204, 0, 0
2765, 5, 229, 415, 1, 0, 5.86%, 0, 0, 7, 87.78, 248196, 204, 0, 0
2770, 5, 205, 415, 1, 0, 5.86%, 0, 0, 7, 88.01, 248646, 204, 0, 0
2775, 5, 219, 415, 1, 0, 5.86%, 0, 0, 7, 88.03, 249096, 204, 0, 0
2780, 5, 393, 415, 1, 0, 5.86%, 0, 0, 7, 88.55, 249546, 204, 0, 0
2785, 5, 219, 415, 1, 0, 5.86%, 0, 0, 7, 88.30, 249998, 204, 0, 0
2791, 5, 0, 415, 1, 0, 5.86%, 0, 0, 7, 87.93, 250448, 204, 0, 0
2796, 5, 357, 415, 1, 0, 5.86%, 0, 0, 7, 87.80, 250894, 204, 0, 0
2801, 5, 194, 415, 1, 0, 5.86%, 0, 0, 7, 88.05, 251346, 204, 0, 0
2806, 5, 363, 415, 1, 0, 5.86%, 0, 0, 7, 87.90, 251796, 204, 0, 0
2811, 5, 219, 415, 1, 0, 5.86%, 0, 0, 7, 86.74, 252241, 204, 0, 0
2816, 5, 195, 415, 1, 0, 5.86%, 0, 0, 7, 87.77, 252691, 204, 0, 0
2821, 5, 298, 415, 1, 0, 5.86%, 0, 0, 7, 87.87, 253141, 204, 0, 0
2826, 5, 296, 415, 1, 0, 5.86%, 0, 0, 7, 88.24, 253591, 204, 0, 0
2831, 5, 240, 415, 1, 0, 5.86%, 0, 0, 7, 88.20, 254041, 204, 0, 0
2837, 5, 186, 415, 1, 0, 5.86%, 0, 0, 7, 87.95, 254490, 204, 0, 0
2842, 5, 302, 415, 1, 0, 5.86%, 0, 0, 7, 88.23, 254939, 204, 0, 0
2847, 5, 377, 415, 1, 0, 5.86%, 0, 0, 7, 88.01, 255392, 204, 0, 0
2852, 5, 240, 415, 1, 0, 5.86%, 0, 0, 7, 87.53, 255838, 204, 0, 0
2857, 5, 400, 415, 1, 0, 5.86%, 0, 0, 7, 87.24, 256287, 204, 0, 0
2862, 5, 186, 415, 1, 0, 5.86%, 0, 0, 7, 87.77, 256737, 204, 0, 0
2867, 5, 322, 415, 1, 0, 5.86%, 0, 0, 7, 86.92, 257182, 204, 0, 0
2872, 5, 195, 415, 1, 0, 5.86%, 0, 0, 7, 86.19, 257627, 204, 0, 0
2878, 5, 205, 415, 1, 0, 5.86%, 0, 0, 7, 87.60, 258077, 204, 0, 0
2883, 5, 411, 415, 1, 0, 5.86%, 0, 0, 7, 87.15, 258524, 204, 0, 0
2888, 5, 213, 415, 1, 0, 5.86%, 0, 0, 7, 87.47, 258971, 204, 0, 0
2893, 5, 325, 415, 1, 0, 5.86%, 0, 0, 7, 87.31, 259420, 204, 0, 0
2898, 5, 357, 415, 1, 0, 5.86%, 0, 0, 7, 87.74, 259870, 204, 0, 0
2903, 5, 296, 415, 1, 0, 5.86%, 0, 0, 7, 87.79, 260320, 204, 0, 0
2908, 5, 186, 415, 1, 0, 5.86%, 0, 0, 7, 86.87, 260764, 204, 0, 0
2913, 5, 391, 415, 1, 0, 5.86%, 0, 0, 7, 87.34, 261212, 204, 0, 0
2919, 5, 217, 415, 1, 0, 5.86%, 0, 0, 7, 87.82, 261662, 204, 0, 0
2924, 5, 412, 415, 1, 0, 5.86%, 0, 0, 7, 86.94, 262108, 204, 0, 0
2929, 5, 211, 415, 1, 0, 5.86%, 0, 0, 7, 87.21, 262556, 204, 0, 0
2934, 5, 247, 415, 1, 0, 5.86%, 0, 0, 7, 87.78, 263005, 204, 0, 0
2939, 5, 186, 415, 1, 0, 5.86%, 0, 0, 7, 88.06, 263454, 204, 0, 0
2944, 5, 205, 415, 1, 0, 5.86%, 0, 0, 7, 86.51, 263898, 204, 0, 0
2949, 5, 195, 415, 1, 0, 5.86%, 0, 0, 7, 87.56, 264345, 204, 0, 0
2954, 5, 242, 415, 1, 0, 5.86%, 0, 0, 7, 88.20, 264795, 204, 0, 0
2959, 5, 238, 415, 1, 0, 5.86%, 0, 0, 7, 88.40, 265246, 204, 0, 0
2965, 5, 298, 415, 1, 0, 5.86%, 0, 0, 7, 87.39, 265695, 204, 0, 0
2970, 5, 305, 415, 1, 0, 5.86%, 0, 0, 7, 88.03, 266145, 204, 0, 0
2975, 5, 357, 415, 1, 0, 5.86%, 0, 0, 7, 88.01, 266595, 204, 0, 0
2980, 5, 195, 415, 1, 0, 5.86%, 0, 0, 7, 87.89, 267044, 204, 0, 0
2985, 5, 348, 415, 1, 0, 5.86%, 0, 0, 7, 88.07, 267492, 204, 0, 0
2990, 5, 412, 415, 1, 0, 5.86%, 0, 0, 7, 87.46, 267943, 204, 0, 0
2995, 5, 211, 415, 1, 0, 5.86%, 0, 0, 7, 86.38, 268388, 204, 0, 0
3000, 5, 377, 415, 1, 0, 5.86%, 0, 0, 7, 87.33, 268837, 204, 0, 0
3006, 5, 412, 415, 1, 0, 5.86%, 0, 0, 7, 87.47, 269287, 204, 0, 0
3011, 5, 211, 415, 1, 0, 5.86%, 0, 0, 7, 87.70, 269736, 204, 0, 0
3016, 5, 220, 415, 1, 0, 5.86%, 0, 0, 7, 88.92, 270189, 204, 0, 0
3021, 5, 365, 415, 1, 0, 5.86%, 0, 0, 7, 88.13, 270638, 204, 0, 0
3026, 5, 186, 415, 1, 0, 5.86%, 0, 0, 7, 88.17, 271088, 204, 0, 0
3031, 5, 357, 415, 1, 0, 5.86%, 0, 0, 7, 87.99, 271535, 204, 0, 0
3036, 5, 325, 415, 1, 0, 5.86%, 0, 0, 7, 88.54, 271984, 204, 0, 0
3041, 5, 298, 415, 0, 0, 5.86%, 0, 0, 7, 88.34, 272431, 204, 0, 0
3046, 5, 298, 415, 0, 0, 5.86%, 0, 0, 7, 87.89, 272880, 204, 0, 0
3051, 5, 219, 415, 0, 0, 5.86%, 0, 0, 7, 88.10, 273330, 204, 0, 0
3057, 5, 393, 415, 0, 0, 5.86%, 0, 0, 7, 88.84, 273782, 204, 0, 0
3062, 5, 240, 415, 0, 0, 5.86%, 0, 0, 7, 88.26, 274234, 204, 0, 0
3067, 5, 195, 415, 0, 0, 5.86%, 0, 0, 7, 87.69, 274681, 204, 0, 0
3072, 5, 211, 415, 0, 0, 5.86%, 0, 0, 7, 86.52, 275123, 204, 0, 0
3077, 5, 195, 415, 0, 0, 5.86%, 0, 0, 7, 86.93, 275569, 204, 0, 0
3082, 5, 234, 415, 0, 0, 5.86%, 0, 0, 7, 88.03, 276018, 204, 0, 0
3087, 5, 250, 415, 0, 0, 5.86%, 0, 0, 7, 88.00, 276467, 204, 0, 0
3092, 5, 197, 415, 0, 0, 5.86%, 0, 0, 7, 86.97, 276911, 204, 0, 0
3097, 6, 230, 415, 0, 0, 5.86%, 0, 0, 7, 87.50, 277359, 204, 0, 0
3103, 6, 238, 415, 0, 0, 5.86%, 0, 0, 7, 87.77, 277808, 204, 0, 0
3108, 6, 225, 415, 0, 0, 5.86%, 0, 0, 7, 87.72, 278257, 204, 0, 0
3113, 6, 298, 415, 0, 0, 5.86%, 0, 0, 7, 87.77, 278706, 204, 0, 0
3118, 6, 194, 415, 0, 0, 5.86%, 0, 0, 7, 86.20, 279151, 204, 0, 0
3123, 6, 357, 415, 0, 0, 5.86%, 0, 0, 7, 87.15, 279601, 204, 0, 0
3128, 6, 341, 415, 0, 0, 5.86%, 0, 0, 7, 87.95, 280050, 204, 0, 0
3133, 6, 194, 415, 0, 0, 5.86%, 0, 0, 7, 88.03, 280500, 204, 0, 0
3138, 6, 186, 415, 0, 0, 5.86%, 0, 0, 7, 88.04, 280950, 204, 0, 0
3144, 6, 195, 415, 0, 0, 5.86%, 0, 0, 7, 88.01, 281400, 204, 0, 0
3149, 6, 194, 415, 0, 0, 5.86%, 0, 0, 7, 87.80, 281850, 204, 0, 0
3154, 6, 219, 415, 0, 0, 5.86%, 0, 0, 7, 88.14, 282300, 204, 0, 0
3159, 6, 211, 415, 0, 0, 5.86%, 0, 0, 7, 87.01, 282744, 204, 0, 0
3164, 6, 12, 415, 0, 0, 5.86%, 0, 0, 7, 87.89, 283194, 204, 0, 0
3169, 6, 186, 415, 0, 0, 5.86%, 0, 0, 7, 88.59, 283644, 204, 0, 0
3174, 6, 411, 415, 0, 0, 5.86%, 0, 0, 7, 87.46, 284091, 204, 0, 0
3179, 6, 219, 415, 0, 0, 5.86%, 0, 0, 7, 86.94, 284537, 204, 0, 0
3184, 6, 250, 415, 0, 0, 5.86%, 0, 0, 7, 87.56, 284984, 204, 0, 0
3190, 6, 210, 415, 0, 0, 5.86%, 0, 0, 7, 88.21, 285434, 204, 0, 0
3195, 6, 234, 415, 0, 0, 5.86%, 0, 0, 7, 87.88, 285883, 204, 0, 0
3200, 6, 357, 415, 0, 0, 5.86%, 0, 0, 7, 87.14, 286326, 204, 0, 0
3205, 6, 238, 415, 0, 0, 5.86%, 0, 0, 7, 87.83, 286776, 204, 0, 0
3210, 6, 357, 415, 0, 0, 5.86%, 0, 0, 7, 88.10, 287224, 204, 0, 0
3215, 6, 213, 415, 0, 0, 5.86%, 0, 0, 7, 88.28, 287675, 204, 0, 0
3220, 6, 211, 415, 0, 0, 5.86%, 0, 0, 7, 88.19, 288124, 204, 0, 0
3225, 6, 224, 415, 0, 0, 5.86%, 0, 0, 7, 88.04, 288574, 204, 0, 0
3230, 6, 217, 415, 0, 0, 5.86%, 0, 0, 7, 87.81, 289024, 204, 0, 0
3236, 6, 279, 415, 0, 0, 5.86%, 0, 0, 7, 87.44, 289473, 204, 0, 0
3241, 6, 211, 415, 0, 0, 5.86%, 0, 0, 7, 87.84, 289923, 204, 0, 0
3246, 6, 372, 415, 0, 0, 5.86%, 0, 0, 7, 86.95, 290370, 204, 0, 0
3251, 6, 235, 415, 0, 0, 5.86%, 0, 0, 7, 88.02, 290823, 204, 0, 0
3256, 6, 321, 415, 0, 0, 5.86%, 0, 0, 7, 87.58, 291272, 204, 0, 0
3261, 6, 358, 415, 0, 0, 5.86%, 0, 0, 7, 87.66, 291721, 204, 0, 0
3266, 6, 412, 415, 0, 0, 5.86%, 0, 0, 7, 87.73, 292171, 204, 0, 0
3271, 6, 388, 415, 0, 0, 5.86%, 0, 0, 7, 87.43, 292617, 204, 0, 0
3277, 6, 357, 415, 0, 0, 5.86%, 0, 0, 7, 87.80, 293065, 204, 0, 0
3282, 6, 213, 415, 0, 0, 5.86%, 0, 0, 7, 88.18, 293514, 204, 0, 0
3287, 6, 195, 415, 0, 0, 5.86%, 0, 0, 7, 87.84, 293963, 204, 0, 0
3292, 6, 290, 415, 0, 0, 5.86%, 0, 0, 7, 87.26, 294409, 204, 0, 0
3297, 6, 291, 415, 0, 0, 5.86%, 0, 0, 7, 88.05, 294859, 204, 0, 0
3302, 6, 220, 415, 0, 0, 5.86%, 0, 0, 7, 87.35, 295306, 204, 0, 0
3307, 6, 279, 415, 0, 0, 5.86%, 0, 0, 7, 87.69, 295754, 204, 0, 0
3312, 6, 327, 415, 0, 0, 5.86%, 0, 0, 7, 87.93, 296204, 204, 0, 0
3317, 6, 230, 415, 0, 0, 5.86%, 0, 0, 7, 87.77, 296653, 204, 0, 0
3323, 6, 352, 415, 0, 0, 5.86%, 0, 0, 7, 87.59, 297101, 204, 0, 0
3328, 6, 357, 415, 0, 0, 5.86%, 0, 0, 7, 87.70, 297550, 204, 0, 0
3333, 6, 234, 415, 0, 0, 5.86%, 0, 0, 7, 87.91, 298000, 204, 0, 0
3338, 6, 298, 415, 0, 0, 5.86%, 0, 0, 7, 88.03, 298450, 204, 0, 0
3343, 6, 331, 415, 0, 0, 5.86%, 0, 0, 7, 88.29, 298900, 204, 0, 0
3348, 6, 363, 415, 0, 0, 5.86%, 0, 0, 7, 87.98, 299347, 204, 0, 0
3353, 6, 217, 415, 0, 0, 5.86%, 0, 0, 7, 88.41, 299798, 204, 0, 0
3358, 6, 284, 415, 0, 0, 5.86%, 0, 0, 7, 87.07, 300246, 204, 0, 0
3363, 6, 13, 415, 0, 0, 5.86%, 0, 0, 7, 87.76, 300694, 204, 0, 0
3369, 6, 211, 415, 0, 0, 5.86%, 0, 0, 7, 87.89, 301143, 204, 0, 0
3374, 6, 220, 415, 0, 0, 5.86%, 0, 0, 7, 88.01, 301592, 204, 0, 0
3379, 6, 308, 415, 0, 0, 5.86%, 0, 0, 7, 88.00, 302041, 204, 0, 0
3384, 6, 239, 415, 0, 0, 5.86%, 0, 0, 7, 85.53, 302477, 204, 0, 0
3389, 6, 240, 415, 0, 0, 5.86%, 0, 0, 7, 82.88, 302893, 204, 0, 0
3394, 6, 240, 415, 0, 0, 5.86%, 0, 0, 7, 85.18, 303333, 204, 0, 0
3399, 6, 240, 415, 0, 0, 5.86%, 0, 0, 7, 84.52, 303767, 204, 0, 0
3404, 6, 218, 415, 0, 0, 5.86%, 0, 0, 7, 87.50, 304216, 204, 0, 0
3409, 6, 284, 415, 0, 0, 5.86%, 0, 0, 7, 87.25, 304664, 204, 0, 0
3415, 6, 10, 415, 0, 0, 5.86%, 0, 0, 7, 87.77, 305112, 204, 0, 0
3420, 6, 186, 415, 0, 0, 5.86%, 0, 0, 7, 88.26, 305562, 204, 0, 0
3425, 6, 195, 415, 0, 0, 5.86%, 0, 0, 7, 87.99, 306011, 204, 0, 0
3430, 6, 186, 415, 0, 0, 5.86%, 0, 0, 7, 88.27, 306461, 204, 0, 0
3435, 6, 195, 415, 0, 0, 5.86%, 0, 0, 7, 88.06, 306908, 204, 0, 0
3440, 6, 284, 415, 0, 0, 5.86%, 0, 0, 7, 85.93, 307349, 204, 0, 0
3445, 6, 245, 415, 0, 0, 5.86%, 0, 0, 7, 87.66, 307798, 204, 0, 0
3450, 6, 203, 415, 0, 0, 5.86%, 0, 0, 7, 88.22, 308249, 204, 0, 0
3455, 6, 357, 415, 0, 0, 5.86%, 0, 0, 7, 88.15, 308699, 204, 0, 0
3460, 6, 203, 415, 0, 0, 5.86%, 0, 0, 7, 88.02, 309150, 204, 0, 0
3466, 6, 234, 415, 0, 0, 5.86%, 0, 0, 7, 87.02, 309596, 204, 0, 0
3471, 6, 218, 415, 0, 0, 5.86%, 0, 0, 7, 87.46, 310044, 204, 0, 0
3476, 7, 248, 415, 0, 0, 5.86%, 0, 0, 7, 88.04, 310494, 204, 0, 0
3481, 7, 412, 415, 0, 0, 5.86%, 0, 0, 7, 88.02, 310943, 204, 0, 0
3486, 7, 298, 415, 0, 0, 5.86%, 0, 0, 7, 88.05, 311393, 204, 0, 0
3491, 7, 320, 415, 0, 0, 5.86%, 0, 0, 7, 87.36, 311840, 204, 0, 0
3496, 7, 12, 415, 0, 0, 5.86%, 0, 0, 7, 87.47, 312286, 204, 0, 0
3501, 7, 360, 415, 0, 0, 5.86%, 0, 0, 7, 87.96, 312735, 204, 0, 0
3506, 7, 222, 415, 0, 0, 5.86%, 0, 0, 7, 87.91, 313184, 204, 0, 0
3512, 7, 357, 415, 0, 0, 5.86%, 0, 0, 7, 88.26, 313634, 204, 0, 0
3517, 7, 242, 415, 0, 0, 5.86%, 0, 0, 7, 88.65, 314084, 204, 0, 0
3522, 7, 225, 415, 0, 0, 5.86%, 0, 0, 7, 89.65, 314541, 204, 0, 0
3527, 7, 186, 415, 0, 0, 5.86%, 0, 0, 7, 85.13, 314969, 204, 0, 0
3532, 7, 411, 415, 0, 0, 5.86%, 0, 0, 7, 86.46, 315414, 204, 0, 0
3537, 7, 392, 416, 1, 0, 5.86%, 0, 0, 7, 87.46, 315861, 204, 0, 0
3542, 7, 186, 416, 1, 0, 5.86%, 0, 0, 7, 88.19, 316311, 204, 0, 0
3547, 7, 194, 416, 1, 0, 5.86%, 0, 0, 7, 88.37, 316761, 204, 0, 0
3552, 7, 348, 416, 1, 0, 5.86%, 0, 0, 7, 88.64, 317211, 204, 0, 0
3558, 7, 195, 416, 1, 0, 5.86%, 0, 0, 7, 87.53, 317663, 204, 0, 0
3563, 7, 412, 416, 1, 0, 5.86%, 0, 0, 7, 87.72, 318113, 204, 0, 0
3568, 7, 306, 416, 1, 0, 5.86%, 0, 0, 7, 88.42, 318566, 204, 0, 0
3573, 7, 11, 416, 1, 0, 5.86%, 0, 0, 7, 88.62, 319016, 204, 0, 0
3578, 7, 238, 416, 1, 0, 5.86%, 0, 0, 7, 88.89, 319465, 204, 0, 0
3583, 7, 298, 416, 1, 0, 5.86%, 0, 0, 7, 88.05, 319915, 204, 0, 0
3588, 7, 226, 416, 1, 0, 5.86%, 0, 0, 7, 87.75, 320364, 204, 0, 0
3593, 7, 415, 416, 1, 0, 5.86%, 0, 0, 7, 88.04, 320812, 204, 0, 0
3598, 7, 313, 416, 0, 0, 5.86%, 0, 0, 7, 88.12, 321262, 204, 0, 0
3603, 7, 298, 416, 0, 0, 5.86%, 0, 0, 7, 88.62, 321712, 204, 0, 0
3609, 7, 219, 416, 0, 0, 5.86%, 0, 0, 7, 87.98, 322163, 204, 0, 0
3614, 7, 186, 416, 0, 0, 5.86%, 0, 0, 7, 88.02, 322612, 204, 0, 0
3619, 7, 343, 416, 0, 0, 5.86%, 0, 0, 7, 88.94, 323066, 204, 0, 0
3624, 7, 217, 419, 3, 0, 5.86%, 0, 0, 7, 88.12, 323522, 204, 0, 0
3629, 7, 205, 419, 2, 0, 5.86%, 0, 0, 7, 86.76, 323972, 204, 0, 0
3634, 7, 224, 419, 1, 0, 5.86%, 0, 0, 7, 87.59, 324421, 204, 0, 0
3639, 7, 416, 419, 1, 0, 5.86%, 0, 0, 7, 87.49, 324859, 204, 0, 0
3644, 7, 363, 419, 0, 0, 5.86%, 0, 0, 7, 86.83, 325309, 204, 0, 0
3650, 7, 367, 419, 0, 0, 5.86%, 0, 0, 7, 86.78, 325754, 204, 0, 0
3655, 7, 224, 419, 0, 0, 5.86%, 0, 0, 7, 87.53, 326202, 204, 0, 0
3660, 7, 197, 419, 0, 0, 5.86%, 0, 0, 7, 86.75, 326646, 204, 0, 0
3665, 7, 225, 419, 0, 0, 5.86%, 0, 0, 7, 87.61, 327095, 204, 0, 0
3670, 7, 412, 419, 0, 0, 5.86%, 0, 0, 7, 87.77, 327545, 204, 0, 0
3675, 7, 197, 419, 0, 0, 5.86%, 0, 0, 7, 87.07, 327991, 204, 0, 0
3680, 7, 205, 419, 0, 0, 5.86%, 0, 0, 7, 87.67, 328442, 204, 0, 0
3685, 7, 194, 419, 0, 0, 5.86%, 0, 0, 7, 87.65, 328891, 204, 0, 0
3690, 7, 186, 419, 0, 0, 5.86%, 0, 0, 7, 88.03, 329341, 204, 0, 0
3696, 7, 279, 419, 0, 0, 5.86%, 0, 0, 7, 87.98, 329791, 204, 0, 0
3701, 7, 368, 419, 0, 0, 5.86%, 0, 0, 7, 87.95, 330255, 204, 0, 0
3706, 7, 298, 419, 0, 0, 5.86%, 0, 0, 7, 87.58, 330700, 204, 0, 0
3711, 7, 211, 419, 0, 0, 5.86%, 0, 0, 7, 88.36, 331156, 204, 0, 0
3716, 7, 211, 419, 0, 0, 5.86%, 0, 0, 7, 88.22, 331606, 204, 0, 0
3721, 7, 363, 419, 0, 0, 5.86%, 0, 0, 7, 89.08, 332057, 204, 0, 0
3726, 7, 195, 419, 0, 0, 5.86%, 0, 0, 7, 88.85, 332507, 204, 0, 0
3731, 7, 279, 419, 0, 0, 5.86%, 0, 0, 7, 88.98, 332958, 204, 0, 0
3736, 7, 261, 419, 0, 0, 5.86%, 0, 0, 7, 89.46, 333410, 204, 0, 0
3742, 7, 234, 419, 0, 0, 5.86%, 0, 0, 7, 89.77, 333870, 204, 0, 0
3747, 7, 217, 419, 0, 0, 5.86%, 0, 0, 7, 89.94, 334334, 204, 0, 0
3752, 7, 194, 419, 0, 0, 5.86%, 0, 0, 7, 89.12, 334785, 204, 0, 0
3757, 7, 186, 419, 0, 0, 5.86%, 0, 0, 7, 89.55, 335239, 204, 0, 0
3762, 7, 239, 419, 0, 0, 5.86%, 0, 0, 7, 90.17, 335703, 204, 0, 0
3767, 7, 219, 419, 0, 0, 5.86%, 0, 0, 7, 89.63, 336158, 204, 0, 0
3772, 7, 393, 419, 0, 0, 5.86%, 0, 0, 7, 89.81, 336616, 204, 0, 0
3777, 7, 234, 419, 0, 0, 5.86%, 0, 0, 7, 89.83, 337079, 204, 0, 0
3782, 7, 195, 419, 0, 0, 5.86%, 0, 0, 7, 89.78, 337531, 204, 0, 0
3787, 7, 224, 419, 0, 0, 5.86%, 0, 0, 7, 90.19, 337991, 204, 0, 0
3793, 7, 224, 419, 0, 0, 5.86%, 0, 0, 7, 89.96, 338449, 204, 0, 0
3798, 7, 197, 419, 0, 0, 5.86%, 0, 0, 7, 89.57, 338903, 204, 0, 0
3803, 7, 415, 419, 0, 0, 5.86%, 0, 0, 7, 89.19, 339358, 204, 0, 0
3808, 7, 418, 419, 0, 0, 5.86%, 0, 0, 7, 88.84, 339816, 204, 0, 0
3813, 7, 186, 419, 0, 0, 5.86%, 0, 0, 7, 89.10, 340267, 204, 0, 0
3818, 7, 223, 419, 0, 0, 5.86%, 0, 0, 7, 89.10, 340723, 204, 0, 0
3824, 7, 375, 419, 0, 0, 5.86%, 0, 0, 7, 88.83, 341285, 204, 0, 0
3830, 7, 345, 419, 0, 0, 5.86%, 0, 0, 7, 88.95, 341740, 204, 0, 0
3835, 7, 211, 419, 0, 0, 5.86%, 0, 0, 7, 89.73, 342200, 204, 0, 0
3840, 7, 393, 419, 0, 0, 5.86%, 0, 0, 7, 90.32, 342663, 204, 0, 0
3845, 7, 194, 419, 0, 0, 5.86%, 0, 0, 7, 90.04, 343124, 204, 0, 0
3850, 7, 186, 419, 0, 0, 5.86%, 0, 0, 7, 90.55, 343591, 204, 0, 0
3855, 7, 217, 419, 0, 0, 5.86%, 0, 0, 7, 90.61, 344063, 204, 0, 0
3860, 7, 300, 419, 0, 0, 5.86%, 0, 0, 7, 90.33, 344527, 204, 0, 0
3866, 7, 284, 419, 0, 0, 5.86%, 0, 0, 7, 89.82, 344988, 204, 0, 0
3871, 8, 219, 419, 0, 0, 5.86%, 0, 0, 7, 89.26, 345441, 204, 0, 0
3876, 8, 240, 419, 0, 0, 5.86%, 0, 0, 7, 89.90, 345900, 204, 0, 0
3881, 8, 341, 419, 0, 0, 5.86%, 0, 0, 7, 89.73, 346360, 204, 0, 0
3886, 8, 224, 419, 0, 0, 5.86%, 0, 0, 7, 89.80, 346817, 204, 0, 0
3891, 8, 305, 419, 0, 0, 5.86%, 0, 0, 7, 89.54, 347272, 204, 0, 0
3896, 8, 219, 419, 0, 0, 5.86%, 0, 0, 7, 90.05, 347736, 204, 0, 0
3901, 8, 219, 419, 0, 0, 5.86%, 0, 0, 7, 89.42, 348194, 204, 0, 0
3906, 8, 219, 419, 0, 0, 5.86%, 0, 0, 7, 89.27, 348644, 204, 0, 0
3911, 8, 194, 419, 0, 0, 5.86%, 0, 0, 7, 89.19, 349095, 204, 0, 0
3917, 8, 284, 419, 0, 0, 5.86%, 0, 0, 7, 88.18, 349547, 204, 0, 0
3922, 8, 357, 419, 0, 0, 5.86%, 0, 0, 7, 89.68, 350009, 204, 0, 0
3927, 8, 13, 419, 0, 0, 5.86%, 0, 0, 7, 90.15, 350472, 204, 0, 0
3932, 8, 222, 419, 0, 0, 5.86%, 0, 0, 7, 89.88, 350933, 204, 0, 0
3937, 8, 197, 419, 0, 0, 5.86%, 0, 0, 7, 89.97, 351391, 204, 0, 0
3942, 8, 335, 419, 0, 0, 5.86%, 0, 0, 7, 90.00, 351844, 204, 0, 0
3947, 8, 220, 419, 0, 0, 5.86%, 0, 0, 7, 89.42, 352297, 204, 0, 0
3952, 8, 9, 419, 0, 0, 5.86%, 0, 0, 7, 90.02, 352760, 204, 0, 0
3957, 8, 412, 419, 0, 0, 5.86%, 0, 0, 7, 89.25, 353211, 204, 0, 0
3963, 8, 10, 419, 0, 0, 5.86%, 0, 0, 7, 90.05, 353675, 204, 0, 0
3968, 8, 261, 419, 0, 0, 5.86%, 0, 0, 7, 89.95, 354137, 204, 0, 0
3973, 8, 194, 419, 0, 0, 5.86%, 0, 0, 7, 89.78, 354594, 204, 0, 0
3978, 8, 220, 419, 0, 0, 5.86%, 0, 0, 7, 89.88, 355052, 204, 0, 0
3983, 8, 194, 419, 0, 0, 5.86%, 0, 0, 7, 90.01, 355508, 204, 0, 0
3988, 8, 194, 419, 0, 0, 5.86%, 0, 0, 7, 90.03, 355966, 204, 0, 0
3993, 8, 298, 419, 0, 0, 5.86%, 0, 0, 7, 89.64, 356418, 204, 0, 0
3998, 8, 231, 419, 0, 0, 5.86%, 0, 0, 7, 89.33, 356871, 204, 0, 0
4003, 8, 412, 419, 0, 0, 5.86%, 0, 0, 7, 88.25, 357317, 204, 0, 0
4008, 8, 298, 419, 0, 0, 5.86%, 0, 0, 7, 88.94, 357768, 204, 0, 0
4013, 8, 220, 419, 0, 0, 5.86%, 0, 0, 7, 89.58, 358227, 204, 0, 0
4018, 8, 261, 419, 0, 0, 5.86%, 0, 0, 7, 89.41, 358683, 204, 0, 0
4024, 8, 222, 419, 0, 0, 5.86%, 0, 0, 7, 89.61, 359139, 204, 0, 0
4029, 8, 298, 419, 0, 0, 5.86%, 0, 0, 7, 89.07, 359594, 204, 0, 0
4034, 8, 219, 419, 0, 0, 5.86%, 0, 0, 7, 89.32, 360047, 204, 0, 0
4039, 8, 357, 419, 0, 0, 5.86%, 0, 0, 7, 89.90, 360509, 204, 0, 0
4044, 8, 412, 419, 0, 0, 5.86%, 0, 0, 7, 89.63, 360971, 204, 0, 0
4049, 8, 255, 419, 0, 0, 5.86%, 0, 0, 7, 89.66, 361423, 204, 0, 0
4054, 8, 219, 419, 0, 0, 5.86%, 0, 0, 7, 89.34, 361879, 204, 0, 0
4059, 8, 197, 419, 0, 0, 5.86%, 0, 0, 7, 89.68, 362335, 204, 0, 0
4064, 8, 194, 419, 0, 0, 5.86%, 0, 0, 7, 90.11, 362797, 204, 0, 0
4069, 8, 194, 419, 0, 0, 5.86%, 0, 0, 7, 89.98, 363253, 204, 0, 0
4075, 8, 203, 419, 0, 0, 5.86%, 0, 0, 7, 90.11, 363712, 204, 0, 0
4080, 8, 224, 419, 0, 0, 5.86%, 0, 0, 7, 90.40, 364180, 204, 0, 0
4085, 8, 197, 419, 0, 0, 5.86%, 0, 0, 7, 90.13, 364643, 204, 0, 0
4090, 8, 219, 419, 0, 0, 5.86%, 0, 0, 7, 90.27, 365110, 204, 0, 0
4095, 8, 212, 419, 0, 0, 5.86%, 0, 0, 7, 89.56, 365566, 204, 0, 0
4100, 8, 224, 419, 0, 0, 5.86%, 0, 0, 7, 89.97, 366022, 204, 0, 0
4105, 8, 367, 419, 0, 0, 5.86%, 0, 0, 7, 89.53, 366480, 204, 0, 0
4110, 8, 276, 419, 0, 0, 5.86%, 0, 0, 7, 89.95, 366934, 204, 0, 0
4115, 8, 194, 419, 0, 0, 5.86%, 0, 0, 7, 89.90, 367391, 204, 0, 0
4121, 8, 234, 419, 0, 0, 5.86%, 0, 0, 7, 89.66, 367853, 204, 0, 0
4126, 8, 205, 419, 0, 0, 5.86%, 0, 0, 7, 89.85, 368312, 204, 0, 0
4131, 8, 238, 419, 0, 0, 5.86%, 0, 0, 7, 89.60, 368765, 204, 0, 0
4136, 8, 412, 419, 0, 0, 5.86%, 0, 0, 7, 89.60, 369219, 204, 0, 0
4141, 8, 357, 419, 0, 0, 5.86%, 0, 0, 7, 89.65, 369672, 204, 0, 0
4146, 8, 205, 419, 0, 0, 5.86%, 0, 0, 7, 89.88, 370130, 204, 0, 0
4151, 8, 417, 420, 1, 0, 5.86%, 0, 0, 7, 88.91, 370583, 204, 0, 0
4156, 8, 225, 420, 1, 0, 5.86%, 0, 0, 7, 88.97, 371034, 204, 0, 0
4161, 8, 186, 420, 1, 0, 5.86%, 0, 0, 7, 89.51, 371486, 204, 0, 0
4168, 8, 419, 420, 1, 0, 5.86%, 0, 0, 7, 88.77, 372099, 204, 0, 0
4173, 8, 224, 420, 0, 0, 5.86%, 0, 0, 7, 88.96, 372554, 204, 0, 0
4178, 8, 194, 420, 0, 0, 5.86%, 0, 0, 7, 89.83, 373016, 204, 0, 0
4183, 8, 195, 420, 0, 0, 5.86%, 0, 0, 7, 89.92, 373474, 204, 0, 0
4189, 8, 195, 420, 0, 0, 5.86%, 0, 0, 7, 89.88, 373930, 204, 0, 0
4194, 8, 224, 420, 0, 0, 5.86%, 0, 0, 7, 89.30, 374383, 204, 0, 0
4199, 8, 222, 420, 0, 0, 5.86%, 0, 0, 7, 89.79, 374846, 204, 0, 0
4204, 8, 203, 420, 0, 0, 5.86%, 0, 0, 7, 89.79, 375302, 204, 0, 0
4209, 8, 412, 420, 0, 0, 5.86%, 0, 0, 7, 89.52, 375758, 204, 0, 0
4214, 8, 194, 420, 0, 0, 5.86%, 0, 0, 7, 89.81, 376217, 204, 0, 0
4219, 8, 203, 420, 0, 0, 5.86%, 0, 0, 7, 89.98, 376680, 204, 0, 0
4224, 8, 224, 420, 0, 0, 5.86%, 0, 0, 7, 90.48, 377148, 204, 0, 0
4229, 8, 219, 420, 0, 0, 5.86%, 0, 0, 7, 90.19, 377613, 204, 0, 0
4235, 9, 238, 420, 0, 0, 5.86%, 0, 0, 7, 88.99, 378072, 204, 0, 0
4240, 9, 412, 420, 0, 0, 5.86%, 0, 0, 7, 89.81, 378529, 204, 0, 0
4245, 9, 186, 420, 0, 0, 5.86%, 0, 0, 7, 89.70, 378985, 204, 0, 0
4250, 9, 219, 420, 0, 0, 5.86%, 0, 0, 7, 89.60, 379444, 204, 0, 0
4255, 9, 197, 420, 0, 0, 5.86%, 0, 0, 7, 89.10, 379897, 204, 0, 0
4260, 9, 265, 420, 0, 0, 5.86%, 0, 0, 7, 89.88, 380358, 204, 0, 0
4265, 9, 373, 420, 0, 0, 5.86%, 0, 0, 7, 89.28, 380813, 204, 0, 0
4270, 9, 240, 420, 0, 0, 5.86%, 0, 0, 7, 90.18, 381277, 204, 0, 0
4275, 9, 247, 420, 0, 0, 5.86%, 0, 0, 7, 90.14, 381738, 204, 0, 0
4281, 9, 359, 420, 0, 0, 5.86%, 0, 0, 7, 90.55, 382210, 204, 0, 0
4286, 9, 218, 420, 0, 0, 5.86%, 0, 0, 7, 90.00, 382670, 204, 0, 0
4291, 9, 357, 420, 0, 0, 5.86%, 0, 0, 7, 89.84, 383127, 204, 0, 0
4296, 9, 344, 420, 0, 0, 5.86%, 0, 0, 7, 90.29, 383591, 204, 0, 0
4301, 9, 195, 420, 0, 0, 5.86%, 0, 0, 7, 89.87, 384050, 204, 0, 0
4306, 9, 299, 420, 0, 0, 5.86%, 0, 0, 7, 89.91, 384510, 204, 0, 0
4311, 9, 219, 420, 0, 0, 5.86%, 0, 0, 7, 90.34, 384976, 204, 0, 0
4316, 9, 238, 420, 0, 0, 5.86%, 0, 0, 7, 90.39, 385437, 204, 0, 0
4322, 9, 186, 420, 0, 0, 5.86%, 0, 0, 7, 89.75, 385891, 204, 0, 0
4327, 9, 234, 420, 0, 0, 5.86%, 0, 0, 7, 90.31, 386354, 204, 0, 0
4332, 9, 194, 420, 0, 0, 5.86%, 0, 0, 7, 89.97, 386810, 204, 0, 0
4337, 9, 412, 420, 0, 0, 5.86%, 0, 0, 7, 89.41, 387265, 204, 0, 0
4343, 9, 339, 420, 0, 0, 5.86%, 0, 0, 7, 89.29, 387811, 204, 0, 0
4348, 9, 0, 420, 0, 0, 5.86%, 0, 0, 7, 89.90, 388270, 204, 0, 0
4353, 9, 194, 420, 0, 0, 5.86%, 0, 0, 7, 89.77, 388726, 204, 0, 0
4359, 9, 356, 420, 0, 0, 5.86%, 0, 0, 7, 90.05, 389252, 204, 0, 0
4364, 9, 219, 420, 0, 0, 5.86%, 0, 0, 7, 90.23, 389716, 204, 0, 0
4369, 9, 303, 420, 0, 0, 5.86%, 0, 0, 7, 90.19, 390184, 204, 0, 0
4374, 9, 195, 420, 0, 0, 5.86%, 0, 0, 7, 90.52, 390651, 204, 0, 0
4380, 9, 345, 420, 0, 0, 5.86%, 0, 0, 7, 89.71, 391109, 204, 0, 0
4385, 9, 238, 420, 0, 0, 5.86%, 0, 0, 7, 90.07, 391571, 204, 0, 0
4390, 9, 195, 420, 0, 0, 5.86%, 0, 0, 7, 90.03, 392031, 204, 0, 0
4395, 9, 220, 420, 0, 0, 5.86%, 0, 0, 7, 89.89, 392489, 204, 0, 0
4400, 9, 213, 420, 0, 0, 5.86%, 0, 0, 7, 90.31, 392956, 204, 0, 0
4405, 9, 234, 420, 0, 0, 5.86%, 0, 0, 7, 90.22, 393421, 204, 0, 0
4410, 9, 186, 420, 0, 0, 5.86%, 0, 0, 7, 90.44, 393888, 204, 0, 0
4415, 9, 212, 420, 0, 0, 5.86%, 0, 0, 7, 90.15, 394347, 204, 0, 0
4421, 9, 300, 420, 0, 0, 5.86%, 0, 0, 7, 89.84, 394804, 204, 0, 0
4426, 9, 357, 420, 0, 0, 5.86%, 0, 0, 7, 89.93, 395268, 204, 0, 0
4431, 9, 253, 420, 0, 0, 5.86%, 0, 0, 7, 89.73, 395725, 204, 0, 0
4436, 9, 240, 420, 0, 0, 5.86%, 0, 0, 7, 89.75, 396181, 204, 0, 0
4441, 9, 186, 420, 0, 0, 5.86%, 0, 0, 7, 89.35, 396645, 204, 0, 0
4446, 9, 204, 420, 0, 0, 5.86%, 0, 0, 7, 89.25, 397100, 204, 0, 0
4451, 9, 219, 420, 0, 0, 5.86%, 0, 0, 7, 89.97, 397560, 204, 0, 0
4456, 9, 204, 420, 0, 0, 5.86%, 0, 0, 7, 89.63, 398015, 204, 0, 0
4461, 9, 261, 420, 0, 0, 5.86%, 0, 0, 7, 90.20, 398478, 204, 0, 0
4467, 9, 220, 420, 0, 0, 5.86%, 0, 0, 7, 89.68, 398932, 204, 0, 0
4472, 9, 222, 420, 0, 0, 5.86%, 0, 0, 7, 89.68, 399384, 204, 0, 0
4477, 9, 363, 420, 0, 0, 5.86%, 0, 0, 7, 89.85, 399842, 204, 0, 0
4482, 9, 238, 420, 0, 0, 5.86%, 0, 0, 7, 90.19, 400305, 204, 0, 0
4487, 9, 230, 420, 0, 0, 5.86%, 0, 0, 7, 89.61, 400762, 204, 0, 0
4492, 9, 219, 420, 0, 0, 5.86%, 0, 0, 7, 90.01, 401225, 204, 0, 0
4497, 9, 186, 420, 0, 0, 5.86%, 0, 0, 7, 89.62, 401680, 204, 0, 0
4502, 9, 217, 420, 0, 0, 5.86%, 0, 0, 7, 90.07, 402141, 204, 0, 0
4507, 9, 298, 420, 0, 0, 5.86%, 0, 0, 7, 89.99, 402600, 204, 0, 0
4512, 9, 232, 420, 0, 0, 5.86%, 0, 0, 7, 89.78, 403054, 204, 0, 0
4517, 9, 220, 420, 0, 0, 5.86%, 0, 0, 7, 88.53, 403504, 204, 0, 0
4523, 9, 205, 420, 0, 0, 5.86%, 0, 0, 7, 89.68, 403963, 204, 0, 0
4528, 9, 186, 420, 0, 0, 5.86%, 0, 0, 7, 89.80, 404418, 204, 0, 0
4533, 9, 230, 420, 0, 0, 5.86%, 0, 0, 7, 89.30, 404870, 204, 0, 0
4538, 9, 16, 420, 0, 0, 5.86%, 0, 0, 7, 89.66, 405327, 204, 0, 0
4543, 9, 219, 420, 0, 0, 5.86%, 0, 0, 7, 89.96, 405783, 204, 0, 0
4548, 9, 407, 420, 0, 0, 5.86%, 0, 0, 7, 89.64, 406249, 204, 0, 0
4553, 9, 219, 420, 0, 0, 5.86%, 0, 0, 7, 90.02, 406707, 204, 0, 0
4558, 9, 220, 420, 0, 0, 5.86%, 0, 0, 7, 89.89, 407163, 204, 0, 0
4563, 9, 204, 420, 0, 0, 5.86%, 0, 0, 7, 90.13, 407624, 204, 0, 0
4568, 10, 411, 420, 0, 0, 5.86%, 0, 0, 7, 89.34, 408078, 204, 0, 0
4574, 10, 220, 420, 0, 0, 5.86%, 0, 0, 7, 88.52, 408527, 204, 0, 0
4579, 10, 361, 420, 0, 0, 5.86%, 0, 0, 7, 89.93, 408991, 204, 0, 0
4584, 10, 197, 420, 0, 0, 5.86%, 0, 0, 7, 90.22, 409454, 204, 0, 0
4589, 10, 217, 420, 0, 0, 5.86%, 0, 0, 7, 90.41, 409918, 204, 0, 0
4594, 10, 407, 420, 0, 0, 5.86%, 0, 0, 7, 88.33, 410371, 204, 0, 0
4599, 10, 186, 420, 0, 0, 5.86%, 0, 0, 7, 89.60, 410833, 204, 0, 0
4604, 10, 186, 420, 0, 0, 5.86%, 0, 0, 7, 90.02, 411293, 204, 0, 0
4609, 10, 194, 420, 0, 0, 5.86%, 0, 0, 7, 89.04, 411743, 204, 0, 0
4614, 10, 195, 420, 0, 0, 5.86%, 0, 0, 7, 89.26, 412193, 204, 0, 0
4619, 10, 234, 420, 0, 0, 5.86%, 0, 0, 7, 89.39, 412644, 204, 0, 0
4625, 10, 219, 420, 0, 0, 5.86%, 0, 0, 7, 89.77, 413104, 204, 0, 0
4630, 10, 412, 420, 0, 0, 5.86%, 0, 0, 7, 89.16, 413554, 204, 0, 0
4635, 10, 373, 420, 0, 0, 5.86%, 0, 0, 7, 89.62, 414007, 204, 0, 0
4640, 10, 378, 420, 0, 0, 5.86%, 0, 0, 7, 90.04, 414467, 204, 0, 0
4645, 10, 217, 420, 0, 0, 5.86%, 0, 0, 7, 89.53, 414923, 204, 0, 0
4650, 10, 354, 420, 0, 0, 5.86%, 0, 0, 7, 90.26, 415388, 204, 0, 0
4655, 10, 194, 420, 0, 0, 5.86%, 0, 0, 7, 89.63, 415842, 204, 0, 0
4660, 10, 279, 420, 0, 0, 5.86%, 0, 0, 7, 90.23, 416308, 204, 0, 0
4665, 10, 195, 420, 0, 0, 5.86%, 0, 0, 7, 90.05, 416766, 204, 0, 0
4671, 10, 219, 420, 0, 0, 5.86%, 0, 0, 7, 90.28, 417235, 204, 0, 0
4676, 10, 384, 420, 0, 0, 5.86%, 0, 0, 7, 90.26, 417701, 204, 0, 0
4681, 10, 204, 420, 0, 0, 5.86%, 0, 0, 7, 90.57, 418169, 204, 0, 0
4686, 10, 279, 420, 0, 0, 5.86%, 0, 0, 7, 90.90, 418639, 204, 0, 0
4691, 10, 211, 420, 0, 0, 5.86%, 0, 0, 7, 89.89, 419098, 204, 0, 0
4696, 10, 195, 420, 0, 0, 5.86%, 0, 0, 7, 90.14, 419559, 204, 0, 0
4701, 10, 230, 420, 0, 0, 5.86%, 0, 0, 7, 90.01, 420019, 204, 0, 0
4707, 10, 238, 420, 0, 0, 5.86%, 0, 0, 7, 90.10, 420479, 204, 0, 0
4712, 10, 298, 420, 0, 0, 5.86%, 0, 0, 7, 90.10, 420935, 204, 0, 0
4717, 10, 363, 420, 0, 0, 5.86%, 0, 0, 7, 89.77, 421392, 204, 0, 0
4722, 10, 230, 420, 0, 0, 5.86%, 0, 0, 7, 89.84, 421846, 204, 0, 0
4727, 10, 257, 420, 0, 0, 5.86%, 0, 0, 7, 90.33, 422305, 204, 0, 0
4732, 10, 213, 420, 0, 0, 5.86%, 0, 0, 7, 90.10, 422766, 204, 0, 0
4737, 10, 240, 420, 0, 0, 5.86%, 0, 0, 7, 90.30, 423234, 204, 0, 0
4742, 10, 329, 420, 0, 0, 5.86%, 0, 0, 7, 90.09, 423699, 204, 0, 0
4747, 10, 217, 420, 0, 0, 5.86%, 0, 0, 7, 89.99, 424156, 204, 0, 0
4752, 10, 284, 420, 0, 0, 5.86%, 0, 0, 7, 89.73, 424613, 204, 0, 0
4758, 10, 238, 420, 0, 0, 5.86%, 0, 0, 7, 89.84, 425071, 204, 0, 0
4763, 10, 357, 420, 0, 0, 5.86%, 0, 0, 7, 89.63, 425531, 204, 0, 0
4768, 10, 211, 420, 0, 0, 5.86%, 0, 0, 7, 89.63, 425988, 204, 0, 0
4773, 10, 0, 420, 0, 0, 5.86%, 0, 0, 7, 88.68, 426438, 204, 0, 0
4778, 10, 238, 420, 0, 0, 5.86%, 0, 0, 7, 89.21, 426890, 204, 0, 0
4783, 10, 186, 420, 0, 0, 5.86%, 0, 0, 7, 89.73, 427349, 204, 0, 0
4788, 10, 224, 420, 0, 0, 5.86%, 0, 0, 7, 89.68, 427803, 204, 0, 0
4793, 10, 219, 420, 0, 0, 5.86%, 0, 0, 7, 89.82, 428259, 204, 0, 0
4798, 10, 195, 420, 0, 0, 5.86%, 0, 0, 7, 89.82, 428716, 204, 0, 0
4803, 10, 197, 420, 0, 0, 5.86%, 0, 0, 7, 90.00, 429177, 204, 0, 0
4808, 10, 391, 420, 0, 0, 5.86%, 0, 0, 7, 89.97, 429634, 204, 0, 0
4814, 10, 352, 420, 0, 0, 5.86%, 0, 0, 7, 89.31, 430090, 204, 0, 0
4819, 10, 205, 420, 0, 0, 5.86%, 0, 0, 7, 89.91, 430553, 204, 0, 0
4824, 10, 363, 420, 0, 0, 5.86%, 0, 0, 7, 89.32, 431009, 204, 0, 0
4829, 10, 0, 423, 3, 0, 5.86%, 0, 0, 7, 88.69, 431463, 204, 0, 0
4834, 10, 411, 423, 3, 0, 5.86%, 0, 0, 7, 89.29, 431915, 204, 0, 0
4841, 10, 421, 423, 3, 0, 5.86%, 0, 0, 7, 88.71, 432492, 204, 0, 0
4846, 10, 343, 423, 2, 0, 5.86%, 0, 0, 7, 88.80, 432947, 204, 0, 0
4851, 10, 420, 423, 2, 0, 5.86%, 0, 0, 7, 89.18, 433421, 204, 0, 0
4856, 10, 220, 423, 1, 0, 5.86%, 0, 0, 7, 88.13, 433869, 204, 0, 0
4861, 10, 220, 423, 1, 0, 5.86%, 0, 0, 7, 88.71, 434320, 204, 0, 0
4866, 10, 226, 423, 1, 0, 5.86%, 0, 0, 7, 88.76, 434770, 204, 0, 0
4871, 10, 298, 423, 1, 0, 5.86%, 0, 0, 7, 88.94, 435230, 204, 0, 0
4877, 10, 240, 423, 1, 0, 5.86%, 0, 0, 7, 89.56, 435686, 204, 0, 0
4882, 10, 265, 423, 1, 0, 5.86%, 0, 0, 7, 89.90, 436150, 204, 0, 0
4887, 10, 218, 423, 1, 0, 5.86%, 0, 0, 7, 89.98, 436615, 204, 0, 0
4892, 10, 225, 423, 1, 0, 5.86%, 0, 0, 7, 89.35, 437066, 204, 0, 0
4897, 10, 219, 423, 1, 0, 5.86%, 0, 0, 7, 89.37, 437518, 204, 0, 0
4902, 10, 298, 423, 1, 0, 5.86%, 0, 0, 7, 89.81, 437978, 204, 0, 0
4907, 10, 225, 423, 1, 0, 5.86%, 0, 0, 7, 89.86, 438434, 204, 0, 0
4912, 10, 261, 423, 1, 0, 5.86%, 0, 0, 7, 89.49, 438890, 204, 0, 0
4917, 11, 225, 423, 1, 0, 5.86%, 0, 0, 7, 89.45, 439343, 204, 0, 0
4922, 11, 186, 423, 1, 0, 5.86%, 0, 0, 7, 89.01, 439793, 204, 0, 0
4927, 11, 197, 423, 1, 0, 5.86%, 0, 0, 7, 89.87, 440251, 204, 0, 0
4933, 11, 284, 423, 1, 0, 5.86%, 0, 0, 7, 86.88, 440692, 204, 0, 0
4938, 11, 412, 423, 1, 0, 5.86%, 0, 0, 7, 89.04, 441145, 204, 0, 0
4943, 11, 246, 423, 1, 0, 5.86%, 0, 0, 7, 90.07, 441611, 204, 0, 0
4948, 11, 420, 423, 1, 0, 5.86%, 0, 0, 7, 89.29, 442068, 204, 0, 0
4953, 11, 220, 423, 1, 0, 5.86%, 0, 0, 7, 89.20, 442524, 204, 0, 0
4958, 11, 218, 423, 1, 0, 5.86%, 0, 0, 7, 89.81, 442982, 204, 0, 0
4963, 11, 219, 423, 1, 0, 5.86%, 0, 0, 7, 89.86, 443435, 204, 0, 0
4968, 11, 186, 423, 1, 0, 5.86%, 0, 0, 7, 89.84, 443893, 204, 0, 0
4973, 11, 224, 423, 1, 0, 5.86%, 0, 0, 7, 90.01, 444353, 204, 0, 0
4978, 11, 388, 423, 1, 0, 5.86%, 0, 0, 7, 89.91, 444807, 204, 0, 0
4983, 11, 203, 423, 1, 0, 5.86%, 0, 0, 7, 89.88, 445262, 204, 0, 0
4989, 11, 422, 423, 1, 0, 5.86%, 0, 0, 7, 89.25, 445717, 204, 0, 0
4994, 11, 219, 423, 0, 0, 5.86%, 0, 0, 7, 89.09, 446167, 204, 0, 0
4999, 11, 197, 423, 0, 0, 5.86%, 0, 0, 7, 89.54, 446625, 204, 0, 0
5004, 11, 306, 423, 0, 0, 5.86%, 0, 0, 7, 89.74, 447082, 204, 0, 0
5009, 11, 240, 423, 0, 0, 5.86%, 0, 0, 7, 88.77, 447534, 204, 0, 0
5014, 11, 300, 423, 0, 0, 5.86%, 0, 0, 7, 89.69, 447993, 204, 0, 0
5019, 11, 412, 423, 0, 0, 5.86%, 0, 0, 7, 89.68, 448445, 204, 0, 0
5024, 11, 412, 423, 0, 0, 5.86%, 0, 0, 7, 89.71, 448900, 204, 0, 0
5029, 11, 218, 423, 0, 0, 5.86%, 0, 0, 7, 89.55, 449355, 204, 0, 0
5034, 11, 411, 423, 0, 0, 5.86%, 0, 0, 7, 89.24, 449808, 204, 0, 0
5039, 11, 217, 423, 0, 0, 5.86%, 0, 0, 7, 89.51, 450262, 204, 0, 0
5045, 11, 186, 423, 0, 0, 5.86%, 0, 0, 7, 89.87, 450721, 204, 0, 0
5050, 11, 186, 423, 0, 0, 5.86%, 0, 0, 7, 89.88, 451174, 204, 0, 0
5055, 11, 245, 423, 0, 0, 5.86%, 0, 0, 7, 90.42, 451638, 204, 0, 0
5060, 11, 357, 423, 0, 0, 5.86%, 0, 0, 7, 89.26, 452095, 204, 0, 0
5065, 11, 335, 423, 0, 0, 5.86%, 0, 0, 7, 89.91, 452559, 204, 0, 0
5070, 11, 234, 423, 0, 0, 5.86%, 0, 0, 7, 90.03, 453019, 204, 0, 0
5075, 11, 194, 423, 0, 0, 5.86%, 0, 0, 7, 89.64, 453473, 204, 0, 0
5080, 11, 357, 423, 0, 0, 5.86%, 0, 0, 7, 89.82, 453929, 204, 0, 0
5085, 11, 234, 423, 0, 0, 5.86%, 0, 0, 7, 89.46, 454387, 204, 0, 0
5090, 11, 357, 423, 0, 0, 5.86%, 0, 0, 7, 89.38, 454845, 204, 0, 0
5096, 11, 319, 423, 0, 0, 5.86%, 0, 0, 7, 89.59, 455300, 204, 0, 0
5101, 11, 412, 423, 0, 0, 5.86%, 0, 0, 7, 90.32, 455765, 204, 0, 0
5106, 11, 357, 423, 0, 0, 5.86%, 0, 0, 7, 89.89, 456222, 204, 0, 0
5112, 11, 370, 423, 0, 0, 5.86%, 0, 0, 7, 89.79, 456736, 204, 0, 0
5117, 11, 195, 423, 0, 0, 5.86%, 0, 0, 7, 89.33, 457189, 204, 0, 0
5122, 11, 261, 423, 0, 0, 5.86%, 0, 0, 7, 89.11, 457642, 204, 0, 0
5127, 11, 341, 423, 0, 0, 5.86%, 0, 0, 7, 89.25, 458094, 204, 0, 0
5132, 11, 357, 423, 0, 0, 5.86%, 0, 0, 7, 89.90, 458557, 204, 0, 0
5137, 11, 186, 423, 0, 0, 5.86%, 0, 0, 7, 89.69, 459010, 204, 0, 0
5142, 11, 298, 423, 0, 0, 5.86%, 0, 0, 7, 89.98, 459464, 204, 0, 0
5147, 11, 197, 423, 0, 0, 5.86%, 0, 0, 7, 90.03, 459922, 204, 0, 0
5152, 11, 357, 423, 0, 0, 5.86%, 0, 0, 7, 89.32, 460382, 204, 0, 0
5157, 11, 396, 423, 0, 0, 5.86%, 0, 0, 7, 89.91, 460844, 204, 0, 0
5162, 11, 224, 423, 0, 0, 5.86%, 0, 0, 7, 89.94, 461302, 204, 0, 0
5168, 11, 219, 423, 0, 0, 5.86%, 0, 0, 7, 89.73, 461757, 204, 0, 0
5173, 11, 213, 423, 0, 0, 5.86%, 0, 0, 7, 90.27, 462220, 204, 0, 0
5178, 11, 310, 423, 0, 0, 5.86%, 0, 0, 7, 90.31, 462680, 204, 0, 0
5183, 11, 194, 423, 0, 0, 5.86%, 0, 0, 7, 89.40, 463132, 204, 0, 0
5188, 11, 345, 423, 0, 0, 5.86%, 0, 0, 7, 90.12, 463594, 204, 0, 0
5193, 11, 298, 423, 0, 0, 5.86%, 0, 0, 7, 90.31, 464056, 204, 0, 0
5198, 11, 342, 423, 0, 0, 5.86%, 0, 0, 7, 90.10, 464512, 204, 0, 0
5203, 11, 279, 423, 0, 0, 5.86%, 0, 0, 7, 89.63, 464963, 204, 0, 0
5208, 11, 391, 423, 0, 0, 5.86%, 0, 0, 7, 89.89, 465420, 204, 0, 0
5213, 11, 195, 423, 0, 0, 5.86%, 0, 0, 7, 89.62, 465877, 204, 0, 0
5218, 11, 346, 423, 0, 0, 5.86%, 0, 0, 7, 89.86, 466333, 204, 0, 0
5224, 11, 197, 423, 0, 0, 5.86%, 0, 0, 7, 89.85, 466792, 204, 0, 0
5229, 11, 412, 423, 0, 0, 5.86%, 0, 0, 7, 89.42, 467247, 204, 0, 0
5234, 11, 205, 423, 0, 0, 5.86%, 0, 0, 7, 89.60, 467702, 204, 0, 0
5239, 11, 298, 423, 0, 0, 5.86%, 0, 0, 7, 89.01, 468155, 204, 0, 0
5244, 11, 219, 423, 0, 0, 5.86%, 0, 0, 7, 89.69, 468614, 204, 0, 0
5249, 11, 186, 423, 0, 0, 5.86%, 0, 0, 7, 89.36, 469069, 204, 0, 0
5254, 11, 377, 423, 0, 0, 5.86%, 0, 0, 7, 89.79, 469528, 204, 0, 0
5259, 11, 219, 423, 0, 0, 5.86%, 0, 0, 7, 90.55, 470000, 204, 0, 0
5264, 11, 211, 423, 0, 0, 5.86%, 0, 0, 7, 90.47, 470460, 204, 0, 0
5270, 11, 412, 423, 0, 0, 5.86%, 0, 0, 7, 90.00, 470917, 204, 0, 0
5275, 11, 194, 423, 0, 0, 5.86%, 0, 0, 7, 89.83, 471374, 204, 0, 0
5280, 12, 211, 423, 0, 0, 5.86%, 0, 0, 7, 89.77, 471827, 204, 0, 0
5285, 12, 396, 423, 0, 0, 5.86%, 0, 0, 7, 89.08, 472281, 204, 0, 0
5290, 12, 203, 423, 0, 0, 5.86%, 0, 0, 7, 89.25, 472736, 204, 0, 0
5295, 12, 298, 423, 0, 0, 5.86%, 0, 0, 7, 89.76, 473195, 204, 0, 0
5300, 12, 411, 423, 0, 0, 5.86%, 0, 0, 7, 88.57, 473643, 204, 0, 0
5305, 12, 186, 423, 0, 0, 5.86%, 0, 0, 7, 89.20, 474099, 204, 0, 0
5310, 12, 194, 423, 0, 0, 5.86%, 0, 0, 7, 89.28, 474554, 204, 0, 0
5315, 12, 0, 423, 0, 0, 5.86%, 0, 0, 7, 89.32, 475004, 204, 0, 0
5320, 12, 296, 423, 0, 0, 5.86%, 0, 0, 7, 89.96, 475461, 204, 0, 0
5325, 12, 194, 423, 0, 0, 5.86%, 0, 0, 7, 89.45, 475912, 204, 0, 0
5330, 12, 197, 423, 0, 0, 5.86%, 0, 0, 7, 89.68, 476365, 204, 0, 0
5335, 12, 217, 423, 0, 0, 5.86%, 0, 0, 7, 90.00, 476822, 204, 0, 0
5341, 12, 399, 423, 0, 0, 5.86%, 0, 0, 7, 89.32, 477276, 204, 0, 0
5346, 12, 197, 423, 0, 0, 5.86%, 0, 0, 7, 89.34, 477729, 204, 0, 0
5351, 12, 357, 423, 0, 0, 5.86%, 0, 0, 7, 89.75, 478184, 204, 0, 0
5356, 12, 238, 423, 0, 0, 5.86%, 0, 0, 7, 90.04, 478643, 204, 0, 0
5361, 12, 409, 423, 0, 0, 5.86%, 0, 0, 7, 89.68, 479104, 204, 0, 0
5366, 12, 186, 423, 0, 0, 5.86%, 0, 0, 7, 89.56, 479561, 204, 0, 0
5371, 12, 194, 423, 0, 0, 5.86%, 0, 0, 7, 89.50, 480012, 204, 0, 0
5376, 12, 355, 423, 0, 0, 5.86%, 0, 0, 7, 89.52, 480463, 204, 0, 0
5381, 12, 411, 423, 0, 0, 5.86%, 0, 0, 7, 88.66, 480914, 204, 0, 0
5386, 12, 279, 423, 0, 0, 5.86%, 0, 0, 7, 89.21, 481366, 204, 0, 0
5391, 12, 238, 423, 0, 0, 5.86%, 0, 0, 7, 89.18, 481818, 204, 0, 0
5396, 12, 396, 423, 0, 0, 5.86%, 0, 0, 7, 90.06, 482279, 204, 0, 0
5401, 12, 186, 423, 0, 0, 5.86%, 0, 0, 7, 89.96, 482738, 204, 0, 0
5407, 12, 230, 423, 0, 0, 5.86%, 0, 0, 7, 90.00, 483202, 204, 0, 0
5412, 12, 364, 423, 0, 0, 5.86%, 0, 0, 7, 89.60, 483660, 204, 0, 0
5417, 12, 186, 423, 0, 0, 5.86%, 0, 0, 7, 89.46, 484114, 204, 0, 0
5422, 12, 240, 423, 0, 0, 5.86%, 0, 0, 7, 88.88, 484566, 204, 0, 0
5427, 12, 195, 423, 0, 0, 5.86%, 0, 0, 7, 89.65, 485021, 204, 0, 0
5432, 12, 279, 423, 0, 0, 5.86%, 0, 0, 7, 89.71, 485479, 204, 0, 0
5437, 12, 271, 423, 0, 0, 5.86%, 0, 0, 7, 89.89, 485935, 204, 0, 0
5442, 12, 245, 423, 0, 0, 5.86%, 0, 0, 7, 89.34, 486384, 204, 0, 0
5447, 12, 211, 423, 0, 0, 5.86%, 0, 0, 7, 89.89, 486842, 204, 0, 0
5452, 12, 186, 423, 0, 0, 5.86%, 0, 0, 7, 89.92, 487299, 204, 0, 0
5457, 12, 218, 423, 0, 0, 5.86%, 0, 0, 7, 88.57, 487746, 204, 0, 0
5462, 12, 195, 423, 0, 0, 5.86%, 0, 0, 7, 89.46, 488199, 204, 0, 0
5468, 12, 194, 423, 0, 0, 5.86%, 0, 0, 7, 89.37, 488652, 204, 0, 0
5473, 12, 195, 423, 0, 0, 5.86%, 0, 0, 7, 89.28, 489104, 204, 0, 0
5478, 12, 220, 423, 0, 0, 5.86%, 0, 0, 7, 88.91, 489557, 204, 0, 0
5483, 12, 211, 423, 0, 0, 5.86%, 0, 0, 7, 89.74, 490017, 204, 0, 0
5488, 12, 195, 423, 0, 0, 5.86%, 0, 0, 7, 89.83, 490474, 204, 0, 0
5493, 12, 298, 423, 0, 0, 5.86%, 0, 0, 7, 89.35, 490933, 204, 0, 0
5498, 12, 296, 423, 0, 0, 5.86%, 0, 0, 7, 90.03, 491390, 204, 0, 0
5503, 12, 363, 423, 0, 0, 5.86%, 0, 0, 7, 90.04, 491853, 204, 0, 0
5508, 12, 194, 423, 0, 0, 5.86%, 0, 0, 7, 89.52, 492308, 204, 0, 0
5513, 12, 238, 423, 0, 0, 5.86%, 0, 0, 7, 89.56, 492762, 204, 0, 0
5518, 12, 357, 423, 0, 0, 5.86%, 0, 0, 7, 89.23, 493213, 204, 0, 0
5524, 12, 195, 423, 0, 0, 5.86%, 0, 0, 7, 89.76, 493675, 204, 0, 0
5529, 12, 220, 423, 0, 0, 5.86%, 0, 0, 7, 89.47, 494129, 204, 0, 0
5534, 12, 363, 423, 0, 0, 5.86%, 0, 0, 7, 89.88, 494584, 204, 0, 0
5539, 12, 260, 423, 0, 0, 5.86%, 0, 0, 7, 90.07, 495045, 204, 0, 0
5544, 12, 217, 423, 0, 0, 5.86%, 0, 0, 7, 90.27, 495507, 204, 0, 0
5549, 12, 220, 423, 0, 0, 5.86%, 0, 0, 7, 90.25, 495968, 204, 0, 0
5554, 12, 323, 423, 0, 0, 5.86%, 0, 0, 7, 89.62, 496423, 204, 0, 0
5559, 12, 412, 423, 0, 0, 5.86%, 0, 0, 7, 89.54, 496884, 204, 0, 0
5564, 12, 298, 423, 0, 0, 5.86%, 0, 0, 7, 90.05, 497344, 204, 0, 0
5570, 12, 213, 423, 0, 0, 5.86%, 0, 0, 7, 90.16, 497809, 204, 0, 0
5575, 12, 213, 423, 0, 0, 5.86%, 0, 0, 7, 90.33, 498274, 204, 0, 0
5580, 12, 303, 423, 0, 0, 5.86%, 0, 0, 7, 90.60, 498742, 204, 0, 0
5585, 12, 383, 423, 0, 0, 5.86%, 0, 0, 7, 90.00, 499205, 204, 0, 0
5590, 12, 195, 423, 0, 0, 5.86%, 0, 0, 7, 89.32, 499656, 204, 0, 0
5595, 12, 224, 423, 0, 0, 5.86%, 0, 0, 7, 89.67, 500112, 204, 0, 0
5600, 12, 195, 423, 0, 0, 5.86%, 0, 0, 7, 89.66, 500568, 204, 0, 0
5605, 12, 298, 423, 0, 0, 5.86%, 0, 0, 7, 89.98, 501027, 204, 0, 0
5610, 13, 220, 423, 0, 0, 5.86%, 0, 0, 7, 89.91, 501488, 204, 0, 0
5616, 13, 238, 423, 0, 0, 5.86%, 0, 0, 7, 90.03, 501948, 204, 0, 0
5621, 13, 213, 423, 0, 0, 5.86%, 0, 0, 7, 89.85, 502405, 204, 0, 0
5626, 13, 194, 423, 0, 0, 5.86%, 0, 0, 7, 89.53, 502863, 204, 0, 0
5631, 13, 298, 423, 0, 0, 5.86%, 0, 0, 7, 89.57, 503316, 204, 0, 0
5636, 13, 194, 423, 0, 0, 5.86%, 0, 0, 7, 89.91, 503774, 204, 0, 0
5641, 13, 225, 423, 0, 0, 5.86%, 0, 0, 7, 89.74, 504227, 204, 0, 0
5646, 13, 220, 423, 0, 0, 5.86%, 0, 0, 7, 89.71, 504684, 204, 0, 0
5651, 13, 412, 423, 0, 0, 5.86%, 0, 0, 7, 89.46, 505137, 204, 0, 0
5656, 13, 298, 423, 0, 0, 5.86%, 0, 0, 7, 89.31, 505589, 204, 0, 0
5661, 13, 343, 423, 0, 0, 5.86%, 0, 0, 7, 89.14, 506045, 204, 0, 0
5666, 13, 272, 423, 0, 0, 5.86%, 0, 0, 7, 88.88, 506497, 204, 0, 0
5671, 13, 279, 423, 0, 0, 5.86%, 0, 0, 7, 89.57, 506955, 204, 0, 0
5677, 13, 298, 423, 0, 0, 5.86%, 0, 0, 7, 89.60, 507409, 204, 0, 0
5682, 13, 322, 423, 0, 0, 5.86%, 0, 0, 7, 90.19, 507873, 204, 0, 0
5687, 13, 195, 423, 0, 0, 5.86%, 0, 0, 7, 89.96, 508333, 204, 0, 0
5692, 13, 217, 423, 0, 0, 5.86%, 0, 0, 7, 89.46, 508787, 204, 0, 0
5697, 13, 197, 423, 0, 0, 5.86%, 0, 0, 7, 90.11, 509250, 204, 0, 0
5702, 13, 420, 423, 0, 0, 5.86%, 0, 0, 7, 89.35, 509703, 204, 0, 0
5707, 13, 357, 423, 0, 0, 5.86%, 0, 0, 7, 89.43, 510156, 204, 0, 0
5712, 13, 363, 423, 0, 0, 5.86%, 0, 0, 7, 88.98, 510612, 204, 0, 0
5717, 13, 357, 423, 0, 0, 5.86%, 0, 0, 7, 89.19, 511062, 204, 0, 0
5722, 13, 420, 423, 0, 0, 5.86%, 0, 0, 7, 89.64, 511519, 204, 0, 0
5728, 13, 224, 423, 0, 0, 5.86%, 0, 0, 7, 89.64, 511974, 204, 0, 0
5733, 13, 194, 423, 0, 0, 5.86%, 0, 0, 7, 89.43, 512425, 204, 0, 0
5738, 13, 212, 423, 0, 0, 5.86%, 0, 0, 7, 89.47, 512877, 204, 0, 0
5743, 13, 197, 423, 0, 0, 5.86%, 0, 0, 7, 89.66, 513328, 204, 0, 0
5748, 13, 223, 423, 0, 0, 5.86%, 0, 0, 7, 89.88, 513784, 204, 0, 0
5753, 13, 194, 423, 0, 0, 5.86%, 0, 0, 7, 89.23, 514236, 204, 0, 0
5758, 13, 219, 423, 0, 0, 5.86%, 0, 0, 7, 89.23, 514686, 204, 0, 0
5763, 13, 211, 423, 0, 0, 5.86%, 0, 0, 7, 89.27, 515143, 204, 0, 0
5768, 13, 246, 423, 0, 0, 5.86%, 0, 0, 7, 89.43, 515597, 204, 0, 0
5773, 13, 412, 423, 0, 0, 5.86%, 0, 0, 7, 89.43, 516056, 204, 0, 0
5778, 13, 213, 423, 0, 0, 5.86%, 0, 0, 7, 89.73, 516512, 204, 0, 0
5783, 13, 224, 423, 0, 0, 5.86%, 0, 0, 7, 89.85, 516969, 204, 0, 0
5788, 13, 213, 423, 0, 0, 5.86%, 0, 0, 7, 90.04, 517432, 204, 0, 0
5794, 13, 195, 423, 0, 0, 5.86%, 0, 0, 7, 89.94, 517891, 204, 0, 0
5799, 13, 194, 423, 0, 0, 5.86%, 0, 0, 7, 89.74, 518348, 204, 0, 0
5804, 13, 195, 423, 0, 0, 5.86%, 0, 0, 7, 89.76, 518801, 204, 0, 0
5809, 13, 224, 423, 0, 0, 5.86%, 0, 0, 7, 89.85, 519256, 204, 0, 0
5814, 13, 220, 423, 0, 0, 5.86%, 0, 0, 7, 89.35, 519707, 204, 0, 0
5819, 13, 186, 423, 0, 0, 5.86%, 0, 0, 7, 89.17, 520159, 204, 0, 0
5824, 13, 343, 423, 0, 0, 5.86%, 0, 0, 7, 90.16, 520629, 204, 0, 0
5829, 13, 357, 423, 0, 0, 5.86%, 0, 0, 7, 89.47, 521081, 204, 0, 0
5834, 13, 298, 423, 0, 0, 5.86%, 0, 0, 7, 89.55, 521534, 204, 0, 0
5839, 13, 357, 423, 0, 0, 5.86%, 0, 0, 7, 89.73, 521991, 204, 0, 0
5844, 13, 234, 423, 0, 0, 5.86%, 0, 0, 7, 89.04, 522446, 204, 0, 0
5849, 13, 197, 423, 0, 0, 5.86%, 0, 0, 7, 89.37, 522902, 204, 0, 0
5855, 13, 224, 423, 0, 0, 5.86%, 0, 0, 7, 89.45, 523354, 204, 0, 0
5860, 13, 298, 423, 0, 0, 5.86%, 0, 0, 7, 89.21, 523807, 204, 0, 0
5865, 13, 218, 423, 0, 0, 5.86%, 0, 0, 7, 89.98, 524269, 204, 0, 0
5870, 13, 210, 423, 0, 0, 5.86%, 0, 0, 7, 89.70, 524723, 204, 0, 0
5875, 13, 279, 423, 0, 0, 5.86%, 0, 0, 7, 90.20, 525188, 204, 0, 0
5880, 13, 195, 423, 0, 0, 5.86%, 0, 0, 7, 89.76, 525640, 204, 0, 0
5885, 13, 220, 423, 0, 0, 5.86%, 0, 0, 7, 89.72, 526093, 204, 0, 0
5890, 13, 290, 423, 0, 0, 5.86%, 0, 0, 7, 89.77, 526553, 204, 0, 0
5895, 13, 213, 423, 0, 0, 5.86%, 0, 0, 7, 89.50, 527010, 204, 0, 0
5900, 13, 194, 423, 0, 0, 5.86%, 0, 0, 7, 89.56, 527464, 204, 0, 0
5905, 13, 240, 423, 0, 0, 5.86%, 0, 0, 7, 89.57, 527922, 204, 0, 0
5911, 13, 392, 423, 0, 0, 5.86%, 0, 0, 7, 89.30, 528375, 204, 0, 0
5916, 13, 345, 423, 0, 0, 5.86%, 0, 0, 7, 90.00, 528834, 204, 0, 0
5921, 13, 344, 423, 0, 0, 5.86%, 0, 0, 7, 89.94, 529293, 204, 0, 0
5926, 13, 194, 423, 0, 0, 5.86%, 0, 0, 7, 89.99, 529754, 204, 0, 0
5931, 13, 298, 423, 0, 0, 5.86%, 0, 0, 7, 89.78, 530206, 204, 0, 0
5936, 13, 412, 423, 0, 0, 5.86%, 0, 0, 7, 89.55, 530659, 204, 0, 0
5941, 14, 357, 423, 0, 0, 5.86%, 0, 0, 7, 89.30, 531109, 204, 0, 0
5946, 14, 320, 423, 0, 0, 5.86%, 0, 0, 7, 89.56, 531562, 204, 0, 0
5951, 14, 211, 423, 0, 0, 5.86%, 0, 0, 7, 89.98, 532021, 204, 0, 0
5956, 14, 242, 423, 0, 0, 5.86%, 0, 0, 7, 90.29, 532484, 204, 0, 0
5961, 14, 240, 423, 0, 0, 5.86%, 0, 0, 7, 90.29, 532946, 204, 0, 0
5967, 14, 224, 423, 0, 0, 5.86%, 0, 0, 7, 89.29, 533401, 204, 0, 0
5972, 14, 396, 423, 0, 0, 5.86%, 0, 0, 7, 89.84, 533857, 204, 0, 0
5977, 14, 357, 423, 0, 0, 5.86%, 0, 0, 7, 90.26, 534320, 204, 0, 0
5982, 14, 186, 423, 0, 0, 5.86%, 0, 0, 7, 90.05, 534782, 204, 0, 0
5987, 14, 194, 423, 0, 0, 5.86%, 0, 0, 7, 89.75, 535235, 204, 0, 0
5992, 14, 197, 423, 0, 0, 5.86%, 0, 0, 7, 89.85, 535689, 204, 0, 0
5997, 14, 211, 423, 0, 0, 5.86%, 0, 0, 7, 89.97, 536146, 204, 0, 0
6002, 14, 194, 423, 0, 0, 5.86%, 0, 0, 7, 89.56, 536596, 204, 0, 0
6007, 14, 186, 423, 0, 0, 5.86%, 0, 0, 7, 89.66, 537052, 204, 0, 0
6012, 14, 186, 423, 0, 0, 5.86%, 0, 0, 7, 89.71, 537504, 204, 0, 0
6017, 14, 224, 423, 0, 0, 5.86%, 0, 0, 7, 89.44, 537956, 204, 0, 0
6022, 14, 411, 423, 0, 0, 5.86%, 0, 0, 7, 88.79, 538407, 204, 0, 0
6027, 14, 238, 423, 0, 0, 5.86%, 0, 0, 7, 89.06, 538856, 204, 0, 0
6033, 14, 194, 423, 0, 0, 5.86%, 0, 0, 7, 89.49, 539309, 204, 0, 0
6039, 14, 424, 426, 3, 0, 5.86%, 0, 0, 7, 89.40, 539909, 204, 0, 0
6044, 14, 213, 426, 2, 0, 5.86%, 0, 0, 7, 89.79, 540372, 204, 0, 0
6049, 14, 186, 426, 2, 0, 5.86%, 0, 0, 7, 89.19, 540828, 204, 0, 0
6055, 14, 220, 426, 2, 0, 5.86%, 0, 0, 7, 88.99, 541278, 204, 0, 0
6060, 14, 231, 426, 2, 0, 5.86%, 0, 0, 7, 89.70, 541739, 204, 0, 0
6065, 14, 423, 426, 2, 0, 5.86%, 0, 0, 7, 90.42, 542194, 204, 0, 0
6070, 14, 325, 426, 1, 0, 5.86%, 0, 0, 7, 89.69, 542648, 204, 0, 0
6075, 14, 194, 426, 1, 0, 5.86%, 0, 0, 7, 89.63, 543102, 204, 0, 0
6080, 14, 298, 426, 1, 0, 5.86%, 0, 0, 7, 89.83, 543560, 204, 0, 0
6086, 14, 425, 426, 1, 0, 5.86%, 0, 0, 7, 89.82, 544073, 204, 0, 0
6091, 14, 357, 427, 1, 0, 5.86%, 0, 0, 7, 90.01, 544541, 204, 0, 0
6096, 14, 186, 427, 1, 0, 5.86%, 0, 0, 7, 89.67, 544993, 204, 0, 0
6101, 14, 203, 427, 1, 0, 5.86%, 0, 0, 7, 89.40, 545444, 204, 0, 0
6106, 14, 219, 427, 1, 0, 5.86%, 0, 0, 7, 89.23, 545894, 204, 0, 0
6111, 14, 279, 427, 1, 0, 5.86%, 0, 0, 7, 89.61, 546349, 204, 0, 0
6116, 14, 426, 427, 1, 0, 5.86%, 0, 0, 7, 88.89, 546805, 204, 0, 0
6121, 14, 424, 427, 0, 0, 5.86%, 0, 0, 7, 90.47, 547270, 204, 0, 0
6126, 14, 0, 427, 0, 0, 5.86%, 0, 0, 7, 90.54, 547739, 204, 0, 0
6132, 14, 348, 427, 0, 0, 5.86%, 0, 0, 7, 90.41, 548207, 204, 0, 0
6137, 14, 357, 427, 0, 0, 5.86%, 0, 0, 7, 89.96, 548665, 204, 0, 0
6142, 14, 261, 427, 0, 0, 5.86%, 0, 0, 7, 90.04, 549126, 204, 0, 0
6147, 14, 424, 428, 1, 0, 5.86%, 0, 0, 7, 90.79, 549599, 204, 0, 0
6152, 14, 195, 428, 1, 0, 5.86%, 0, 0, 7, 90.32, 550066, 204, 0, 0
6157, 14, 240, 428, 1, 0, 5.86%, 0, 0, 7, 90.10, 550524, 204, 0, 0
6162, 14, 186, 428, 1, 0, 5.86%, 0, 0, 7, 89.57, 550975, 204, 0, 0
6167, 14, 427, 428, 1, 0, 5.86%, 0, 0, 7, 89.38, 551429, 204, 0, 0
6173, 14, 238, 428, 0, 0, 5.86%, 0, 0, 7, 89.60, 551888, 204, 0, 0
6178, 14, 224, 428, 0, 0, 5.86%, 0, 0, 7, 89.45, 552341, 204, 0, 0
6183, 14, 197, 428, 0, 0, 5.86%, 0, 0, 7, 89.60, 552793, 204, 0, 0
6188, 14, 213, 428, 0, 0, 5.86%, 0, 0, 7, 89.82, 553249, 204, 0, 0
6193, 14, 265, 428, 0, 0, 5.86%, 0, 0, 7, 89.65, 553705, 204, 0, 0
6198, 14, 240, 428, 0, 0, 5.86%, 0, 0, 7, 90.38, 554174, 204, 0, 0
6203, 14, 217, 428, 0, 0, 5.86%, 0, 0, 7, 90.10, 554635, 204, 0, 0
6208, 14, 211, 428, 0, 0, 5.86%, 0, 0, 7, 90.03, 555095, 204, 0, 0
6213, 14, 219, 428, 0, 0, 5.86%, 0, 0, 7, 89.54, 555549, 204, 0, 0
6218, 14, 204, 428, 0, 0, 5.86%, 0, 0, 7, 89.49, 556002, 204, 0, 0
6223, 14, 238, 428, 0, 0, 5.86%, 0, 0, 7, 89.85, 556462, 204, 0, 0
6229, 14, 195, 428, 0, 0, 5.86%, 0, 0, 7, 89.91, 556919, 204, 0, 0
6234, 14, 240, 428, 0, 0, 5.86%, 0, 0, 7, 89.58, 557372, 204, 0, 0
6239, 14, 240, 428, 0, 0, 5.86%, 0, 0, 7, 90.03, 557831, 204, 0, 0
6244, 14, 195, 428, 0, 0, 5.86%, 0, 0, 7, 89.80, 558287, 204, 0, 0
6249, 14, 186, 428, 0, 0, 5.86%, 0, 0, 7, 89.99, 558746, 204, 0, 0
6254, 14, 279, 429, 1, 0, 5.86%, 0, 0, 7, 89.27, 559199, 204, 0, 0
6259, 14, 384, 429, 1, 0, 5.86%, 0, 0, 7, 88.85, 559653, 204, 0, 0
6264, 14, 195, 429, 1, 0, 5.86%, 0, 0, 7, 89.73, 560110, 204, 0, 0
6269, 14, 220, 429, 1, 0, 5.86%, 0, 0, 7, 89.54, 560563, 204, 0, 0
6274, 14, 279, 429, 1, 0, 5.86%, 0, 0, 7, 89.50, 561016, 204, 0, 0
6279, 15, 225, 429, 1, 0, 5.86%, 0, 0, 7, 89.23, 561476, 204, 0, 0
6285, 15, 271, 429, 1, 0, 5.86%, 0, 0, 7, 89.42, 561930, 204, 0, 0
6290, 15, 326, 429, 1, 0, 5.86%, 0, 0, 7, 88.50, 562380, 204, 0, 0
6295, 15, 197, 429, 1, 0, 5.86%, 0, 0, 7, 89.66, 562836, 204, 0, 0
6300, 15, 428, 429, 1, 0, 5.86%, 0, 0, 7, 89.78, 563299, 204, 0, 0
6305, 15, 194, 429, 0, 0, 5.86%, 0, 0, 7, 89.69, 563755, 204, 0, 0
6310, 15, 240, 429, 0, 0, 5.86%, 0, 0, 7, 89.68, 564209, 204, 0, 0
6315, 15, 195, 429, 0, 0, 5.86%, 0, 0, 7, 89.49, 564661, 204, 0, 0
6320, 15, 195, 429, 0, 0, 5.86%, 0, 0, 7, 89.24, 565111, 204, 0, 0
6325, 15, 428, 429, 0, 0, 5.86%, 0, 0, 7, 88.30, 565564, 204, 0, 0
6330, 15, 428, 430, 1, 0, 5.86%, 0, 0, 7, 87.20, 566010, 204, 0, 0
6336, 15, 428, 430, 1, 0, 5.86%, 0, 0, 7, 87.43, 566459, 204, 0, 0
6341, 15, 203, 430, 1, 0, 5.86%, 0, 0, 7, 88.34, 566910, 204, 0, 0
6346, 15, 342, 430, 1, 0, 5.86%, 0, 0, 7, 89.35, 567367, 204, 0, 0
6351, 15, 412, 430, 1, 0, 5.86%, 0, 0, 7, 89.01, 567818, 204, 0, 0
6356, 15, 357, 430, 1, 0, 5.86%, 0, 0, 7, 89.33, 568271, 204, 0, 0
6361, 15, 240, 430, 1, 0, 5.86%, 0, 0, 7, 90.01, 568732, 204, 0, 0
6366, 15, 429, 430, 1, 0, 5.86%, 0, 0, 7, 89.68, 569187, 204, 0, 0
6371, 15, 219, 430, 0, 0, 5.86%, 0, 0, 7, 88.59, 569638, 204, 0, 0
6376, 15, 308, 430, 0, 0, 5.86%, 0, 0, 7, 88.98, 570087, 204, 0, 0
6381, 15, 240, 430, 0, 0, 5.86%, 0, 0, 7, 88.94, 570538, 204, 0, 0
6386, 15, 298, 430, 0, 0, 5.86%, 0, 0, 7, 88.89, 570992, 204, 0, 0
6391, 15, 0, 430, 0, 0, 5.86%, 0, 0, 7, 88.89, 571442, 204, 0, 0
6397, 15, 298, 430, 0, 0, 5.86%, 0, 0, 7, 89.25, 571896, 204, 0, 0
6402, 15, 204, 430, 0, 0, 5.86%, 0, 0, 7, 89.12, 572350, 204, 0, 0
6407, 15, 225, 430, 0, 0, 5.86%, 0, 0, 7, 89.63, 572807, 204, 0, 0
6412, 15, 277, 430, 0, 0, 5.86%, 0, 0, 7, 89.04, 573261, 204, 0, 0
6417, 15, 194, 430, 0, 0, 5.86%, 0, 0, 7, 89.45, 573714, 204, 0, 0
6422, 15, 194, 430, 0, 0, 5.86%, 0, 0, 7, 89.51, 574167, 204, 0, 0
6427, 15, 194, 430, 0, 0, 5.86%, 0, 0, 7, 89.83, 574623, 204, 0, 0
6432, 15, 195, 430, 0, 0, 5.86%, 0, 0, 7, 89.73, 575076, 204, 0, 0
6437, 15, 369, 430, 0, 0, 5.86%, 0, 0, 7, 88.61, 575526, 204, 0, 0
6442, 15, 298, 430, 0, 0, 5.86%, 0, 0, 7, 89.46, 575985, 204, 0, 0
6447, 15, 411, 430, 0, 0, 5.86%, 0, 0, 7, 89.32, 576442, 204, 0, 0
6452, 15, 240, 430, 0, 0, 5.86%, 0, 0, 7, 89.05, 576890, 204, 0, 0
6458, 15, 194, 430, 0, 0, 5.86%, 0, 0, 7, 89.39, 577346, 204, 0, 0
6463, 15, 240, 430, 0, 0, 5.86%, 0, 0, 7, 89.91, 577804, 204, 0, 0
6468, 15, 240, 430, 0, 0, 5.86%, 0, 0, 7, 89.89, 578264, 204, 0, 0
6473, 15, 230, 430, 0, 0, 5.86%, 0, 0, 7, 90.14, 578726, 204, 0, 0
6478, 15, 194, 430, 0, 0, 5.86%, 0, 0, 7, 89.69, 579181, 204, 0, 0
6483, 15, 377, 430, 0, 0, 5.86%, 0, 0, 7, 89.45, 579631, 204, 0, 0
6488, 15, 194, 430, 0, 0, 5.86%, 0, 0, 7, 89.80, 580087, 204, 0, 0
6490, 15, 224, 430, 0, 0, 5.86%, 0, 0, 7, 89.08, 580262, 204, 0, 0
