# relative_time, cycles_done, cur_item, corpus_count, pending_total, pending_favs, map_size, saved_crashes, saved_hangs, max_depth, execs_per_sec, total_execs, edges_found, total_crashes, servers_count
62, 0, 1, 208, 199, 50, 24.66%, 0, 0, 2, 30.13, 2860, 898, 0, 0
67, 0, 1, 215, 206, 50, 24.66%, 0, 0, 2, 31.47, 3014, 898, 0, 0
72, 0, 1, 220, 211, 50, 24.66%, 0, 0, 2, 29.33, 3164, 898, 0, 0
78, 0, 1, 225, 216, 50, 24.66%, 0, 0, 2, 27.32, 3307, 898, 0, 0
83, 0, 1, 229, 220, 50, 24.66%, 0, 0, 2, 26.49, 3438, 898, 0, 0
88, 0, 1, 236, 227, 50, 24.66%, 0, 0, 2, 25.82, 3564, 898, 0, 0
93, 0, 1, 239, 230, 50, 24.66%, 0, 0, 2, 28.32, 3717, 898, 0, 0
98, 0, 1, 243, 234, 50, 24.72%, 0, 0, 2, 28.07, 3859, 900, 0, 0
103, 0, 1, 246, 237, 50, 24.75%, 0, 0, 2, 28.77, 4000, 901, 0, 0
108, 0, 1, 251, 242, 50, 24.75%, 0, 0, 2, 30.77, 4155, 901, 0, 0
114, 0, 1, 254, 245, 50, 24.75%, 0, 0, 2, 28.57, 4294, 901, 0, 0
119, 0, 1, 257, 248, 50, 24.75%, 0, 0, 2, 25.90, 4415, 901, 0, 0
124, 0, 1, 262, 253, 50, 24.75%, 0, 0, 2, 26.81, 4551, 901, 0, 0
129, 0, 1, 264, 255, 50, 24.75%, 0, 0, 2, 29.61, 4695, 901, 0, 0
134, 0, 1, 267, 258, 50, 24.75%, 0, 0, 2, 27.47, 4819, 901, 0, 0
139, 0, 1, 270, 261, 50, 24.75%, 0, 0, 2, 28.59, 4963, 901, 0, 0
144, 0, 1, 273, 264, 50, 24.75%, 0, 0, 2, 29.95, 5122, 901, 0, 0
149, 0, 1, 274, 265, 50, 24.75%, 0, 0, 2, 28.47, 5256, 901, 0, 0
154, 0, 1, 275, 266, 50, 24.75%, 0, 0, 2, 28.01, 5381, 901, 0, 0
160, 0, 1, 277, 268, 50, 24.75%, 0, 0, 2, 27.10, 5515, 901, 0, 0
165, 0, 122, 279, 267, 61, 24.75%, 0, 0, 3, 32.15, 5691, 901, 0, 0
170, 0, 122, 282, 270, 61, 24.75%, 0, 0, 3, 26.99, 5783, 901, 0, 0
175, 0, 122, 286, 274, 61, 24.75%, 0, 0, 3, 25.24, 5892, 901, 0, 0
180, 0, 122, 291, 279, 61, 24.75%, 0, 0, 3, 24.72, 6010, 901, 0, 0
185, 0, 122, 294, 282, 61, 24.77%, 0, 0, 3, 25.13, 6140, 902, 0, 0
190, 0, 122, 297, 285, 61, 24.77%, 0, 0, 3, 25.34, 6255, 902, 0, 0
195, 0, 122, 300, 288, 61, 24.91%, 0, 0, 3, 25.59, 6388, 907, 0, 0
201, 0, 122, 303, 291, 61, 24.91%, 0, 0, 3, 25.60, 6514, 907, 0, 0
206, 0, 122, 305, 293, 61, 24.91%, 0, 0, 3, 26.56, 6648, 907, 0, 0
211, 0, 122, 306, 294, 61, 24.91%, 0, 0, 3, 26.46, 6776, 907, 0, 0
216, 0, 122, 308, 296, 61, 24.91%, 0, 0, 3, 25.90, 6897, 907, 0, 0
222, 0, 122, 311, 299, 61, 24.91%, 0, 0, 3, 25.18, 7028, 907, 0, 0
227, 0, 122, 311, 299, 61, 24.91%, 0, 0, 3, 23.97, 7143, 907, 0, 0
232, 0, 122, 311, 299, 61, 24.91%, 0, 0, 3, 25.62, 7277, 907, 0, 0
237, 0, 122, 313, 301, 61, 24.91%, 0, 0, 3, 27.44, 7397, 907, 0, 0
242, 0, 122, 314, 302, 61, 24.91%, 0, 0, 3, 24.68, 7519, 907, 0, 0
247, 0, 122, 316, 304, 61, 24.91%, 0, 0, 3, 24.24, 7626, 907, 0, 0
252, 0, 122, 316, 304, 61, 24.91%, 0, 0, 3, 24.93, 7753, 907, 0, 0
258, 0, 122, 319, 307, 61, 24.91%, 0, 0, 3, 24.03, 7873, 907, 0, 0
263, 0, 122, 321, 309, 61, 24.91%, 0, 0, 3, 23.91, 7995, 907, 0, 0
268, 0, 122, 322, 310, 61, 24.91%, 0, 0, 3, 25.50, 8126, 907, 0, 0
273, 0, 122, 322, 310, 61, 24.91%, 0, 0, 3, 26.24, 8263, 907, 0, 0
278, 0, 122, 323, 311, 61, 24.91%, 0, 0, 3, 27.58, 8409, 907, 0, 0
283, 0, 122, 324, 312, 61, 24.91%, 0, 0, 3, 25.81, 8532, 907, 0, 0
289, 0, 122, 324, 312, 61, 24.91%, 0, 0, 3, 24.51, 8654, 907, 0, 0
294, 0, 6, 326, 313, 63, 24.91%, 0, 0, 3, 24.76, 8806, 907, 0, 0
299, 0, 6, 329, 316, 63, 24.99%, 0, 0, 3, 33.69, 8992, 910, 0, 0
305, 0, 6, 329, 316, 63, 24.99%, 0, 0, 3, 36.41, 9184, 910, 0, 0
310, 0, 6, 329, 316, 63, 24.99%, 0, 0, 3, 16.82, 9254, 910, 0, 0
315, 0, 6, 329, 316, 63, 24.99%, 0, 0, 3, 11.16, 9304, 910, 0, 0
320, 0, 6, 329, 316, 63, 24.99%, 0, 0, 3, 10.30, 9355, 910, 0, 0
325, 0, 6, 329, 316, 63, 24.99%, 0, 0, 3, 16.30, 9450, 910, 0, 0
330, 0, 9, 330, 316, 65, 25.02%, 0, 0, 3, 19.37, 9573, 911, 0, 0
335, 0, 232, 330, 314, 64, 25.02%, 0, 0, 3, 26.38, 9730, 911, 0, 0
340, 0, 63, 331, 314, 63, 25.02%, 0, 0, 3, 25.03, 9861, 911, 0, 0
345, 0, 59, 332, 314, 62, 25.02%, 0, 0, 3, 22.33, 9974, 911, 0, 0
352, 0, 327, 332, 312, 60, 25.02%, 0, 0, 3, 26.13, 10155, 911, 0, 0
358, 0, 12, 334, 313, 60, 25.05%, 0, 0, 3, 13.60, 10323, 912, 0, 0
363, 0, 29, 336, 314, 59, 25.05%, 0, 0, 3, 18.68, 10433, 912, 0, 0
368, 0, 16, 340, 317, 59, 25.16%, 0, 0, 3, 22.88, 10575, 916, 0, 0
374, 0, 339, 340, 315, 60, 25.16%, 0, 0, 3, 24.53, 10719, 916, 0, 0
379, 0, 339, 340, 315, 60, 25.16%, 0, 0, 3, 16.58, 10792, 916, 0, 0
385, 0, 339, 342, 317, 60, 25.16%, 0, 0, 3, 14.94, 10888, 916, 0, 0
390, 0, 339, 342, 317, 60, 25.16%, 0, 0, 3, 12.07, 10943, 916, 0, 0
396, 0, 339, 343, 318, 60, 25.16%, 0, 0, 3, 12.54, 11010, 916, 0, 0
401, 0, 339, 343, 318, 60, 25.16%, 0, 0, 3, 12.81, 11075, 916, 0, 0
406, 0, 339, 344, 319, 60, 25.16%, 0, 0, 3, 12.79, 11140, 916, 0, 0
411, 0, 339, 344, 319, 60, 25.16%, 0, 0, 3, 12.97, 11206, 916, 0, 0
416, 0, 339, 345, 320, 60, 25.16%, 0, 0, 3, 13.11, 11273, 916, 0, 0
421, 0, 339, 345, 320, 60, 25.16%, 0, 0, 3, 13.34, 11340, 916, 0, 0
426, 0, 339, 345, 320, 60, 25.16%, 0, 0, 3, 13.36, 11409, 916, 0, 0
431, 0, 339, 346, 321, 60, 25.16%, 0, 0, 3, 13.08, 11474, 916, 0, 0
437, 0, 339, 346, 321, 60, 25.16%, 0, 0, 3, 15.41, 11539, 916, 0, 0
442, 0, 339, 347, 322, 60, 25.16%, 0, 0, 3, 14.69, 11618, 916, 0, 0
447, 0, 339, 350, 325, 60, 25.16%, 0, 0, 3, 14.84, 11695, 916, 0, 0
452, 0, 339, 351, 326, 60, 25.16%, 0, 0, 3, 14.90, 11774, 916, 0, 0
457, 0, 339, 352, 327, 60, 25.16%, 0, 0, 3, 13.82, 11843, 916, 0, 0
463, 0, 339, 353, 328, 60, 25.16%, 0, 0, 3, 13.20, 11909, 916, 0, 0
468, 0, 339, 354, 329, 60, 25.16%, 0, 0, 3, 14.13, 11986, 916, 0, 0
473, 0, 339, 355, 330, 60, 25.16%, 0, 0, 3, 13.23, 12049, 916, 0, 0
478, 0, 339, 356, 331, 60, 25.16%, 0, 0, 3, 13.54, 12119, 916, 0, 0
483, 0, 339, 356, 331, 60, 25.16%, 0, 0, 3, 12.66, 12182, 916, 0, 0
488, 0, 339, 356, 331, 60, 25.16%, 0, 0, 3, 13.57, 12254, 916, 0, 0
493, 0, 339, 356, 331, 60, 25.16%, 0, 0, 3, 13.76, 12323, 916, 0, 0
498, 0, 339, 356, 331, 60, 25.16%, 0, 0, 3, 13.72, 12392, 916, 0, 0
503, 0, 339, 356, 331, 60, 25.16%, 0, 0, 3, 12.61, 12456, 916, 0, 0
509, 0, 339, 356, 331, 60, 25.16%, 0, 0, 3, 12.34, 12519, 916, 0, 0
514, 0, 339, 356, 331, 60, 25.16%, 0, 0, 3, 12.26, 12582, 916, 0, 0
519, 0, 339, 357, 332, 60, 25.16%, 0, 0, 3, 11.29, 12641, 916, 0, 0
524, 0, 339, 357, 332, 60, 25.16%, 0, 0, 3, 10.76, 12696, 916, 0, 0
529, 0, 339, 357, 332, 60, 25.16%, 0, 0, 3, 10.91, 12751, 916, 0, 0
535, 0, 339, 357, 332, 60, 25.16%, 0, 0, 3, 10.82, 12807, 916, 0, 0
540, 0, 339, 357, 332, 60, 25.16%, 0, 0, 3, 10.63, 12860, 916, 0, 0
545, 0, 339, 357, 332, 60, 25.16%, 0, 0, 3, 12.33, 12923, 916, 0, 0
550, 0, 339, 358, 333, 60, 25.16%, 0, 0, 3, 12.37, 12988, 916, 0, 0
555, 0, 339, 359, 334, 60, 25.16%, 0, 0, 3, 12.10, 13049, 916, 0, 0
560, 0, 339, 359, 334, 60, 25.16%, 0, 0, 3, 12.40, 13114, 916, 0, 0
565, 0, 339, 360, 335, 60, 25.16%, 0, 0, 3, 12.28, 13174, 916, 0, 0
570, 0, 339, 360, 335, 60, 25.16%, 0, 0, 3, 13.45, 13241, 916, 0, 0
575, 0, 339, 360, 335, 60, 25.16%, 0, 0, 3, 12.29, 13304, 916, 0, 0
581, 0, 339, 360, 335, 60, 25.16%, 0, 0, 3, 13.22, 13372, 916, 0, 0
586, 0, 339, 360, 335, 60, 25.16%, 0, 0, 3, 12.90, 13439, 916, 0, 0
591, 0, 339, 360, 335, 60, 25.16%, 0, 0, 3, 13.45, 13506, 916, 0, 0
596, 0, 339, 360, 335, 60, 25.16%, 0, 0, 3, 12.96, 13573, 916, 0, 0
601, 0, 339, 360, 335, 60, 25.16%, 0, 0, 3, 13.35, 13639, 916, 0, 0
606, 0, 339, 360, 335, 60, 25.16%, 0, 0, 3, 12.91, 13706, 916, 0, 0
611, 0, 339, 360, 335, 60, 25.16%, 0, 0, 3, 12.07, 13768, 916, 0, 0
616, 0, 339, 360, 335, 60, 25.16%, 0, 0, 3, 10.69, 13822, 916, 0, 0
621, 0, 339, 360, 335, 60, 25.16%, 0, 0, 3, 10.21, 13873, 916, 0, 0
627, 0, 339, 360, 335, 60, 25.16%, 0, 0, 3, 12.28, 13934, 916, 0, 0
632, 0, 339, 360, 335, 60, 25.16%, 0, 0, 3, 13.86, 14006, 916, 0, 0
637, 0, 339, 360, 335, 60, 25.16%, 0, 0, 3, 14.15, 14078, 916, 0, 0
642, 0, 339, 360, 335, 60, 25.16%, 0, 0, 3, 14.14, 14150, 916, 0, 0
647, 0, 339, 360, 335, 60, 25.16%, 0, 0, 3, 14.13, 14222, 916, 0, 0
652, 0, 339, 360, 335, 60, 25.16%, 0, 0, 3, 14.24, 14294, 916, 0, 0
657, 0, 339, 360, 335, 60, 25.16%, 0, 0, 3, 14.20, 14366, 916, 0, 0
662, 0, 339, 360, 335, 60, 25.16%, 0, 0, 3, 14.43, 14441, 916, 0, 0
667, 0, 339, 360, 335, 60, 25.16%, 0, 0, 3, 14.53, 14516, 916, 0, 0
672, 0, 339, 360, 335, 60, 25.16%, 0, 0, 3, 14.41, 14588, 916, 0, 0
677, 0, 339, 360, 335, 60, 25.16%, 0, 0, 3, 14.53, 14665, 916, 0, 0
683, 0, 339, 360, 335, 60, 25.16%, 0, 0, 3, 15.21, 14746, 916, 0, 0
688, 0, 339, 360, 335, 60, 25.16%, 0, 0, 3, 15.56, 14825, 916, 0, 0
693, 0, 339, 360, 335, 60, 25.16%, 0, 0, 3, 14.58, 14900, 916, 0, 0
698, 0, 339, 361, 336, 60, 25.16%, 0, 0, 3, 11.96, 14964, 916, 0, 0
704, 0, 339, 362, 337, 60, 25.16%, 0, 0, 3, 10.70, 15020, 916, 0, 0
709, 0, 339, 362, 337, 60, 25.16%, 0, 0, 3, 13.31, 15090, 916, 0, 0
714, 0, 339, 362, 337, 60, 25.16%, 0, 0, 3, 13.95, 15162, 916, 0, 0
719, 0, 339, 363, 338, 60, 25.16%, 0, 0, 3, 14.85, 15239, 916, 0, 0
724, 0, 339, 366, 341, 60, 25.16%, 0, 0, 3, 15.56, 15314, 916, 0, 0
730, 0, 339, 367, 342, 60, 25.16%, 0, 0, 3, 13.92, 15393, 916, 0, 0
735, 0, 339, 368, 343, 60, 25.16%, 0, 0, 3, 14.29, 15472, 916, 0, 0
740, 0, 339, 370, 345, 60, 25.16%, 0, 0, 3, 14.28, 15545, 916, 0, 0
746, 0, 339, 372, 347, 60, 25.16%, 0, 0, 3, 14.34, 15622, 916, 0, 0
751, 0, 339, 373, 348, 60, 25.16%, 0, 0, 3, 13.91, 15693, 916, 0, 0
757, 0, 339, 374, 349, 60, 25.16%, 0, 0, 3, 13.60, 15772, 916, 0, 0
762, 0, 339, 374, 349, 60, 25.16%, 0, 0, 3, 14.14, 15844, 916, 0, 0
767, 0, 339, 374, 349, 60, 25.16%, 0, 0, 3, 14.09, 15917, 916, 0, 0
772, 0, 339, 375, 350, 60, 25.16%, 0, 0, 3, 14.03, 15988, 916, 0, 0
778, 0, 339, 375, 350, 60, 25.16%, 0, 0, 3, 14.05, 16058, 916, 0, 0
783, 0, 339, 375, 350, 60, 25.16%, 0, 0, 3, 13.84, 16129, 916, 0, 0
788, 0, 339, 376, 351, 60, 25.16%, 0, 0, 3, 13.96, 16198, 916, 0, 0
793, 0, 339, 376, 351, 60, 25.16%, 0, 0, 3, 13.70, 16265, 916, 0, 0
798, 0, 339, 376, 351, 60, 25.16%, 0, 0, 3, 13.36, 16331, 916, 0, 0
803, 0, 339, 377, 352, 60, 25.16%, 0, 0, 3, 13.82, 16405, 916, 0, 0
809, 0, 339, 379, 354, 60, 25.19%, 0, 0, 3, 13.57, 16476, 917, 0, 0
814, 0, 339, 379, 354, 60, 25.19%, 0, 0, 3, 14.06, 16549, 917, 0, 0
819, 0, 339, 379, 354, 60, 25.19%, 0, 0, 3, 13.48, 16616, 917, 0, 0
825, 0, 339, 380, 355, 60, 25.19%, 0, 0, 3, 13.28, 16692, 917, 0, 0
830, 0, 339, 380, 355, 60, 25.19%, 0, 0, 3, 13.13, 16757, 917, 0, 0
835, 0, 339, 381, 356, 60, 25.19%, 0, 0, 3, 13.04, 16822, 917, 0, 0
840, 0, 339, 381, 356, 60, 25.19%, 0, 0, 3, 13.46, 16889, 917, 0, 0
845, 0, 339, 381, 356, 60, 25.19%, 0, 0, 3, 14.55, 16963, 917, 0, 0
850, 0, 339, 381, 356, 60, 25.19%, 0, 0, 3, 13.88, 17033, 917, 0, 0
855, 0, 339, 381, 356, 60, 25.19%, 0, 0, 3, 13.88, 17103, 917, 0, 0
860, 0, 339, 382, 357, 60, 25.19%, 0, 0, 3, 15.12, 17184, 917, 0, 0
865, 0, 339, 382, 357, 60, 25.19%, 0, 0, 3, 14.51, 17257, 917, 0, 0
870, 0, 339, 383, 358, 60, 25.19%, 0, 0, 3, 14.53, 17332, 917, 0, 0
876, 0, 339, 383, 358, 60, 25.19%, 0, 0, 3, 14.14, 17402, 917, 0, 0
881, 0, 339, 384, 359, 60, 25.19%, 0, 0, 3, 13.76, 17478, 917, 0, 0
886, 0, 339, 384, 359, 60, 25.19%, 0, 0, 3, 13.59, 17546, 917, 0, 0
892, 0, 339, 385, 360, 60, 25.19%, 0, 0, 3, 14.15, 17624, 917, 0, 0
897, 0, 339, 386, 361, 60, 25.19%, 0, 0, 3, 13.84, 17694, 917, 0, 0
902, 0, 339, 387, 362, 60, 25.21%, 0, 0, 3, 13.47, 17763, 918, 0, 0
907, 0, 339, 387, 362, 60, 25.21%, 0, 0, 3, 13.28, 17831, 918, 0, 0
912, 0, 339, 387, 362, 60, 25.21%, 0, 0, 3, 13.22, 17898, 918, 0, 0
917, 0, 339, 387, 362, 60, 25.21%, 0, 0, 3, 13.72, 17967, 918, 0, 0
922, 0, 339, 387, 362, 60, 25.21%, 0, 0, 3, 13.43, 18035, 918, 0, 0
927, 0, 339, 387, 362, 60, 25.21%, 0, 0, 3, 13.71, 18106, 918, 0, 0
933, 0, 339, 388, 363, 60, 25.21%, 0, 0, 3, 14.09, 18180, 918, 0, 0
938, 0, 339, 390, 365, 60, 25.21%, 0, 0, 3, 14.52, 18256, 918, 0, 0
943, 0, 339, 390, 365, 60, 25.21%, 0, 0, 3, 13.65, 18324, 918, 0, 0
948, 0, 339, 391, 366, 60, 25.21%, 0, 0, 3, 13.54, 18391, 918, 0, 0
953, 0, 339, 392, 367, 60, 25.21%, 0, 0, 3, 13.63, 18466, 918, 0, 0
958, 0, 339, 392, 367, 60, 25.21%, 0, 0, 3, 13.35, 18535, 918, 0, 0
963, 0, 339, 392, 367, 60, 25.21%, 0, 0, 3, 13.42, 18602, 918, 0, 0
969, 0, 339, 392, 367, 60, 25.21%, 0, 0, 3, 13.74, 18672, 918, 0, 0
974, 0, 339, 394, 369, 60, 25.21%, 0, 0, 3, 13.29, 18736, 918, 0, 0
979, 0, 339, 395, 370, 60, 25.21%, 0, 0, 3, 13.93, 18805, 918, 0, 0
984, 0, 339, 395, 370, 60, 25.21%, 0, 0, 3, 13.38, 18873, 918, 0, 0
989, 0, 339, 395, 370, 60, 25.21%, 0, 0, 3, 13.31, 18942, 918, 0, 0
994, 0, 339, 395, 370, 60, 25.21%, 0, 0, 3, 14.34, 19017, 918, 0, 0
999, 0, 339, 396, 371, 60, 25.21%, 0, 0, 3, 13.40, 19081, 918, 0, 0
1004, 0, 339, 396, 371, 60, 25.21%, 0, 0, 3, 13.90, 19154, 918, 0, 0
1009, 0, 339, 396, 371, 60, 25.21%, 0, 0, 3, 14.15, 19226, 918, 0, 0
1015, 0, 339, 397, 372, 60, 25.21%, 0, 0, 3, 13.64, 19294, 918, 0, 0
1020, 0, 339, 398, 373, 60, 25.27%, 0, 0, 3, 13.78, 19364, 920, 0, 0
1025, 0, 339, 398, 373, 60, 25.27%, 0, 0, 3, 12.74, 19428, 920, 0, 0
1030, 0, 339, 398, 373, 60, 25.27%, 0, 0, 3, 13.01, 19495, 920, 0, 0
1035, 0, 339, 398, 373, 60, 25.27%, 0, 0, 3, 13.39, 19563, 920, 0, 0
1040, 0, 339, 398, 373, 60, 25.27%, 0, 0, 3, 14.02, 19634, 920, 0, 0
1045, 0, 339, 398, 373, 60, 25.27%, 0, 0, 3, 13.35, 19703, 920, 0, 0
1050, 0, 339, 398, 373, 60, 25.27%, 0, 0, 3, 13.18, 19770, 920, 0, 0
1055, 0, 339, 398, 373, 60, 25.27%, 0, 0, 3, 13.74, 19839, 920, 0, 0
1060, 0, 339, 398, 373, 60, 25.27%, 0, 0, 3, 13.91, 19908, 920, 0, 0
1066, 0, 339, 399, 374, 60, 25.27%, 0, 0, 3, 13.71, 19976, 920, 0, 0
1071, 0, 339, 399, 374, 60, 25.27%, 0, 0, 3, 13.76, 20044, 920, 0, 0
1076, 0, 339, 400, 375, 60, 25.30%, 0, 0, 3, 13.64, 20113, 921, 0, 0
1081, 0, 339, 400, 375, 60, 25.30%, 0, 0, 3, 14.00, 20185, 921, 0, 0
1086, 0, 339, 400, 375, 60, 25.30%, 0, 0, 3, 13.61, 20254, 921, 0, 0
1091, 0, 339, 400, 375, 60, 25.30%, 0, 0, 3, 13.43, 20323, 921, 0, 0
1096, 0, 339, 401, 376, 60, 25.30%, 0, 0, 3, 13.19, 20390, 921, 0, 0
1101, 0, 339, 401, 376, 60, 25.30%, 0, 0, 3, 13.09, 20458, 921, 0, 0
1107, 0, 339, 401, 376, 60, 25.30%, 0, 0, 3, 13.63, 20528, 921, 0, 0
1112, 0, 339, 401, 376, 60, 25.30%, 0, 0, 3, 13.79, 20597, 921, 0, 0
1117, 0, 339, 402, 377, 60, 25.30%, 0, 0, 3, 13.56, 20669, 921, 0, 0
1122, 0, 339, 403, 378, 60, 25.30%, 0, 0, 3, 13.09, 20733, 921, 0, 0
1127, 0, 339, 403, 378, 60, 25.30%, 0, 0, 3, 14.03, 20804, 921, 0, 0
1132, 0, 339, 403, 378, 60, 25.30%, 0, 0, 3, 13.73, 20872, 921, 0, 0
1138, 0, 339, 403, 378, 60, 25.30%, 0, 0, 3, 12.82, 20939, 921, 0, 0
1143, 0, 339, 403, 378, 60, 25.30%, 0, 0, 3, 13.40, 21007, 921, 0, 0
1148, 0, 339, 403, 378, 60, 25.30%, 0, 0, 3, 14.19, 21081, 921, 0, 0
1153, 0, 339, 403, 378, 60, 25.30%, 0, 0, 3, 13.94, 21151, 921, 0, 0
1158, 0, 339, 403, 378, 60, 25.30%, 0, 0, 3, 13.44, 21219, 921, 0, 0
1163, 0, 339, 403, 378, 60, 25.30%, 0, 0, 3, 13.29, 21289, 921, 0, 0
1168, 0, 339, 403, 378, 60, 25.30%, 0, 0, 3, 13.23, 21355, 921, 0, 0
1173, 0, 339, 403, 378, 60, 25.30%, 0, 0, 3, 13.84, 21426, 921, 0, 0
1178, 0, 339, 403, 378, 60, 25.30%, 0, 0, 3, 13.46, 21495, 921, 0, 0
1184, 0, 339, 403, 378, 60, 25.30%, 0, 0, 3, 13.22, 21562, 921, 0, 0
1189, 0, 339, 403, 378, 60, 25.30%, 0, 0, 3, 13.45, 21630, 921, 0, 0
1194, 0, 339, 403, 378, 60, 25.30%, 0, 0, 3, 13.38, 21696, 921, 0, 0
1199, 0, 339, 404, 379, 60, 25.30%, 0, 0, 3, 14.11, 21772, 921, 0, 0
1204, 0, 339, 404, 379, 60, 25.30%, 0, 0, 3, 13.76, 21841, 921, 0, 0
1209, 0, 339, 404, 379, 60, 25.30%, 0, 0, 3, 13.54, 21910, 921, 0, 0
1214, 0, 339, 404, 379, 60, 25.30%, 0, 0, 3, 13.70, 21981, 921, 0, 0
1219, 0, 339, 404, 379, 60, 25.30%, 0, 0, 3, 13.47, 22048, 921, 0, 0
1224, 0, 339, 404, 379, 60, 25.30%, 0, 0, 3, 13.86, 22118, 921, 0, 0
1229, 0, 339, 404, 379, 60, 25.30%, 0, 0, 3, 14.09, 22189, 921, 0, 0
1235, 0, 339, 404, 379, 60, 25.30%, 0, 0, 3, 13.92, 22261, 921, 0, 0
1240, 0, 339, 404, 379, 60, 25.30%, 0, 0, 3, 14.16, 22332, 921, 0, 0
1245, 0, 339, 404, 379, 60, 25.30%, 0, 0, 3, 13.70, 22400, 921, 0, 0
1250, 0, 339, 404, 379, 60, 25.30%, 0, 0, 3, 13.93, 22471, 921, 0, 0
1255, 0, 339, 404, 379, 60, 25.30%, 0, 0, 3, 13.27, 22538, 921, 0, 0
1260, 0, 339, 404, 379, 60, 25.30%, 0, 0, 3, 14.10, 22612, 921, 0, 0
1265, 0, 339, 404, 379, 60, 25.30%, 0, 0, 3, 14.52, 22685, 921, 0, 0
1270, 0, 339, 405, 380, 60, 25.30%, 0, 0, 3, 13.74, 22755, 921, 0, 0
1275, 0, 339, 405, 380, 60, 25.30%, 0, 0, 3, 13.86, 22828, 921, 0, 0
1281, 0, 339, 405, 380, 60, 25.30%, 0, 0, 3, 13.70, 22898, 921, 0, 0
1286, 0, 339, 405, 380, 60, 25.30%, 0, 0, 3, 13.13, 22963, 921, 0, 0
1291, 0, 339, 405, 380, 60, 25.30%, 0, 0, 3, 13.22, 23032, 921, 0, 0
1296, 0, 339, 405, 380, 60, 25.30%, 0, 0, 3, 13.39, 23099, 921, 0, 0
1301, 0, 339, 405, 380, 60, 25.30%, 0, 0, 3, 13.76, 23167, 921, 0, 0
1306, 0, 339, 405, 380, 60, 25.30%, 0, 0, 3, 13.69, 23239, 921, 0, 0
1311, 0, 339, 406, 381, 60, 25.30%, 0, 0, 3, 13.42, 23308, 921, 0, 0
1317, 0, 339, 406, 381, 60, 25.30%, 0, 0, 3, 13.26, 23377, 921, 0, 0
1322, 0, 339, 406, 381, 60, 25.30%, 0, 0, 3, 13.58, 23446, 921, 0, 0
1327, 0, 339, 407, 381, 59, 25.32%, 0, 0, 3, 20.57, 23563, 922, 0, 0
1332, 0, 339, 410, 384, 59, 25.35%, 0, 0, 3, 19.73, 23655, 923, 0, 0
1337, 0, 339, 416, 390, 59, 25.43%, 0, 0, 3, 21.32, 23766, 926, 0, 0
1343, 0, 339, 423, 397, 59, 25.49%, 0, 0, 3, 20.45, 23865, 928, 0, 0
1348, 0, 339, 430, 404, 59, 25.62%, 0, 0, 3, 20.94, 23952, 933, 0, 0
1353, 0, 339, 440, 414, 59, 25.87%, 0, 0, 3, 25.31, 24086, 942, 0, 0
1358, 0, 339, 453, 427, 59, 26.15%, 0, 0, 3, 28.72, 24245, 952, 0, 0
1364, 0, 339, 461, 435, 59, 26.15%, 0, 0, 3, 25.34, 24353, 952, 0, 0
1369, 0, 22, 467, 441, 81, 26.15%, 0, 0, 3, 25.56, 24488, 952, 0, 0
1374, 0, 23, 468, 441, 81, 26.17%, 0, 0, 3, 26.35, 24625, 953, 0, 0
1379, 0, 414, 468, 440, 80, 26.17%, 0, 0, 3, 25.65, 24751, 953, 0, 0
1385, 0, 440, 468, 439, 79, 26.17%, 0, 0, 3, 24.01, 24890, 953, 0, 0
1392, 0, 62, 468, 438, 78, 26.17%, 0, 0, 3, 25.12, 25066, 953, 0, 0
1397, 0, 337, 468, 436, 76, 26.17%, 0, 0, 3, 27.95, 25224, 953, 0, 0
1403, 0, 33, 468, 435, 75, 26.17%, 0, 0, 3, 27.16, 25384, 953, 0, 0
1408, 0, 332, 468, 434, 74, 26.17%, 0, 0, 3, 27.17, 25511, 953, 0, 0
1413, 0, 24, 469, 434, 74, 26.20%, 0, 0, 4, 24.50, 25647, 954, 0, 0
1418, 0, 436, 469, 432, 73, 26.20%, 0, 0, 4, 27.57, 25803, 954, 0, 0
1425, 0, 450, 469, 431, 72, 26.20%, 0, 0, 4, 27.76, 25990, 954, 0, 0
1430, 0, 450, 469, 431, 72, 26.20%, 0, 0, 4, 29.93, 26143, 954, 0, 0
1435, 0, 437, 469, 430, 71, 26.20%, 0, 0, 4, 29.55, 26290, 954, 0, 0
1440, 0, 45, 469, 429, 70, 26.20%, 0, 0, 4, 28.76, 26428, 954, 0, 0
1447, 0, 178, 470, 428, 68, 26.26%, 0, 0, 4, 27.31, 26606, 956, 0, 0
1452, 0, 178, 470, 428, 68, 26.26%, 0, 0, 4, 25.55, 26734, 956, 0, 0
1457, 0, 27, 470, 427, 68, 26.26%, 0, 0, 4, 23.57, 26853, 956, 0, 0
1462, 0, 51, 470, 426, 67, 26.26%, 0, 0, 4, 22.08, 26967, 956, 0, 0
1467, 0, 297, 470, 424, 65, 26.26%, 0, 0, 4, 25.02, 27112, 956, 0, 0
1472, 0, 297, 470, 424, 65, 26.26%, 0, 0, 4, 25.55, 27244, 956, 0, 0
1479, 0, 54, 470, 422, 63, 26.26%, 0, 0, 4, 23.59, 27421, 956, 0, 0
1484, 0, 468, 470, 421, 62, 26.26%, 0, 0, 4, 25.46, 27559, 956, 0, 0
1489, 0, 109, 470, 420, 61, 26.26%, 0, 0, 4, 28.87, 27704, 956, 0, 0
1495, 0, 77, 470, 419, 60, 26.26%, 0, 0, 4, 29.20, 27858, 956, 0, 0
1500, 0, 447, 470, 417, 58, 26.26%, 0, 0, 4, 23.83, 27952, 956, 0, 0
1505, 0, 447, 470, 417, 58, 26.26%, 0, 0, 4, 26.94, 28100, 956, 0, 0
1510, 0, 34, 470, 416, 57, 26.26%, 0, 0, 4, 25.09, 28235, 956, 0, 0
1515, 0, 121, 470, 415, 56, 26.26%, 0, 0, 4, 19.54, 28315, 956, 0, 0
1520, 0, 121, 470, 415, 56, 26.26%, 0, 0, 4, 12.56, 28376, 956, 0, 0
1525, 0, 121, 470, 415, 56, 26.26%, 0, 0, 4, 12.51, 28439, 956, 0, 0
1530, 0, 121, 470, 415, 56, 26.26%, 0, 0, 4, 13.05, 28504, 956, 0, 0
1535, 0, 413, 470, 414, 55, 26.26%, 0, 0, 4, 23.12, 28638, 956, 0, 0
1540, 0, 35, 470, 413, 54, 26.26%, 0, 0, 4, 23.68, 28765, 956, 0, 0
1545, 0, 48, 470, 412, 53, 26.26%, 0, 0, 4, 22.83, 28892, 956, 0, 0
1550, 0, 293, 471, 412, 52, 26.28%, 0, 0, 4, 28.87, 29052, 957, 0, 0
1556, 0, 36, 471, 411, 51, 26.28%, 0, 0, 4, 28.90, 29228, 957, 0, 0
1561, 0, 61, 471, 410, 50, 26.28%, 0, 0, 4, 26.34, 29363, 957, 0, 0
1567, 0, 434, 471, 409, 50, 26.28%, 0, 0, 4, 25.76, 29495, 957, 0, 0
1572, 0, 129, 471, 408, 49, 26.28%, 0, 0, 4, 21.40, 29596, 957, 0, 0
1577, 0, 448, 472, 407, 48, 26.31%, 0, 0, 4, 24.43, 29732, 958, 0, 0
1582, 0, 448, 473, 408, 48, 26.31%, 0, 0, 4, 22.42, 29854, 958, 0, 0
1590, 0, 427, 473, 406, 47, 26.31%, 0, 0, 4, 21.51, 30020, 958, 0, 0
1595, 0, 427, 475, 408, 47, 26.39%, 0, 0, 4, 18.29, 30105, 961, 0, 0
1600, 0, 427, 476, 409, 47, 26.39%, 0, 0, 4, 16.65, 30184, 961, 0, 0
1606, 0, 443, 476, 407, 47, 26.39%, 0, 0, 4, 21.53, 30355, 961, 0, 0
1613, 0, 470, 476, 406, 46, 26.39%, 0, 0, 4, 28.47, 30568, 961, 0, 0
1618, 0, 470, 477, 407, 46, 26.42%, 0, 0, 5, 30.95, 30730, 962, 0, 0
1624, 0, 53, 477, 406, 46, 26.42%, 0, 0, 5, 25.03, 30868, 962, 0, 0
1629, 0, 432, 477, 405, 45, 26.42%, 0, 0, 5, 22.57, 30984, 962, 0, 0
1636, 0, 58, 477, 404, 44, 26.42%, 0, 0, 5, 24.53, 31157, 962, 0, 0
1641, 0, 409, 477, 403, 43, 26.42%, 0, 0, 5, 24.44, 31277, 962, 0, 0
1646, 0, 409, 477, 403, 43, 26.42%, 0, 0, 5, 17.20, 31356, 962, 0, 0
1652, 0, 409, 478, 404, 43, 26.42%, 0, 0, 5, 17.65, 31439, 962, 0, 0
1657, 0, 338, 478, 403, 42, 26.42%, 0, 0, 5, 21.63, 31556, 962, 0, 0
1662, 0, 428, 478, 402, 41, 26.42%, 0, 0, 5, 24.21, 31688, 962, 0, 0
1667, 0, 400, 478, 401, 40, 26.42%, 0, 0, 5, 18.66, 31783, 962, 0, 0
1672, 0, 400, 478, 401, 40, 26.42%, 0, 0, 5, 14.91, 31854, 962, 0, 0
1677, 0, 400, 478, 401, 40, 26.42%, 0, 0, 5, 16.18, 31935, 962, 0, 0
1682, 0, 410, 478, 400, 40, 26.42%, 0, 0, 5, 25.20, 32087, 962, 0, 0
1687, 0, 299, 478, 399, 39, 26.42%, 0, 0, 5, 27.16, 32230, 962, 0, 0
1693, 0, 65, 478, 398, 38, 26.42%, 0, 0, 5, 27.30, 32377, 962, 0, 0
1698, 0, 473, 478, 397, 37, 26.42%, 0, 0, 5, 21.37, 32465, 962, 0, 0
1705, 0, 68, 478, 396, 36, 26.42%, 0, 0, 5, 19.47, 32611, 962, 0, 0
1710, 0, 435, 478, 395, 35, 26.42%, 0, 0, 5, 24.94, 32747, 962, 0, 0
1715, 0, 442, 478, 394, 34, 26.42%, 0, 0, 5, 26.16, 32899, 962, 0, 0
1720, 0, 60, 478, 393, 33, 26.42%, 0, 0, 5, 26.71, 33039, 962, 0, 0
1725, 0, 328, 478, 392, 32, 26.42%, 0, 0, 5, 23.97, 33156, 962, 0, 0
1731, 0, 439, 478, 391, 31, 26.42%, 0, 0, 5, 24.40, 33298, 962, 0, 0
1736, 0, 82, 478, 390, 30, 26.42%, 0, 0, 5, 25.54, 33435, 962, 0, 0
1741, 0, 461, 478, 389, 29, 26.42%, 0, 0, 5, 27.85, 33596, 962, 0, 0
1746, 0, 461, 479, 390, 29, 26.42%, 0, 0, 5, 31.23, 33759, 962, 0, 0
1751, 0, 478, 479, 389, 28, 26.42%, 0, 0, 5, 29.62, 33910, 962, 0, 0
1757, 0, 474, 479, 387, 27, 26.42%, 0, 0, 5, 27.49, 34054, 962, 0, 0
1762, 0, 474, 479, 387, 27, 26.42%, 0, 0, 5, 24.27, 34147, 962, 0, 0
1769, 0, 346, 479, 386, 26, 26.42%, 0, 0, 5, 27.12, 34303, 962, 0, 0
1774, 0, 346, 479, 386, 26, 26.42%, 0, 0, 5, 23.78, 34411, 962, 0, 0
1779, 0, 75, 479, 385, 25, 26.42%, 0, 0, 5, 23.73, 34543, 962, 0, 0
1784, 0, 242, 479, 384, 24, 26.42%, 0, 0, 5, 22.22, 34648, 962, 0, 0
1790, 0, 429, 479, 383, 23, 26.42%, 0, 0, 5, 23.41, 34797, 962, 0, 0
1795, 0, 438, 479, 382, 22, 26.42%, 0, 0, 5, 22.87, 34919, 962, 0, 0
1800, 0, 438, 479, 382, 22, 26.42%, 0, 0, 5, 24.54, 35061, 962, 0, 0
1805, 0, 406, 479, 381, 21, 26.42%, 0, 0, 5, 19.75, 35165, 962, 0, 0
1810, 0, 386, 480, 381, 20, 26.42%, 0, 0, 5, 21.16, 35282, 962, 0, 0
1816, 0, 386, 480, 381, 20, 26.42%, 0, 0, 5, 15.76, 35355, 962, 0, 0
1822, 0, 386, 480, 381, 20, 26.42%, 0, 0, 5, 14.47, 35451, 962, 0, 0
1827, 0, 386, 480, 381, 20, 26.42%, 0, 0, 5, 12.56, 35509, 962, 0, 0
1833, 0, 386, 480, 381, 20, 26.42%, 0, 0, 5, 12.48, 35572, 962, 0, 0
1838, 0, 386, 480, 381, 20, 26.42%, 0, 0, 5, 12.61, 35638, 962, 0, 0
1843, 0, 386, 480, 381, 20, 26.42%, 0, 0, 5, 12.69, 35704, 962, 0, 0
1848, 0, 386, 480, 381, 20, 26.42%, 0, 0, 5, 12.69, 35770, 962, 0, 0
1853, 0, 386, 480, 381, 20, 26.42%, 0, 0, 5, 12.69, 35836, 962, 0, 0
1858, 0, 386, 480, 381, 20, 26.42%, 0, 0, 5, 12.55, 35899, 962, 0, 0
1864, 0, 386, 480, 381, 20, 26.42%, 0, 0, 5, 12.69, 35965, 962, 0, 0
1869, 0, 386, 480, 381, 20, 26.42%, 0, 0, 5, 14.32, 36035, 962, 0, 0
1874, 0, 469, 480, 380, 19, 26.42%, 0, 0, 5, 20.27, 36138, 962, 0, 0
1879, 0, 469, 480, 380, 19, 26.42%, 0, 0, 5, 19.01, 36247, 962, 0, 0
1884, 0, 469, 480, 380, 19, 26.42%, 0, 0, 5, 17.54, 36331, 962, 0, 0
1890, 0, 469, 480, 380, 19, 26.42%, 0, 0, 5, 20.23, 36439, 962, 0, 0
1895, 0, 469, 480, 380, 19, 26.42%, 0, 0, 5, 21.70, 36553, 962, 0, 0
1900, 0, 469, 480, 380, 19, 26.42%, 0, 0, 5, 22.36, 36668, 962, 0, 0
1905, 0, 469, 480, 380, 19, 26.42%, 0, 0, 5, 22.72, 36786, 962, 0, 0
1912, 0, 467, 480, 379, 18, 26.42%, 0, 0, 5, 21.57, 36933, 962, 0, 0
1917, 0, 329, 480, 378, 17, 26.42%, 0, 0, 5, 22.23, 37085, 962, 0, 0
1922, 0, 471, 480, 377, 16, 26.42%, 0, 0, 5, 22.54, 37197, 962, 0, 0
1928, 0, 471, 480, 377, 16, 26.42%, 0, 0, 5, 23.46, 37326, 962, 0, 0
1933, 0, 444, 480, 375, 15, 26.42%, 0, 0, 5, 25.05, 37471, 962, 0, 0
1938, 0, 444, 480, 375, 15, 26.42%, 0, 0, 5, 20.79, 37563, 962, 0, 0
1943, 0, 397, 481, 375, 14, 26.42%, 0, 0, 5, 18.02, 37649, 962, 0, 0
1949, 0, 397, 481, 375, 14, 26.42%, 0, 0, 5, 16.09, 37731, 962, 0, 0
1954, 0, 397, 481, 375, 14, 26.42%, 0, 0, 5, 14.76, 37805, 962, 0, 0
1959, 0, 96, 481, 374, 13, 26.42%, 0, 0, 5, 17.72, 37909, 962, 0, 0
1964, 0, 213, 481, 372, 11, 26.42%, 0, 0, 5, 28.31, 38071, 962, 0, 0
1971, 0, 420, 481, 369, 10, 26.42%, 0, 0, 5, 26.04, 38244, 962, 0, 0
1976, 0, 103, 481, 368, 9, 26.42%, 0, 0, 5, 29.80, 38389, 962, 0, 0
1981, 0, 135, 482, 368, 8, 26.42%, 0, 0, 5, 32.19, 38562, 962, 0, 0
1986, 0, 243, 482, 367, 7, 26.42%, 0, 0, 5, 24.81, 38665, 962, 0, 0
1992, 0, 170, 482, 366, 6, 26.42%, 0, 0, 5, 22.24, 38786, 962, 0, 0
1997, 0, 104, 482, 365, 6, 26.42%, 0, 0, 5, 31.69, 38961, 962, 0, 0
2002, 0, 476, 482, 364, 5, 26.42%, 0, 0, 5, 29.22, 39109, 962, 0, 0
2007, 0, 476, 482, 364, 5, 26.42%, 0, 0, 5, 28.38, 39256, 962, 0, 0
2012, 0, 107, 482, 363, 4, 26.42%, 0, 0, 5, 28.86, 39400, 962, 0, 0
2017, 0, 97, 482, 360, 1, 26.42%, 0, 0, 5, 32.00, 39568, 962, 0, 0
2022, 0, 107, 482, 359, 1, 26.42%, 0, 0, 5, 29.59, 39708, 962, 0, 0
2028, 0, 326, 482, 359, 1, 26.42%, 0, 0, 5, 29.13, 39860, 962, 0, 0
2033, 0, 480, 482, 358, 0, 26.42%, 0, 0, 5, 23.21, 39945, 962, 0, 0
2038, 0, 58, 482, 357, 0, 26.42%, 0, 0, 5, 24.35, 40069, 962, 0, 0
2043, 0, 439, 482, 357, 0, 26.42%, 0, 0, 5, 19.98, 40171, 962, 0, 0
2048, 0, 27, 482, 357, 0, 26.42%, 0, 0, 5, 23.45, 40292, 962, 0, 0
2053, 0, 373, 482, 357, 0, 26.42%, 0, 0, 5, 15.58, 40361, 962, 0, 0
2059, 0, 373, 482, 357, 0, 26.42%, 0, 0, 5, 13.03, 40425, 962, 0, 0
2064, 0, 373, 482, 357, 0, 26.42%, 0, 0, 5, 14.79, 40503, 962, 0, 0
2069, 0, 42, 482, 355, 0, 26.42%, 0, 0, 5, 23.48, 40647, 962, 0, 0
2074, 0, 332, 482, 354, 0, 26.42%, 0, 0, 5, 20.76, 40756, 962, 0, 0
2079, 0, 107, 482, 353, 0, 26.42%, 0, 0, 5, 26.14, 40894, 962, 0, 0
2084, 0, 299, 482, 353, 0, 26.42%, 0, 0, 5, 23.74, 41012, 962, 0, 0
2089, 0, 406, 483, 354, 0, 26.42%, 0, 0, 5, 22.50, 41128, 962, 0, 0
2094, 0, 406, 483, 354, 0, 26.42%, 0, 0, 5, 21.35, 41234, 962, 0, 0
2099, 0, 348, 483, 354, 0, 26.42%, 0, 0, 5, 15.29, 41305, 962, 0, 0
2105, 0, 348, 483, 354, 0, 26.42%, 0, 0, 5, 13.07, 41369, 962, 0, 0
2110, 0, 348, 483, 354, 0, 26.42%, 0, 0, 5, 13.84, 41440, 962, 0, 0
2115, 0, 387, 483, 353, 0, 26.42%, 0, 0, 5, 14.11, 41514, 962, 0, 0
2120, 0, 387, 483, 353, 0, 26.42%, 0, 0, 5, 13.99, 41585, 962, 0, 0
2125, 0, 387, 483, 353, 0, 26.42%, 0, 0, 5, 14.96, 41665, 962, 0, 0
2130, 0, 372, 483, 352, 0, 26.42%, 0, 0, 5, 13.19, 41731, 962, 0, 0
2135, 0, 372, 483, 352, 0, 26.42%, 0, 0, 5, 12.27, 41791, 962, 0, 0
2141, 0, 372, 483, 352, 0, 26.42%, 0, 0, 5, 12.20, 41857, 962, 0, 0
2146, 0, 440, 484, 352, 0, 26.42%, 0, 0, 5, 17.60, 41954, 962, 0, 0
2151, 0, 461, 485, 353, 0, 26.42%, 0, 0, 5, 20.54, 42059, 962, 0, 0
2156, 0, 150, 485, 353, 0, 26.42%, 0, 0, 5, 25.57, 42190, 962, 0, 0
2161, 0, 283, 485, 353, 0, 26.42%, 0, 0, 5, 26.06, 42318, 962, 0, 0
2166, 0, 24, 485, 352, 0, 26.42%, 0, 0, 5, 26.34, 42462, 962, 0, 0
2171, 0, 297, 485, 351, 0, 26.42%, 0, 0, 5, 27.11, 42605, 962, 0, 0
2176, 0, 24, 485, 351, 0, 26.42%, 0, 0, 5, 24.52, 42725, 962, 0, 0
2181, 0, 437, 485, 351, 0, 26.42%, 0, 0, 5, 23.73, 42840, 962, 0, 0
2186, 0, 409, 485, 351, 0, 26.42%, 0, 0, 5, 21.13, 42954, 962, 0, 0
2192, 0, 27, 486, 352, 0, 26.42%, 0, 0, 5, 21.37, 43057, 962, 0, 0
2197, 0, 485, 486, 352, 1, 26.42%, 0, 0, 5, 19.86, 43154, 962, 0, 0
2202, 0, 67, 486, 351, 0, 26.42%, 0, 0, 5, 18.15, 43241, 962, 0, 0
2207, 0, 67, 486, 351, 0, 26.42%, 0, 0, 5, 16.96, 43328, 962, 0, 0
2212, 0, 450, 486, 350, 0, 26.42%, 0, 0, 5, 22.18, 43445, 962, 0, 0
2217, 0, 450, 488, 352, 0, 26.50%, 0, 0, 5, 21.29, 43551, 965, 0, 0
2222, 0, 450, 488, 352, 0, 26.50%, 0, 0, 5, 22.21, 43665, 965, 0, 0
2227, 0, 450, 489, 353, 0, 26.50%, 0, 0, 5, 20.34, 43760, 965, 0, 0
2232, 0, 450, 489, 353, 0, 26.50%, 0, 0, 5, 21.57, 43868, 965, 0, 0
2238, 0, 450, 489, 353, 0, 26.50%, 0, 0, 5, 21.16, 43972, 965, 0, 0
2243, 0, 450, 489, 353, 0, 26.50%, 0, 0, 5, 21.94, 44080, 965, 0, 0
2248, 0, 487, 489, 353, 1, 26.50%, 0, 0, 5, 22.55, 44192, 965, 0, 0
2253, 0, 487, 489, 353, 1, 26.50%, 0, 0, 5, 25.69, 44345, 965, 0, 0
2258, 0, 487, 489, 353, 1, 26.50%, 0, 0, 5, 28.50, 44502, 965, 0, 0
2263, 0, 27, 489, 351, 0, 26.50%, 0, 0, 5, 25.84, 44640, 965, 0, 0
2268, 0, 219, 489, 351, 0, 26.50%, 0, 0, 5, 24.51, 44763, 965, 0, 0
2273, 0, 468, 489, 350, 0, 26.50%, 0, 0, 5, 22.10, 44872, 965, 0, 0
2279, 0, 468, 489, 350, 0, 26.50%, 0, 0, 5, 18.99, 44966, 965, 0, 0
2284, 0, 386, 489, 350, 0, 26.50%, 0, 0, 5, 17.59, 45055, 965, 0, 0
2289, 0, 171, 489, 350, 0, 26.50%, 0, 0, 5, 21.01, 45161, 965, 0, 0
2294, 0, 18, 489, 349, 0, 26.50%, 0, 0, 5, 24.39, 45321, 965, 0, 0
2299, 0, 437, 489, 349, 0, 26.50%, 0, 0, 5, 21.01, 45422, 965, 0, 0
2304, 0, 437, 489, 349, 0, 26.50%, 0, 0, 5, 20.50, 45529, 965, 0, 0
2309, 0, 82, 489, 348, 0, 26.50%, 0, 0, 5, 25.24, 45670, 965, 0, 0
2314, 0, 473, 490, 349, 0, 26.50%, 0, 0, 5, 20.41, 45764, 965, 0, 0
2319, 0, 473, 490, 349, 0, 26.50%, 0, 0, 5, 17.13, 45843, 965, 0, 0
2324, 0, 337, 490, 348, 0, 26.50%, 0, 0, 5, 20.92, 45954, 965, 0, 0
2330, 0, 382, 490, 348, 0, 26.50%, 0, 0, 5, 22.79, 46086, 965, 0, 0
2335, 0, 62, 490, 347, 0, 26.50%, 0, 0, 5, 19.65, 46188, 965, 0, 0
2340, 0, 410, 490, 347, 0, 26.50%, 0, 0, 5, 20.54, 46293, 965, 0, 0
2345, 0, 328, 490, 347, 0, 26.50%, 0, 0, 5, 20.49, 46393, 965, 0, 0
2350, 0, 63, 490, 347, 0, 26.50%, 0, 0, 5, 20.88, 46502, 965, 0, 0
2355, 0, 149, 490, 347, 0, 26.50%, 0, 0, 5, 22.75, 46610, 965, 0, 0
2360, 0, 319, 490, 346, 0, 26.50%, 0, 0, 5, 23.10, 46729, 965, 0, 0
2365, 0, 10, 490, 345, 0, 26.50%, 0, 0, 5, 21.62, 46844, 965, 0, 0
2370, 0, 390, 490, 345, 0, 26.50%, 0, 0, 5, 22.42, 46956, 965, 0, 0
2376, 0, 390, 490, 345, 0, 26.50%, 0, 0, 5, 14.89, 47021, 965, 0, 0
2381, 0, 390, 490, 345, 0, 26.50%, 0, 0, 5, 12.65, 47081, 965, 0, 0
2386, 0, 390, 490, 345, 0, 26.50%, 0, 0, 5, 13.36, 47147, 965, 0, 0
2392, 0, 421, 490, 344, 0, 26.50%, 0, 0, 5, 15.56, 47245, 965, 0, 0
2397, 0, 171, 490, 343, 0, 26.50%, 0, 0, 5, 21.35, 47359, 965, 0, 0
2402, 0, 104, 490, 343, 0, 26.50%, 0, 0, 5, 25.42, 47496, 965, 0, 0
2407, 0, 104, 490, 343, 0, 26.50%, 0, 0, 5, 26.58, 47629, 965, 0, 0
2412, 0, 396, 490, 343, 0, 26.50%, 0, 0, 5, 20.81, 47742, 965, 0, 0
2417, 0, 396, 490, 343, 0, 26.50%, 0, 0, 5, 15.18, 47812, 965, 0, 0
2422, 0, 396, 490, 343, 0, 26.50%, 0, 0, 5, 14.24, 47884, 965, 0, 0
2427, 0, 9, 490, 342, 0, 26.50%, 0, 0, 5, 19.84, 47987, 965, 0, 0
2433, 0, 135, 490, 342, 0, 26.50%, 0, 0, 5, 25.14, 48122, 965, 0, 0
2438, 0, 82, 490, 342, 0, 26.50%, 0, 0, 5, 24.18, 48243, 965, 0, 0
2443, 0, 62, 490, 342, 0, 26.50%, 0, 0, 5, 22.83, 48364, 965, 0, 0
2448, 0, 110, 490, 342, 0, 26.50%, 0, 0, 5, 23.32, 48473, 965, 0, 0
2453, 0, 410, 490, 341, 0, 26.50%, 0, 0, 5, 23.00, 48602, 965, 0, 0
2458, 0, 450, 490, 341, 0, 26.50%, 0, 0, 5, 21.27, 48695, 965, 0, 0
2464, 0, 175, 490, 341, 0, 26.50%, 0, 0, 5, 24.14, 48826, 965, 0, 0
2469, 0, 92, 490, 340, 0, 26.50%, 0, 0, 5, 21.17, 48927, 965, 0, 0
2474, 0, 470, 490, 339, 0, 26.50%, 0, 0, 5, 30.51, 49112, 965, 0, 0
2479, 0, 413, 490, 339, 0, 26.50%, 0, 0, 5, 25.99, 49242, 965, 0, 0
2484, 0, 385, 490, 339, 0, 26.50%, 0, 0, 5, 20.24, 49348, 965, 0, 0
2489, 0, 385, 490, 339, 0, 26.50%, 0, 0, 5, 15.12, 49419, 965, 0, 0
2495, 0, 385, 490, 339, 0, 26.50%, 0, 0, 5, 14.27, 49492, 965, 0, 0
2500, 0, 307, 491, 339, 0, 26.50%, 0, 0, 5, 18.66, 49609, 965, 0, 0
2505, 0, 307, 491, 339, 0, 26.50%, 0, 0, 5, 23.51, 49732, 965, 0, 0
2510, 0, 233, 491, 338, 0, 26.50%, 0, 0, 5, 21.33, 49826, 965, 0, 0
2515, 0, 65, 492, 338, 0, 26.50%, 0, 0, 5, 21.19, 49924, 965, 0, 0
2520, 0, 355, 492, 338, 0, 26.50%, 0, 0, 5, 19.81, 50028, 965, 0, 0
2525, 0, 355, 492, 338, 0, 26.50%, 0, 0, 5, 15.24, 50100, 965, 0, 0
2530, 0, 355, 494, 340, 0, 26.50%, 0, 0, 5, 14.96, 50184, 965, 0, 0
2535, 0, 327, 494, 339, 0, 26.50%, 0, 0, 5, 16.87, 50274, 965, 0, 0
2541, 0, 103, 494, 338, 0, 26.50%, 0, 0, 5, 31.42, 50446, 965, 0, 0
2546, 0, 18, 494, 338, 0, 26.50%, 0, 0, 5, 23.09, 50556, 965, 0, 0
2551, 0, 328, 494, 338, 0, 26.50%, 0, 0, 5, 20.31, 50660, 965, 0, 0
2556, 0, 328, 494, 338, 0, 26.50%, 0, 0, 5, 21.77, 50772, 965, 0, 0
2561, 0, 60, 494, 338, 0, 26.50%, 0, 0, 5, 20.85, 50874, 965, 0, 0
2567, 0, 66, 494, 338, 0, 26.50%, 0, 0, 5, 20.01, 51010, 965, 0, 0
2573, 0, 60, 494, 337, 0, 26.50%, 0, 0, 5, 20.01, 51110, 965, 0, 0
2578, 0, 329, 494, 337, 0, 26.50%, 0, 0, 5, 21.00, 51215, 965, 0, 0
2583, 0, 45, 494, 337, 0, 26.50%, 0, 0, 5, 21.87, 51323, 965, 0, 0
2588, 0, 450, 494, 337, 0, 26.50%, 0, 0, 5, 20.37, 51432, 965, 0, 0
2594, 0, 72, 494, 337, 0, 26.50%, 0, 0, 5, 25.09, 51583, 965, 0, 0
2599, 0, 18, 494, 336, 0, 26.50%, 0, 0, 5, 20.32, 51681, 965, 0, 0
2604, 0, 18, 499, 341, 0, 26.61%, 0, 0, 5, 21.77, 51799, 969, 0, 0
2610, 0, 18, 507, 349, 0, 26.64%, 0, 0, 5, 22.48, 51899, 970, 0, 0
2615, 0, 18, 513, 355, 0, 26.67%, 0, 0, 5, 19.84, 51974, 971, 0, 0
2620, 0, 18, 520, 362, 0, 26.67%, 0, 0, 5, 19.66, 52068, 971, 0, 0
2626, 0, 18, 528, 370, 0, 26.81%, 0, 0, 5, 19.52, 52162, 976, 0, 0
2632, 0, 18, 536, 378, 0, 26.81%, 0, 0, 5, 17.98, 52236, 976, 0, 0
2637, 0, 18, 542, 384, 0, 26.83%, 0, 0, 5, 16.43, 52309, 977, 0, 0
2643, 0, 18, 547, 389, 0, 26.83%, 0, 0, 5, 15.28, 52375, 977, 0, 0
2648, 0, 18, 552, 394, 0, 26.83%, 0, 0, 5, 14.81, 52443, 977, 0, 0
2653, 0, 18, 561, 403, 0, 26.83%, 0, 0, 5, 18.20, 52550, 977, 0, 0
2658, 0, 18, 570, 412, 0, 26.86%, 0, 0, 5, 20.60, 52654, 978, 0, 0
2663, 0, 495, 570, 412, 9, 26.86%, 0, 0, 5, 23.79, 52801, 978, 0, 0
2668, 0, 496, 570, 411, 8, 26.86%, 0, 0, 5, 28.86, 52962, 978, 0, 0
2673, 0, 537, 570, 410, 7, 26.86%, 0, 0, 5, 17.62, 53035, 978, 0, 0
2678, 0, 537, 570, 410, 7, 26.86%, 0, 0, 5, 13.89, 53098, 978, 0, 0
2683, 0, 537, 570, 410, 7, 26.86%, 0, 0, 5, 13.60, 53167, 978, 0, 0
2689, 0, 537, 570, 410, 7, 26.86%, 0, 0, 5, 12.94, 53233, 978, 0, 0
2694, 0, 537, 570, 410, 7, 26.86%, 0, 0, 5, 13.01, 53299, 978, 0, 0
2699, 0, 537, 570, 410, 7, 26.86%, 0, 0, 5, 13.89, 53371, 978, 0, 0
2704, 0, 537, 570, 410, 7, 26.86%, 0, 0, 5, 14.08, 53443, 978, 0, 0
2710, 0, 537, 570, 410, 7, 26.86%, 0, 0, 5, 14.12, 53532, 978, 0, 0
2715, 0, 537, 571, 411, 7, 26.86%, 0, 0, 5, 12.13, 53591, 978, 0, 0
2720, 0, 497, 571, 410, 6, 26.86%, 0, 0, 5, 19.33, 53711, 978, 0, 0
2726, 0, 552, 571, 409, 5, 26.86%, 0, 0, 5, 20.32, 53822, 978, 0, 0
2731, 0, 552, 571, 409, 5, 26.86%, 0, 0, 5, 19.23, 53918, 978, 0, 0
2736, 0, 552, 571, 409, 5, 26.86%, 0, 0, 5, 19.65, 54020, 978, 0, 0
2741, 0, 552, 571, 409, 5, 26.86%, 0, 0, 5, 18.87, 54114, 978, 0, 0
2746, 0, 552, 571, 409, 5, 26.86%, 0, 0, 5, 19.19, 54212, 978, 0, 0
2752, 0, 552, 571, 409, 5, 26.86%, 0, 0, 5, 20.20, 54337, 978, 0, 0
2757, 0, 498, 573, 410, 5, 26.86%, 0, 0, 5, 17.28, 54419, 978, 0, 0
2762, 0, 498, 573, 410, 5, 26.86%, 0, 0, 5, 15.47, 54500, 978, 0, 0
2767, 0, 498, 573, 410, 5, 26.86%, 0, 0, 5, 15.38, 54577, 978, 0, 0
2773, 0, 498, 573, 410, 5, 26.86%, 0, 0, 5, 15.36, 54658, 978, 0, 0
2778, 0, 507, 573, 409, 4, 26.86%, 0, 0, 5, 18.81, 54759, 978, 0, 0
2783, 0, 507, 573, 409, 4, 26.86%, 0, 0, 5, 20.03, 54863, 978, 0, 0
2788, 0, 507, 573, 409, 4, 26.86%, 0, 0, 5, 20.42, 54967, 978, 0, 0
2793, 0, 507, 573, 409, 4, 26.86%, 0, 0, 5, 14.12, 55045, 978, 0, 0
2798, 0, 507, 573, 409, 4, 26.86%, 0, 0, 5, 10.68, 55094, 978, 0, 0
2803, 0, 507, 573, 409, 4, 26.86%, 0, 0, 5, 10.02, 55144, 978, 0, 0
2808, 0, 507, 573, 409, 4, 26.86%, 0, 0, 5, 10.73, 55201, 978, 0, 0
2814, 0, 507, 573, 409, 4, 26.86%, 0, 0, 5, 11.05, 55258, 978, 0, 0
2819, 0, 507, 573, 409, 4, 26.86%, 0, 0, 5, 13.10, 55326, 978, 0, 0
2824, 0, 507, 573, 409, 4, 26.86%, 0, 0, 5, 14.38, 55400, 978, 0, 0
2829, 0, 507, 573, 409, 4, 26.86%, 0, 0, 5, 14.80, 55474, 978, 0, 0
2834, 0, 507, 573, 409, 4, 26.86%, 0, 0, 5, 14.76, 55550, 978, 0, 0
2839, 0, 507, 573, 409, 4, 26.86%, 0, 0, 5, 16.29, 55637, 978, 0, 0
2844, 0, 507, 573, 409, 4, 26.86%, 0, 0, 5, 16.74, 55724, 978, 0, 0
2850, 0, 507, 573, 409, 4, 26.86%, 0, 0, 5, 16.82, 55812, 978, 0, 0
2855, 0, 507, 573, 409, 4, 26.86%, 0, 0, 5, 16.54, 55895, 978, 0, 0
2860, 0, 507, 573, 409, 4, 26.86%, 0, 0, 5, 16.82, 55984, 978, 0, 0
2865, 0, 507, 573, 409, 4, 26.86%, 0, 0, 5, 17.18, 56072, 978, 0, 0
2870, 0, 526, 573, 408, 3, 26.86%, 0, 0, 5, 29.22, 56205, 978, 0, 0
2875, 0, 526, 573, 408, 3, 26.86%, 0, 0, 5, 14.57, 56270, 978, 0, 0
2880, 0, 526, 573, 408, 3, 26.86%, 0, 0, 5, 10.71, 56320, 978, 0, 0
2885, 0, 526, 573, 408, 3, 26.86%, 0, 0, 5, 25.17, 56446, 978, 0, 0
2891, 0, 526, 573, 408, 3, 26.86%, 0, 0, 5, 33.16, 56629, 978, 0, 0
2896, 0, 526, 573, 408, 3, 26.86%, 0, 0, 5, 34.67, 56808, 978, 0, 0
2901, 0, 526, 573, 408, 3, 26.86%, 0, 0, 5, 35.49, 56991, 978, 0, 0
2906, 0, 526, 573, 408, 3, 26.86%, 0, 0, 5, 34.89, 57166, 978, 0, 0
2911, 0, 526, 573, 408, 3, 26.86%, 0, 0, 5, 35.63, 57348, 978, 0, 0
2916, 0, 526, 573, 408, 3, 26.86%, 0, 0, 5, 34.93, 57527, 978, 0, 0
2921, 0, 526, 573, 408, 3, 26.86%, 0, 0, 5, 36.47, 57716, 978, 0, 0
2928, 0, 526, 573, 408, 3, 26.86%, 0, 0, 5, 36.10, 57947, 978, 0, 0
2933, 0, 567, 573, 407, 2, 26.86%, 0, 0, 5, 28.54, 58088, 978, 0, 0
2938, 0, 567, 573, 407, 2, 26.86%, 0, 0, 5, 26.20, 58216, 978, 0, 0
2943, 0, 567, 573, 407, 2, 26.86%, 0, 0, 5, 25.08, 58343, 978, 0, 0
2948, 0, 567, 573, 407, 2, 26.86%, 0, 0, 5, 25.92, 58477, 978, 0, 0
2953, 0, 567, 573, 407, 2, 26.86%, 0, 0, 5, 26.16, 58612, 978, 0, 0
2958, 0, 571, 573, 406, 1, 26.86%, 0, 0, 5, 19.15, 58704, 978, 0, 0
2964, 0, 571, 573, 406, 1, 26.86%, 0, 0, 5, 14.66, 58773, 978, 0, 0
2969, 0, 571, 573, 406, 1, 26.86%, 0, 0, 5, 13.37, 58839, 978, 0, 0
2974, 0, 571, 573, 406, 1, 26.86%, 0, 0, 5, 13.36, 58908, 978, 0, 0
2979, 0, 571, 573, 406, 1, 26.86%, 0, 0, 5, 13.21, 58974, 978, 0, 0
2984, 0, 571, 573, 406, 1, 26.86%, 0, 0, 5, 13.24, 59044, 978, 0, 0
2989, 0, 571, 573, 406, 1, 26.86%, 0, 0, 5, 13.00, 59110, 978, 0, 0
2994, 0, 571, 573, 406, 1, 26.86%, 0, 0, 5, 13.11, 59176, 978, 0, 0
2999, 0, 571, 574, 407, 1, 26.86%, 0, 0, 5, 14.27, 59254, 978, 0, 0
3004, 0, 363, 574, 406, 0, 26.86%, 0, 0, 5, 12.66, 59317, 978, 0, 0
3010, 0, 363, 574, 406, 0, 26.86%, 0, 0, 5, 11.93, 59377, 978, 0, 0
3015, 0, 363, 574, 406, 0, 26.86%, 0, 0, 5, 12.84, 59443, 978, 0, 0
3020, 0, 12, 574, 405, 0, 26.86%, 0, 0, 5, 15.65, 59527, 978, 0, 0
3025, 0, 517, 574, 405, 0, 26.86%, 0, 0, 5, 14.10, 59599, 978, 0, 0
3030, 0, 517, 574, 405, 0, 26.86%, 0, 0, 5, 13.26, 59665, 978, 0, 0
3035, 0, 517, 574, 405, 0, 26.86%, 0, 0, 5, 12.89, 59731, 978, 0, 0
3040, 0, 517, 574, 405, 0, 26.86%, 0, 0, 5, 12.78, 59797, 978, 0, 0
3046, 0, 517, 574, 405, 0, 26.86%, 0, 0, 5, 12.75, 59863, 978, 0, 0
3051, 0, 517, 574, 405, 0, 26.86%, 0, 0, 5, 12.70, 59929, 978, 0, 0
3056, 0, 517, 574, 405, 0, 26.86%, 0, 0, 5, 12.77, 59995, 978, 0, 0
3061, 0, 517, 574, 405, 0, 26.86%, 0, 0, 5, 12.71, 60061, 978, 0, 0
3066, 0, 517, 574, 405, 0, 26.86%, 0, 0, 5, 12.69, 60127, 978, 0, 0
3072, 0, 517, 574, 405, 0, 26.86%, 0, 0, 5, 12.74, 60193, 978, 0, 0
3077, 0, 517, 574, 405, 0, 26.86%, 0, 0, 5, 12.76, 60259, 978, 0, 0
3082, 0, 517, 574, 405, 0, 26.86%, 0, 0, 5, 12.72, 60325, 978, 0, 0
3087, 0, 517, 574, 405, 0, 26.86%, 0, 0, 5, 12.74, 60391, 978, 0, 0
3092, 0, 517, 574, 405, 0, 26.86%, 0, 0, 5, 13.14, 60457, 978, 0, 0
3097, 0, 517, 574, 405, 0, 26.86%, 0, 0, 5, 13.32, 60526, 978, 0, 0
3102, 0, 517, 576, 407, 0, 26.86%, 0, 0, 5, 15.25, 60603, 978, 0, 0
3108, 0, 575, 576, 406, 1, 26.86%, 0, 0, 5, 29.56, 60755, 978, 0, 0
3113, 0, 575, 576, 406, 1, 26.86%, 0, 0, 5, 37.87, 60958, 978, 0, 0
3118, 0, 575, 576, 406, 1, 26.86%, 0, 0, 5, 40.07, 61163, 978, 0, 0
3123, 0, 575, 576, 406, 1, 26.86%, 0, 0, 5, 42.10, 61379, 978, 0, 0
3128, 0, 575, 576, 406, 1, 26.86%, 0, 0, 5, 42.21, 61594, 978, 0, 0
3133, 0, 139, 576, 405, 0, 26.86%, 0, 0, 5, 37.68, 61781, 978, 0, 0
3138, 0, 573, 576, 405, 0, 26.86%, 0, 0, 5, 23.77, 61884, 978, 0, 0
3143, 0, 573, 576, 405, 0, 26.86%, 0, 0, 5, 16.34, 61957, 978, 0, 0
3148, 0, 573, 576, 405, 0, 26.86%, 0, 0, 5, 14.40, 62027, 978, 0, 0
3153, 0, 573, 576, 405, 0, 26.86%, 0, 0, 5, 14.40, 62102, 978, 0, 0
3159, 0, 573, 576, 405, 0, 26.86%, 0, 0, 5, 14.42, 62175, 978, 0, 0
3164, 0, 573, 576, 405, 0, 26.86%, 0, 0, 5, 14.31, 62248, 978, 0, 0
3169, 0, 573, 576, 405, 0, 26.86%, 0, 0, 5, 13.17, 62314, 978, 0, 0
3174, 0, 573, 577, 406, 0, 26.86%, 0, 0, 5, 13.18, 62387, 978, 0, 0
3179, 0, 431, 578, 406, 0, 26.86%, 0, 0, 5, 15.78, 62466, 978, 0, 0
3185, 0, 431, 578, 406, 0, 26.86%, 0, 0, 5, 17.35, 62568, 978, 0, 0
3190, 0, 571, 579, 406, 0, 26.86%, 0, 0, 5, 16.92, 62655, 978, 0, 0
3195, 0, 538, 579, 406, 0, 26.86%, 0, 0, 5, 13.87, 62717, 978, 0, 0
3200, 0, 538, 579, 406, 0, 26.86%, 0, 0, 5, 12.05, 62774, 978, 0, 0
3205, 0, 538, 579, 406, 0, 26.86%, 0, 0, 5, 11.62, 62831, 978, 0, 0
3210, 0, 538, 579, 406, 0, 26.86%, 0, 0, 5, 11.50, 62888, 978, 0, 0
3215, 0, 538, 579, 406, 0, 26.86%, 0, 0, 5, 11.53, 62948, 978, 0, 0
3220, 0, 538, 579, 406, 0, 26.86%, 0, 0, 5, 11.96, 63011, 978, 0, 0
3225, 0, 538, 579, 406, 0, 26.86%, 0, 0, 5, 11.55, 63068, 978, 0, 0
3230, 0, 538, 579, 406, 0, 26.86%, 0, 0, 5, 11.41, 63127, 978, 0, 0
3235, 0, 538, 579, 406, 0, 26.86%, 0, 0, 5, 11.27, 63184, 978, 0, 0
3241, 0, 538, 579, 406, 0, 26.86%, 0, 0, 5, 11.60, 63244, 978, 0, 0
3246, 0, 538, 579, 406, 0, 26.86%, 0, 0, 5, 11.45, 63301, 978, 0, 0
3251, 0, 538, 579, 406, 0, 26.86%, 0, 0, 5, 11.48, 63362, 978, 0, 0
3256, 0, 521, 579, 405, 0, 26.86%, 0, 0, 5, 11.79, 63425, 978, 0, 0
3261, 0, 521, 579, 405, 0, 26.86%, 0, 0, 5, 11.62, 63485, 978, 0, 0
3266, 0, 521, 579, 405, 0, 26.86%, 0, 0, 5, 11.50, 63542, 978, 0, 0
3271, 0, 521, 579, 405, 0, 26.86%, 0, 0, 5, 11.54, 63602, 978, 0, 0
3277, 0, 521, 579, 405, 0, 26.86%, 0, 0, 5, 11.16, 63658, 978, 0, 0
3282, 0, 521, 579, 405, 0, 26.86%, 0, 0, 5, 11.04, 63714, 978, 0, 0
3287, 0, 521, 579, 405, 0, 26.86%, 0, 0, 5, 11.71, 63776, 978, 0, 0
3292, 0, 521, 579, 405, 0, 26.86%, 0, 0, 5, 11.71, 63836, 978, 0, 0
3297, 0, 521, 579, 405, 0, 26.86%, 0, 0, 5, 11.27, 63893, 978, 0, 0
3302, 0, 521, 579, 405, 0, 26.86%, 0, 0, 5, 11.45, 63952, 978, 0, 0
3307, 0, 521, 579, 405, 0, 26.86%, 0, 0, 5, 11.12, 64010, 978, 0, 0
3313, 0, 521, 579, 405, 0, 26.86%, 0, 0, 5, 11.78, 64077, 978, 0, 0
3318, 0, 67, 579, 404, 0, 26.86%, 0, 0, 5, 16.96, 64170, 978, 0, 0
3323, 0, 570, 579, 404, 0, 26.86%, 0, 0, 5, 13.74, 64236, 978, 0, 0
3328, 0, 570, 579, 404, 0, 26.86%, 0, 0, 5, 11.92, 64293, 978, 0, 0
3333, 0, 570, 579, 404, 0, 26.86%, 0, 0, 5, 10.83, 64347, 978, 0, 0
3338, 0, 570, 579, 404, 0, 26.86%, 0, 0, 5, 10.31, 64399, 978, 0, 0
3344, 0, 570, 579, 404, 0, 26.86%, 0, 0, 5, 10.19, 64452, 978, 0, 0
3349, 0, 570, 579, 404, 0, 26.86%, 0, 0, 5, 10.36, 64504, 978, 0, 0
3354, 0, 570, 579, 404, 0, 26.86%, 0, 0, 5, 10.25, 64557, 978, 0, 0
3359, 0, 570, 579, 404, 0, 26.86%, 0, 0, 5, 10.29, 64609, 978, 0, 0
3364, 0, 570, 579, 404, 0, 26.86%, 0, 0, 5, 10.82, 64665, 978, 0, 0
3371, 0, 570, 579, 404, 0, 26.86%, 0, 0, 5, 10.65, 64742, 978, 0, 0
3376, 0, 171, 579, 403, 0, 26.86%, 0, 0, 5, 16.49, 64825, 978, 0, 0
3381, 0, 467, 579, 403, 0, 26.86%, 0, 0, 5, 20.10, 64937, 978, 0, 0
3386, 0, 18, 579, 403, 0, 26.86%, 0, 0, 5, 21.39, 65045, 978, 0, 0
3391, 0, 483, 579, 403, 0, 26.86%, 0, 0, 5, 22.97, 65162, 978, 0, 0
3396, 0, 483, 579, 403, 0, 26.86%, 0, 0, 5, 23.82, 65286, 978, 0, 0
3401, 0, 439, 579, 401, 0, 26.86%, 0, 0, 5, 20.73, 65374, 978, 0, 0
3407, 0, 442, 579, 401, 0, 26.86%, 0, 0, 5, 20.46, 65474, 978, 0, 0
3412, 0, 471, 579, 401, 0, 26.86%, 0, 0, 5, 21.73, 65595, 978, 0, 0
3417, 0, 323, 579, 401, 0, 26.86%, 0, 0, 5, 21.93, 65696, 978, 0, 0
3422, 0, 392, 579, 400, 0, 26.86%, 0, 0, 5, 15.04, 65762, 978, 0, 0
3427, 0, 392, 579, 400, 0, 26.86%, 0, 0, 5, 12.68, 65822, 978, 0, 0
3433, 0, 392, 579, 400, 0, 26.86%, 0, 0, 5, 12.37, 65890, 978, 0, 0
3438, 0, 467, 579, 399, 0, 26.86%, 0, 0, 5, 16.80, 65980, 978, 0, 0
3443, 0, 97, 579, 399, 0, 26.86%, 0, 0, 5, 21.01, 66089, 978, 0, 0
3448, 0, 33, 579, 399, 0, 26.86%, 0, 0, 5, 21.54, 66199, 978, 0, 0
3453, 0, 403, 579, 399, 0, 26.86%, 0, 0, 5, 22.89, 66320, 978, 0, 0
3460, 0, 403, 579, 399, 0, 26.86%, 0, 0, 5, 23.31, 66478, 978, 0, 0
3465, 0, 403, 579, 399, 0, 26.86%, 0, 0, 5, 16.49, 66548, 978, 0, 0
3470, 0, 403, 579, 399, 0, 26.86%, 0, 0, 5, 15.51, 66624, 978, 0, 0
3475, 0, 403, 579, 399, 0, 26.86%, 0, 0, 5, 17.44, 66719, 978, 0, 0
3480, 0, 403, 579, 399, 0, 26.86%, 0, 0, 5, 19.03, 66818, 978, 0, 0
3485, 0, 403, 579, 399, 0, 26.86%, 0, 0, 5, 20.24, 66919, 978, 0, 0
3491, 0, 403, 579, 399, 0, 26.86%, 0, 0, 5, 18.14, 67011, 978, 0, 0
3496, 0, 406, 579, 398, 0, 26.86%, 0, 0, 5, 18.47, 67105, 978, 0, 0
3501, 0, 99, 579, 398, 0, 26.86%, 0, 0, 5, 18.68, 67199, 978, 0, 0
3506, 0, 99, 580, 399, 0, 26.86%, 0, 0, 5, 19.48, 67305, 978, 0, 0
3511, 0, 401, 580, 398, 0, 26.86%, 0, 0, 5, 14.72, 67377, 978, 0, 0
3516, 0, 401, 580, 398, 0, 26.86%, 0, 0, 5, 12.78, 67441, 978, 0, 0
3522, 0, 401, 580, 398, 0, 26.86%, 0, 0, 5, 13.90, 67511, 978, 0, 0
3527, 0, 58, 580, 397, 0, 26.86%, 0, 0, 5, 19.31, 67613, 978, 0, 0
3532, 0, 232, 580, 397, 0, 26.86%, 0, 0, 5, 25.15, 67742, 978, 0, 0
3537, 0, 467, 580, 397, 0, 26.86%, 0, 0, 5, 24.55, 67871, 978, 0, 0
3542, 0, 465, 580, 397, 0, 26.86%, 0, 0, 5, 17.84, 67956, 978, 0, 0
3547, 0, 465, 580, 397, 0, 26.86%, 0, 0, 5, 16.28, 68035, 978, 0, 0
3552, 0, 109, 580, 395, 0, 26.86%, 0, 0, 5, 25.00, 68169, 978, 0, 0
3557, 0, 109, 580, 395, 0, 26.86%, 0, 0, 5, 38.98, 68382, 978, 0, 0
3562, 0, 18, 580, 395, 0, 26.86%, 0, 0, 5, 31.11, 68538, 978, 0, 0
3568, 0, 525, 580, 395, 0, 26.86%, 0, 0, 5, 29.65, 68681, 978, 0, 0
3573, 0, 525, 580, 395, 0, 26.86%, 0, 0, 5, 30.76, 68839, 978, 0, 0
3578, 0, 525, 580, 395, 0, 26.86%, 0, 0, 5, 30.60, 68991, 978, 0, 0
3583, 0, 525, 580, 395, 0, 26.86%, 0, 0, 5, 31.63, 69155, 978, 0, 0
3588, 0, 525, 580, 395, 0, 26.86%, 0, 0, 5, 31.34, 69312, 978, 0, 0
3594, 0, 565, 580, 394, 0, 26.86%, 0, 0, 5, 31.16, 69499, 978, 0, 0
3599, 0, 29, 580, 393, 0, 26.86%, 0, 0, 5, 26.01, 69631, 978, 0, 0
3605, 0, 521, 580, 393, 0, 26.86%, 0, 0, 5, 15.20, 69692, 978, 0, 0
3610, 0, 35, 580, 393, 0, 26.86%, 0, 0, 5, 17.56, 69781, 978, 0, 0
3615, 0, 133, 580, 392, 0, 26.86%, 0, 0, 5, 23.10, 69919, 978, 0, 0
3620, 0, 45, 580, 391, 0, 26.86%, 0, 0, 5, 23.80, 70045, 978, 0, 0
3625, 0, 568, 580, 390, 0, 26.86%, 0, 0, 5, 21.62, 70147, 978, 0, 0
3630, 0, 568, 580, 390, 0, 26.86%, 0, 0, 5, 21.06, 70255, 978, 0, 0
3636, 0, 414, 580, 389, 0, 26.86%, 0, 0, 5, 20.92, 70360, 978, 0, 0
3641, 0, 511, 580, 389, 0, 26.86%, 0, 0, 5, 14.90, 70428, 978, 0, 0
3646, 0, 511, 580, 389, 0, 26.86%, 0, 0, 5, 13.06, 70491, 978, 0, 0
3651, 0, 511, 580, 389, 0, 26.86%, 0, 0, 5, 12.39, 70554, 978, 0, 0
3656, 0, 511, 580, 389, 0, 26.86%, 0, 0, 5, 11.90, 70619, 978, 0, 0
3662, 0, 498, 580, 388, 0, 26.86%, 0, 0, 5, 14.45, 70695, 978, 0, 0
3667, 0, 498, 580, 388, 0, 26.86%, 0, 0, 5, 16.85, 70781, 978, 0, 0
3672, 0, 493, 580, 388, 0, 26.86%, 0, 0, 5, 17.14, 70868, 978, 0, 0
3677, 0, 493, 580, 388, 0, 26.86%, 0, 0, 5, 17.96, 70961, 978, 0, 0
3682, 0, 493, 580, 388, 0, 26.86%, 0, 0, 5, 17.85, 71052, 978, 0, 0
3687, 0, 493, 581, 389, 0, 26.86%, 0, 0, 5, 18.64, 71147, 978, 0, 0
3692, 0, 243, 581, 388, 0, 26.86%, 0, 0, 5, 20.16, 71253, 978, 0, 0
3697, 0, 34, 581, 388, 0, 26.86%, 0, 0, 5, 19.39, 71352, 978, 0, 0
3703, 0, 447, 581, 388, 0, 26.86%, 0, 0, 5, 19.97, 71456, 978, 0, 0
3708, 0, 506, 581, 388, 0, 26.86%, 0, 0, 5, 24.45, 71584, 978, 0, 0
3713, 0, 506, 581, 388, 0, 26.86%, 0, 0, 5, 16.95, 71667, 978, 0, 0
3718, 0, 506, 581, 388, 0, 26.86%, 0, 0, 5, 27.58, 71807, 978, 0, 0
3723, 0, 506, 581, 388, 0, 26.86%, 0, 0, 5, 32.55, 71979, 978, 0, 0
3728, 0, 506, 581, 388, 0, 26.86%, 0, 0, 5, 33.35, 72148, 978, 0, 0
3733, 0, 506, 581, 388, 0, 26.86%, 0, 0, 5, 33.88, 72322, 978, 0, 0
3738, 0, 506, 581, 388, 0, 26.86%, 0, 0, 5, 33.71, 72494, 978, 0, 0
3743, 0, 506, 581, 388, 0, 26.86%, 0, 0, 5, 33.44, 72664, 978, 0, 0
3749, 0, 506, 581, 388, 0, 26.86%, 0, 0, 5, 33.47, 72858, 978, 0, 0
3755, 0, 500, 581, 387, 0, 26.86%, 0, 0, 5, 19.15, 72941, 978, 0, 0
3760, 0, 500, 581, 387, 0, 26.86%, 0, 0, 5, 13.82, 73001, 978, 0, 0
3765, 0, 500, 581, 387, 0, 26.86%, 0, 0, 5, 12.31, 73061, 978, 0, 0
3770, 0, 500, 581, 387, 0, 26.86%, 0, 0, 5, 11.86, 73121, 978, 0, 0
3775, 0, 500, 581, 387, 0, 26.86%, 0, 0, 5, 12.82, 73186, 978, 0, 0
3780, 0, 278, 581, 386, 0, 26.86%, 0, 0, 5, 21.85, 73299, 978, 0, 0
3785, 0, 415, 581, 386, 0, 26.86%, 0, 0, 5, 23.49, 73425, 978, 0, 0
3790, 0, 415, 581, 386, 0, 26.86%, 0, 0, 5, 18.39, 73500, 978, 0, 0
3796, 0, 477, 581, 385, 0, 26.86%, 0, 0, 5, 16.08, 73574, 978, 0, 0
3801, 0, 60, 581, 384, 0, 26.86%, 0, 0, 5, 17.43, 73660, 978, 0, 0
3806, 0, 546, 581, 384, 0, 26.86%, 0, 0, 5, 18.19, 73757, 978, 0, 0
3811, 0, 546, 581, 384, 0, 26.86%, 0, 0, 5, 16.64, 73840, 978, 0, 0
3816, 0, 546, 581, 384, 0, 26.86%, 0, 0, 5, 15.66, 73917, 978, 0, 0
3821, 0, 546, 581, 384, 0, 26.86%, 0, 0, 5, 15.15, 73998, 978, 0, 0
3826, 0, 546, 581, 384, 0, 26.86%, 0, 0, 5, 13.94, 74067, 978, 0, 0
3831, 0, 546, 581, 384, 0, 26.86%, 0, 0, 5, 13.83, 74139, 978, 0, 0
3837, 0, 546, 581, 384, 0, 26.86%, 0, 0, 5, 14.06, 74210, 978, 0, 0
3842, 0, 546, 581, 384, 0, 26.86%, 0, 0, 5, 14.04, 74283, 978, 0, 0
3847, 0, 546, 581, 384, 0, 26.86%, 0, 0, 5, 14.02, 74355, 978, 0, 0
3852, 0, 546, 581, 384, 0, 26.86%, 0, 0, 5, 13.90, 74426, 978, 0, 0
3857, 0, 546, 583, 386, 0, 26.86%, 0, 0, 5, 13.52, 74494, 978, 0, 0
3862, 0, 386, 583, 385, 0, 26.86%, 0, 0, 5, 14.39, 74567, 978, 0, 0
3867, 0, 346, 583, 385, 0, 26.86%, 0, 0, 5, 14.81, 74639, 978, 0, 0
3872, 0, 109, 583, 385, 0, 26.86%, 0, 0, 5, 25.68, 74775, 978, 0, 0
3877, 0, 360, 583, 385, 0, 26.86%, 0, 0, 5, 18.64, 74868, 978, 0, 0
3882, 0, 360, 583, 385, 0, 26.86%, 0, 0, 5, 17.54, 74949, 978, 0, 0
3888, 0, 374, 583, 384, 0, 26.86%, 0, 0, 5, 13.70, 75013, 978, 0, 0
3893, 0, 374, 583, 384, 0, 26.86%, 0, 0, 5, 12.29, 75073, 978, 0, 0
3898, 0, 374, 583, 384, 0, 26.86%, 0, 0, 5, 13.54, 75143, 978, 0, 0
3903, 0, 555, 583, 383, 0, 26.86%, 0, 0, 5, 15.74, 75236, 978, 0, 0
3908, 0, 300, 583, 382, 0, 26.86%, 0, 0, 5, 16.74, 75324, 978, 0, 0
3914, 0, 300, 587, 385, 0, 26.86%, 0, 0, 5, 17.53, 75409, 978, 0, 0
3920, 0, 300, 594, 392, 0, 26.89%, 0, 0, 5, 16.24, 75493, 979, 0, 0
3922, 0, 300, 597, 395, 0, 26.89%, 0, 0, 5, 0.00, 75525, 979, 0, 0
