# relative_time, cycles_done, cur_item, corpus_count, pending_total, pending_favs, map_size, saved_crashes, saved_hangs, max_depth, execs_per_sec, total_execs, edges_found, total_crashes, servers_count
61, 0, 0, 68, 68, 18, 16.94%, 0, 0, 2, 7.64, 762, 2770, 0, 0
66, 0, 0, 70, 70, 18, 16.94%, 0, 0, 2, 7.58, 798, 2770, 0, 0
71, 0, 0, 72, 72, 18, 16.94%, 0, 0, 2, 7.68, 837, 2770, 0, 0
77, 0, 0, 73, 73, 18, 16.94%, 0, 0, 2, 7.46, 880, 2770, 0, 0
83, 0, 0, 75, 75, 18, 16.94%, 0, 0, 2, 7.42, 924, 2770, 0, 0
88, 0, 0, 76, 76, 18, 16.94%, 0, 0, 2, 7.53, 962, 2770, 0, 0
93, 0, 0, 76, 76, 18, 16.94%, 0, 0, 2, 7.61, 1001, 2770, 0, 0
98, 0, 0, 77, 77, 18, 16.94%, 0, 0, 2, 7.68, 1041, 2770, 0, 0
104, 0, 0, 78, 78, 18, 16.94%, 0, 0, 2, 7.58, 1081, 2770, 0, 0
109, 0, 0, 78, 78, 18, 16.94%, 0, 0, 2, 7.49, 1119, 2770, 0, 0
114, 0, 0, 78, 78, 18, 16.94%, 0, 0, 2, 7.49, 1157, 2770, 0, 0
119, 0, 0, 79, 79, 18, 16.94%, 0, 0, 2, 7.52, 1195, 2771, 0, 0
124, 0, 0, 79, 79, 18, 16.94%, 0, 0, 2, 7.57, 1235, 2771, 0, 0
129, 0, 0, 80, 80, 18, 16.96%, 0, 0, 2, 7.59, 1275, 2774, 0, 0
135, 0, 0, 80, 80, 18, 16.96%, 0, 0, 2, 7.67, 1315, 2774, 0, 0
140, 0, 0, 80, 80, 18, 16.96%, 0, 0, 2, 7.59, 1353, 2774, 0, 0
145, 0, 0, 80, 80, 18, 16.96%, 0, 0, 2, 7.70, 1393, 2774, 0, 0
150, 0, 0, 81, 81, 18, 16.96%, 0, 0, 2, 7.63, 1432, 2774, 0, 0
155, 0, 0, 81, 81, 18, 16.96%, 0, 0, 2, 7.65, 1470, 2774, 0, 0
160, 0, 0, 82, 82, 18, 16.96%, 0, 0, 2, 7.45, 1507, 2774, 0, 0
166, 0, 0, 82, 82, 18, 16.96%, 0, 0, 2, 7.67, 1547, 2774, 0, 0
171, 0, 0, 83, 83, 18, 16.96%, 0, 0, 2, 7.57, 1584, 2774, 0, 0
176, 0, 0, 83, 83, 18, 16.96%, 0, 0, 2, 7.58, 1622, 2774, 0, 0
181, 0, 0, 83, 83, 18, 16.96%, 0, 0, 2, 7.51, 1660, 2774, 0, 0
186, 0, 0, 83, 83, 18, 16.96%, 0, 0, 2, 7.60, 1698, 2774, 0, 0
191, 0, 0, 83, 83, 18, 16.96%, 0, 0, 2, 7.73, 1738, 2774, 0, 0
196, 0, 0, 83, 83, 18, 16.96%, 0, 0, 2, 7.67, 1776, 2774, 0, 0
201, 0, 0, 83, 83, 18, 16.96%, 0, 0, 2, 7.63, 1815, 2774, 0, 0
206, 0, 0, 83, 83, 18, 16.96%, 0, 0, 2, 7.53, 1853, 2774, 0, 0
211, 0, 0, 84, 84, 18, 16.97%, 0, 0, 2, 7.64, 1892, 2775, 0, 0
217, 0, 0, 85, 85, 18, 16.99%, 0, 0, 2, 7.67, 1932, 2778, 0, 0
222, 0, 0, 85, 85, 18, 16.99%, 0, 0, 2, 7.60, 1970, 2778, 0, 0
227, 0, 0, 85, 85, 18, 16.99%, 0, 0, 2, 7.50, 2008, 2778, 0, 0
232, 0, 0, 85, 85, 18, 16.99%, 0, 0, 2, 7.62, 2048, 2778, 0, 0
237, 0, 0, 85, 85, 18, 16.99%, 0, 0, 2, 7.69, 2088, 2778, 0, 0
242, 0, 0, 85, 85, 18, 16.99%, 0, 0, 2, 7.67, 2128, 2778, 0, 0
248, 0, 0, 85, 85, 18, 16.99%, 0, 0, 2, 7.63, 2168, 2778, 0, 0
254, 0, 0, 86, 86, 18, 16.99%, 0, 0, 2, 7.55, 2215, 2779, 0, 0
259, 0, 0, 86, 86, 18, 16.99%, 0, 0, 2, 7.47, 2253, 2779, 0, 0
264, 0, 0, 86, 86, 18, 16.99%, 0, 0, 2, 7.53, 2291, 2779, 0, 0
269, 0, 0, 86, 86, 18, 16.99%, 0, 0, 2, 7.57, 2329, 2779, 0, 0
274, 0, 0, 86, 86, 18, 16.99%, 0, 0, 2, 7.66, 2369, 2779, 0, 0
280, 0, 0, 86, 86, 18, 16.99%, 0, 0, 2, 7.66, 2409, 2779, 0, 0
285, 0, 0, 86, 86, 18, 16.99%, 0, 0, 2, 7.52, 2447, 2779, 0, 0
290, 0, 3, 86, 85, 41, 16.99%, 0, 0, 2, 7.88, 2489, 2779, 0, 0
295, 0, 3, 86, 85, 41, 16.99%, 0, 0, 2, 7.92, 2529, 2779, 0, 0
300, 0, 3, 86, 85, 41, 16.99%, 0, 0, 2, 8.00, 2571, 2779, 0, 0
307, 0, 3, 87, 86, 41, 16.99%, 0, 0, 2, 7.82, 2617, 2779, 0, 0
313, 0, 3, 88, 87, 41, 17.01%, 0, 0, 2, 7.80, 2658, 2781, 0, 0
319, 0, 3, 92, 91, 41, 17.10%, 0, 0, 2, 7.87, 2709, 2797, 0, 0
324, 0, 3, 95, 94, 41, 17.12%, 0, 0, 2, 7.90, 2750, 2799, 0, 0
329, 0, 3, 98, 97, 41, 17.12%, 0, 0, 2, 7.94, 2791, 2800, 0, 0
334, 0, 3, 101, 100, 41, 17.15%, 0, 0, 2, 7.98, 2832, 2804, 0, 0
341, 0, 3, 105, 104, 41, 17.18%, 0, 0, 2, 7.99, 2885, 2810, 0, 0
347, 0, 3, 109, 108, 41, 17.23%, 0, 0, 2, 8.01, 2938, 2817, 0, 0
353, 0, 3, 112, 111, 41, 17.28%, 0, 0, 2, 8.02, 2982, 2826, 0, 0
358, 0, 3, 115, 114, 41, 17.29%, 0, 0, 2, 8.02, 3025, 2827, 0, 0
363, 0, 3, 118, 117, 41, 17.32%, 0, 0, 2, 8.03, 3066, 2833, 0, 0
369, 0, 3, 121, 120, 41, 17.34%, 0, 0, 2, 8.03, 3109, 2835, 0, 0
375, 0, 3, 124, 123, 41, 17.34%, 0, 0, 2, 8.04, 3156, 2836, 0, 0
381, 0, 3, 127, 126, 41, 17.37%, 0, 0, 2, 8.04, 3206, 2840, 0, 0
387, 0, 3, 131, 130, 41, 17.39%, 0, 0, 2, 8.04, 3259, 2843, 0, 0
394, 0, 3, 135, 134, 41, 17.43%, 0, 0, 2, 8.04, 3312, 2850, 0, 0
400, 0, 3, 137, 136, 41, 17.43%, 0, 0, 2, 8.04, 3359, 2851, 0, 0
406, 0, 3, 140, 139, 41, 17.45%, 0, 0, 2, 8.05, 3406, 2854, 0, 0
411, 0, 3, 143, 142, 41, 17.46%, 0, 0, 2, 8.05, 3451, 2856, 0, 0
418, 0, 3, 146, 145, 41, 17.48%, 0, 0, 2, 8.04, 3502, 2858, 0, 0
423, 0, 3, 149, 148, 41, 17.50%, 0, 0, 2, 8.04, 3544, 2862, 0, 0
429, 0, 3, 153, 152, 41, 17.53%, 0, 0, 2, 8.05, 3597, 2867, 0, 0
436, 0, 3, 157, 156, 41, 17.56%, 0, 0, 2, 8.05, 3651, 2872, 0, 0
441, 0, 3, 160, 159, 41, 17.56%, 0, 0, 2, 8.05, 3694, 2872, 0, 0
447, 0, 3, 163, 162, 41, 17.58%, 0, 0, 2, 8.05, 3737, 2875, 0, 0
453, 0, 3, 165, 164, 41, 17.59%, 0, 0, 2, 8.05, 3787, 2876, 0, 0
459, 0, 3, 169, 168, 41, 17.62%, 0, 0, 2, 8.05, 3839, 2882, 0, 0
466, 0, 3, 173, 172, 41, 17.65%, 0, 0, 2, 8.05, 3891, 2887, 0, 0
471, 0, 3, 176, 175, 41, 17.66%, 0, 0, 2, 8.05, 3933, 2888, 0, 0
477, 0, 3, 179, 178, 41, 17.70%, 0, 0, 2, 8.04, 3981, 2894, 0, 0
483, 0, 3, 181, 180, 41, 17.73%, 0, 0, 2, 8.05, 4026, 2899, 0, 0
488, 0, 3, 184, 183, 41, 17.75%, 0, 0, 2, 8.05, 4068, 2902, 0, 0
493, 0, 3, 186, 185, 41, 17.76%, 0, 0, 2, 8.04, 4110, 2905, 0, 0
500, 0, 3, 189, 188, 41, 17.79%, 0, 0, 2, 8.05, 4163, 2910, 0, 0
505, 0, 3, 191, 190, 41, 17.81%, 0, 0, 2, 8.05, 4207, 2912, 0, 0
510, 0, 3, 194, 193, 41, 17.86%, 0, 0, 2, 8.05, 4250, 2921, 0, 0
516, 0, 3, 197, 196, 41, 17.87%, 0, 0, 2, 8.05, 4293, 2922, 0, 0
522, 0, 3, 200, 199, 41, 17.87%, 0, 0, 2, 8.06, 4340, 2923, 0, 0
527, 0, 3, 200, 199, 41, 17.87%, 0, 0, 2, 8.04, 4382, 2923, 0, 0
532, 0, 3, 203, 202, 41, 17.89%, 0, 0, 2, 8.04, 4426, 2926, 0, 0
538, 0, 3, 206, 205, 41, 17.91%, 0, 0, 2, 8.03, 4471, 2929, 0, 0
543, 0, 3, 208, 207, 41, 17.93%, 0, 0, 2, 8.05, 4512, 2932, 0, 0
549, 0, 3, 211, 210, 41, 17.97%, 0, 0, 2, 8.04, 4564, 2939, 0, 0
555, 0, 3, 214, 213, 41, 17.98%, 0, 0, 2, 8.05, 4607, 2940, 0, 0
561, 0, 3, 218, 217, 41, 17.99%, 0, 0, 2, 8.05, 4660, 2942, 0, 0
567, 0, 3, 220, 219, 41, 18.01%, 0, 0, 2, 8.05, 4702, 2945, 0, 0
573, 0, 3, 223, 222, 41, 18.04%, 0, 0, 2, 8.05, 4754, 2950, 0, 0
580, 0, 3, 227, 226, 41, 18.08%, 0, 0, 2, 8.05, 4807, 2957, 0, 0
585, 0, 3, 230, 229, 41, 18.13%, 0, 0, 2, 8.05, 4849, 2964, 0, 0
590, 0, 3, 232, 231, 41, 18.14%, 0, 0, 2, 8.05, 4891, 2966, 0, 0
596, 0, 3, 234, 233, 41, 18.16%, 0, 0, 2, 8.05, 4939, 2969, 0, 0
601, 0, 3, 235, 234, 41, 18.16%, 0, 0, 2, 8.04, 4980, 2970, 0, 0
607, 0, 3, 237, 236, 41, 18.17%, 0, 0, 2, 8.04, 5031, 2971, 0, 0
614, 0, 3, 238, 237, 41, 18.17%, 0, 0, 2, 8.04, 5082, 2972, 0, 0
620, 0, 3, 242, 241, 41, 18.19%, 0, 0, 2, 8.05, 5134, 2975, 0, 0
626, 0, 3, 245, 244, 41, 18.20%, 0, 0, 2, 8.05, 5178, 2976, 0, 0
632, 0, 3, 248, 247, 41, 18.30%, 0, 0, 2, 8.05, 5228, 2993, 0, 0
638, 0, 3, 251, 250, 41, 18.31%, 0, 0, 2, 8.05, 5280, 2994, 0, 0
644, 0, 3, 254, 253, 41, 18.31%, 0, 0, 2, 8.04, 5323, 2994, 0, 0
649, 0, 3, 256, 255, 41, 18.31%, 0, 0, 2, 8.04, 5365, 2994, 0, 0
654, 0, 3, 258, 257, 41, 18.31%, 0, 0, 2, 8.04, 5406, 2994, 0, 0
660, 0, 3, 259, 258, 41, 18.32%, 0, 0, 2, 8.04, 5454, 2996, 0, 0
666, 0, 3, 261, 260, 41, 18.32%, 0, 0, 2, 8.05, 5501, 2996, 0, 0
672, 0, 3, 264, 263, 41, 18.32%, 0, 0, 2, 8.05, 5553, 2996, 0, 0
677, 0, 3, 265, 264, 41, 18.35%, 0, 0, 2, 8.04, 5595, 3001, 0, 0
684, 0, 3, 268, 267, 41, 18.38%, 0, 0, 2, 8.05, 5647, 3006, 0, 0
689, 0, 3, 269, 268, 41, 18.39%, 0, 0, 2, 8.04, 5688, 3007, 0, 0
695, 0, 3, 272, 271, 41, 18.39%, 0, 0, 2, 8.04, 5737, 3007, 0, 0
701, 0, 3, 274, 273, 41, 18.39%, 0, 0, 2, 8.04, 5788, 3008, 0, 0
707, 0, 3, 277, 276, 41, 18.40%, 0, 0, 2, 8.05, 5832, 3009, 0, 0
712, 0, 3, 277, 276, 41, 18.40%, 0, 0, 2, 8.04, 5874, 3009, 0, 0
718, 0, 3, 279, 278, 41, 18.41%, 0, 0, 2, 8.04, 5922, 3011, 0, 0
724, 0, 3, 281, 280, 41, 18.42%, 0, 0, 2, 8.02, 5972, 3012, 0, 0
729, 0, 3, 283, 282, 41, 18.43%, 0, 0, 2, 8.03, 6013, 3014, 0, 0
735, 0, 3, 284, 283, 41, 18.43%, 0, 0, 2, 8.04, 6055, 3014, 0, 0
741, 0, 3, 287, 286, 41, 18.46%, 0, 0, 2, 8.05, 6108, 3019, 0, 0
746, 0, 3, 289, 288, 41, 18.49%, 0, 0, 2, 8.05, 6149, 3024, 0, 0
752, 0, 3, 292, 291, 41, 18.53%, 0, 0, 2, 8.05, 6199, 3031, 0, 0
758, 0, 3, 294, 293, 41, 18.53%, 0, 0, 2, 8.05, 6241, 3031, 0, 0
764, 0, 3, 296, 295, 41, 18.55%, 0, 0, 2, 8.03, 6289, 3034, 0, 0
769, 0, 3, 299, 298, 41, 18.56%, 0, 0, 2, 8.04, 6330, 3035, 0, 0
774, 0, 3, 301, 300, 41, 18.57%, 0, 0, 2, 8.04, 6371, 3037, 0, 0
779, 0, 3, 301, 300, 41, 18.57%, 0, 0, 2, 8.05, 6413, 3037, 0, 0
784, 0, 3, 303, 302, 41, 18.59%, 0, 0, 2, 8.05, 6455, 3040, 0, 0
789, 0, 3, 304, 303, 41, 18.60%, 0, 0, 2, 8.05, 6496, 3041, 0, 0
794, 0, 3, 305, 304, 41, 18.60%, 0, 0, 2, 8.04, 6537, 3041, 0, 0
801, 0, 3, 308, 307, 41, 18.60%, 0, 0, 2, 8.04, 6588, 3042, 0, 0
806, 0, 3, 311, 310, 41, 18.61%, 0, 0, 2, 8.04, 6632, 3043, 0, 0
811, 0, 3, 312, 311, 41, 18.61%, 0, 0, 2, 8.04, 6674, 3043, 0, 0
817, 0, 3, 312, 311, 41, 18.61%, 0, 0, 2, 8.04, 6716, 3043, 0, 0
822, 0, 3, 313, 312, 41, 18.61%, 0, 0, 2, 8.03, 6758, 3043, 0, 0
828, 0, 3, 314, 313, 41, 18.61%, 0, 0, 2, 8.05, 6804, 3044, 0, 0
833, 0, 3, 315, 314, 41, 18.62%, 0, 0, 2, 8.05, 6846, 3045, 0, 0
838, 0, 3, 315, 314, 41, 18.62%, 0, 0, 2, 8.05, 6888, 3045, 0, 0
843, 0, 3, 315, 314, 41, 18.62%, 0, 0, 2, 8.04, 6930, 3045, 0, 0
849, 0, 3, 315, 314, 41, 18.62%, 0, 0, 2, 8.03, 6972, 3045, 0, 0
855, 0, 3, 317, 316, 41, 18.63%, 0, 0, 2, 8.04, 7022, 3047, 0, 0
860, 0, 3, 318, 317, 41, 18.63%, 0, 0, 2, 8.04, 7064, 3047, 0, 0
865, 0, 3, 318, 317, 41, 18.63%, 0, 0, 2, 8.04, 7106, 3047, 0, 0
871, 0, 3, 319, 318, 41, 18.65%, 0, 0, 2, 8.03, 7149, 3050, 0, 0
876, 0, 3, 319, 318, 41, 18.65%, 0, 0, 2, 8.05, 7191, 3050, 0, 0
881, 0, 3, 320, 319, 41, 18.66%, 0, 0, 2, 8.04, 7233, 3051, 0, 0
886, 0, 3, 321, 320, 41, 18.66%, 0, 0, 2, 8.04, 7274, 3052, 0, 0
891, 0, 3, 321, 320, 41, 18.66%, 0, 0, 2, 8.04, 7316, 3052, 0, 0
897, 0, 3, 322, 321, 41, 18.68%, 0, 0, 2, 8.05, 7358, 3054, 0, 0
902, 0, 3, 322, 321, 41, 18.68%, 0, 0, 2, 8.06, 7400, 3054, 0, 0
908, 0, 3, 325, 324, 41, 18.69%, 0, 0, 2, 8.06, 7453, 3057, 0, 0
914, 0, 3, 325, 324, 41, 18.69%, 0, 0, 2, 8.03, 7495, 3057, 0, 0
919, 0, 3, 325, 324, 41, 18.69%, 0, 0, 2, 8.04, 7537, 3057, 0, 0
924, 0, 3, 326, 325, 41, 18.69%, 0, 0, 2, 8.05, 7583, 3057, 0, 0
930, 0, 3, 327, 326, 41, 18.69%, 0, 0, 2, 8.03, 7625, 3057, 0, 0
935, 0, 3, 327, 326, 41, 18.69%, 0, 0, 2, 7.99, 7665, 3057, 0, 0
940, 0, 3, 328, 327, 41, 18.70%, 0, 0, 2, 8.01, 7706, 3058, 0, 0
945, 0, 3, 328, 327, 41, 18.70%, 0, 0, 2, 8.04, 7748, 3058, 0, 0
950, 0, 3, 328, 327, 41, 18.70%, 0, 0, 2, 8.04, 7790, 3058, 0, 0
955, 0, 3, 328, 327, 41, 18.70%, 0, 0, 2, 8.00, 7830, 3058, 0, 0
960, 0, 3, 328, 327, 41, 18.70%, 0, 0, 2, 8.00, 7870, 3058, 0, 0
966, 0, 3, 328, 327, 41, 18.70%, 0, 0, 2, 8.03, 7912, 3058, 0, 0
971, 0, 3, 328, 327, 41, 18.70%, 0, 0, 2, 8.04, 7954, 3058, 0, 0
976, 0, 3, 329, 328, 41, 18.71%, 0, 0, 2, 8.01, 7994, 3059, 0, 0
981, 0, 3, 330, 329, 41, 18.71%, 0, 0, 2, 8.03, 8035, 3059, 0, 0
986, 0, 3, 330, 329, 41, 18.71%, 0, 0, 2, 8.02, 8077, 3059, 0, 0
991, 0, 3, 330, 329, 41, 18.71%, 0, 0, 2, 8.03, 8119, 3059, 0, 0
997, 0, 3, 330, 329, 41, 18.71%, 0, 0, 2, 8.04, 8161, 3059, 0, 0
1002, 0, 3, 330, 329, 41, 18.71%, 0, 0, 2, 8.03, 8203, 3059, 0, 0
1007, 0, 3, 330, 329, 41, 18.71%, 0, 0, 2, 8.04, 8245, 3059, 0, 0
1012, 0, 3, 330, 329, 41, 18.71%, 0, 0, 2, 8.03, 8287, 3059, 0, 0
1017, 0, 3, 330, 329, 41, 18.71%, 0, 0, 2, 8.04, 8329, 3059, 0, 0
1023, 0, 3, 330, 329, 41, 18.71%, 0, 0, 2, 8.05, 8371, 3059, 0, 0
1028, 0, 3, 330, 329, 41, 18.71%, 0, 0, 2, 7.99, 8411, 3059, 0, 0
1033, 0, 3, 330, 329, 41, 18.71%, 0, 0, 2, 8.04, 8453, 3059, 0, 0
1038, 0, 3, 330, 329, 41, 18.71%, 0, 0, 2, 8.02, 8495, 3059, 0, 0
1043, 0, 3, 331, 330, 41, 18.71%, 0, 0, 2, 8.04, 8536, 3059, 0, 0
1048, 0, 3, 331, 330, 41, 18.71%, 0, 0, 2, 8.04, 8578, 3059, 0, 0
1054, 0, 3, 331, 330, 41, 18.71%, 0, 0, 2, 8.04, 8620, 3059, 0, 0
1059, 0, 3, 331, 330, 41, 18.71%, 0, 0, 2, 8.05, 8662, 3059, 0, 0
1065, 0, 3, 333, 332, 41, 18.73%, 0, 0, 2, 8.05, 8714, 3063, 0, 0
1071, 0, 3, 333, 332, 41, 18.73%, 0, 0, 2, 8.04, 8756, 3063, 0, 0
1077, 0, 3, 335, 334, 41, 18.74%, 0, 0, 2, 8.04, 8805, 3064, 0, 0
1082, 0, 3, 336, 335, 41, 18.74%, 0, 0, 2, 8.05, 8847, 3065, 0, 0
1088, 0, 3, 338, 337, 41, 18.74%, 0, 0, 2, 8.04, 8898, 3065, 0, 0
1093, 0, 3, 338, 337, 41, 18.74%, 0, 0, 2, 8.04, 8940, 3065, 0, 0
1099, 0, 3, 338, 337, 41, 18.74%, 0, 0, 2, 8.04, 8982, 3065, 0, 0
1104, 0, 3, 338, 337, 41, 18.74%, 0, 0, 2, 8.04, 9024, 3065, 0, 0
1109, 0, 3, 338, 337, 41, 18.74%, 0, 0, 2, 8.05, 9066, 3065, 0, 0
1115, 0, 3, 339, 338, 41, 18.75%, 0, 0, 2, 8.05, 9112, 3066, 0, 0
1120, 0, 3, 341, 340, 41, 18.76%, 0, 0, 2, 8.06, 9154, 3068, 0, 0
1125, 0, 3, 341, 340, 41, 18.76%, 0, 0, 2, 8.05, 9196, 3068, 0, 0
1131, 0, 3, 341, 340, 41, 18.76%, 0, 0, 2, 8.01, 9238, 3068, 0, 0
1136, 0, 3, 341, 340, 41, 18.76%, 0, 0, 2, 8.03, 9280, 3068, 0, 0
1141, 0, 3, 341, 340, 41, 18.76%, 0, 0, 2, 8.04, 9322, 3068, 0, 0
1146, 0, 3, 341, 340, 41, 18.76%, 0, 0, 2, 8.05, 9364, 3068, 0, 0
1151, 0, 3, 341, 340, 41, 18.76%, 0, 0, 2, 8.04, 9406, 3068, 0, 0
1157, 0, 3, 342, 341, 41, 18.77%, 0, 0, 2, 8.04, 9451, 3069, 0, 0
1162, 0, 3, 342, 341, 41, 18.77%, 0, 0, 2, 8.05, 9493, 3069, 0, 0
1167, 0, 3, 342, 341, 41, 18.77%, 0, 0, 2, 8.06, 9535, 3069, 0, 0
1173, 0, 3, 342, 341, 41, 18.77%, 0, 0, 2, 8.05, 9577, 3069, 0, 0
1178, 0, 3, 342, 341, 41, 18.77%, 0, 0, 2, 8.04, 9619, 3069, 0, 0
1183, 0, 3, 342, 341, 41, 18.77%, 0, 0, 2, 8.03, 9661, 3069, 0, 0
1188, 0, 3, 342, 341, 41, 18.77%, 0, 0, 2, 8.04, 9703, 3069, 0, 0
1194, 0, 3, 342, 341, 41, 18.77%, 0, 0, 2, 8.03, 9745, 3069, 0, 0
1199, 0, 3, 342, 341, 41, 18.77%, 0, 0, 2, 8.04, 9787, 3069, 0, 0
1204, 0, 3, 342, 341, 41, 18.77%, 0, 0, 2, 8.03, 9829, 3069, 0, 0
1209, 0, 3, 342, 341, 41, 18.77%, 0, 0, 2, 8.06, 9871, 3069, 0, 0
1214, 0, 3, 344, 343, 41, 18.77%, 0, 0, 2, 8.02, 9913, 3070, 0, 0
1220, 0, 3, 346, 345, 41, 18.78%, 0, 0, 2, 8.02, 9954, 3071, 0, 0
1225, 0, 3, 348, 347, 41, 18.78%, 0, 0, 2, 7.96, 9994, 3071, 0, 0
1230, 0, 3, 350, 349, 41, 18.79%, 0, 0, 2, 7.93, 10034, 3072, 0, 0
1235, 0, 3, 351, 350, 41, 18.79%, 0, 0, 2, 7.98, 10075, 3073, 0, 0
1240, 0, 3, 352, 351, 41, 18.79%, 0, 0, 2, 8.00, 10117, 3073, 0, 0
1245, 0, 3, 353, 352, 41, 18.79%, 0, 0, 2, 7.94, 10157, 3073, 0, 0
1250, 0, 3, 355, 354, 41, 18.80%, 0, 0, 2, 7.97, 10198, 3074, 0, 0
1256, 0, 3, 357, 356, 41, 18.80%, 0, 0, 2, 7.98, 10248, 3074, 0, 0
1261, 0, 3, 357, 356, 41, 18.80%, 0, 0, 2, 7.98, 10288, 3074, 0, 0
1266, 0, 3, 357, 356, 41, 18.80%, 0, 0, 2, 7.95, 10328, 3074, 0, 0
1271, 0, 3, 358, 357, 41, 18.81%, 0, 0, 2, 7.99, 10369, 3076, 0, 0
1277, 0, 3, 360, 359, 41, 18.82%, 0, 0, 2, 7.98, 10410, 3077, 0, 0
1282, 0, 3, 363, 362, 41, 18.82%, 0, 0, 2, 8.00, 10454, 3077, 0, 0
1287, 0, 3, 364, 363, 41, 18.82%, 0, 0, 2, 8.01, 10495, 3078, 0, 0
1293, 0, 3, 366, 365, 41, 18.82%, 0, 0, 2, 7.97, 10543, 3078, 0, 0
1299, 0, 3, 367, 366, 41, 18.82%, 0, 0, 2, 7.98, 10593, 3078, 0, 0
1305, 0, 3, 368, 367, 41, 18.82%, 0, 0, 2, 7.98, 10634, 3078, 0, 0
1311, 0, 3, 370, 369, 41, 18.83%, 0, 0, 2, 8.00, 10686, 3079, 0, 0
1316, 0, 3, 370, 369, 41, 18.83%, 0, 0, 2, 7.94, 10726, 3079, 0, 0
1321, 0, 3, 370, 369, 41, 18.83%, 0, 1, 2, 7.78, 10757, 3079, 0, 0
1326, 0, 3, 372, 371, 41, 18.83%, 0, 1, 2, 7.92, 10799, 3079, 0, 0
1333, 0, 3, 374, 373, 41, 18.83%, 0, 1, 2, 7.93, 10849, 3080, 0, 0
1338, 0, 3, 376, 375, 41, 18.90%, 0, 1, 2, 7.95, 10895, 3090, 0, 0
1344, 0, 3, 377, 376, 41, 18.90%, 0, 1, 2, 7.95, 10936, 3090, 0, 0
1349, 0, 3, 379, 378, 41, 18.90%, 0, 1, 2, 7.95, 10983, 3091, 0, 0
1355, 0, 3, 380, 379, 41, 18.91%, 0, 1, 2, 7.99, 11024, 3092, 0, 0
1360, 0, 3, 382, 381, 41, 18.91%, 0, 1, 2, 8.01, 11065, 3092, 0, 0
1365, 0, 3, 383, 382, 41, 18.91%, 0, 1, 2, 7.98, 11106, 3092, 0, 0
1371, 0, 3, 384, 383, 41, 18.91%, 0, 1, 2, 8.01, 11152, 3093, 0, 0
1376, 0, 3, 385, 384, 41, 18.91%, 0, 1, 2, 7.97, 11192, 3093, 0, 0
1381, 0, 3, 386, 385, 41, 18.91%, 0, 1, 2, 7.99, 11233, 3093, 0, 0
1387, 0, 3, 388, 387, 41, 18.91%, 0, 1, 2, 8.00, 11282, 3093, 0, 0
1392, 0, 3, 389, 388, 41, 18.91%, 0, 1, 2, 7.98, 11323, 3093, 0, 0
1397, 0, 3, 391, 390, 41, 18.92%, 0, 1, 2, 8.00, 11364, 3094, 0, 0
1402, 0, 3, 392, 391, 41, 18.92%, 0, 1, 2, 7.99, 11405, 3094, 0, 0
1408, 0, 3, 393, 392, 41, 18.92%, 0, 1, 2, 8.01, 11451, 3094, 0, 0
1414, 0, 3, 395, 394, 41, 18.95%, 0, 1, 2, 8.00, 11500, 3099, 0, 0
1419, 0, 3, 395, 394, 41, 18.95%, 0, 1, 2, 7.99, 11540, 3099, 0, 0
1424, 0, 3, 396, 395, 41, 18.95%, 0, 1, 2, 8.01, 11581, 3099, 0, 0
1431, 0, 3, 397, 396, 41, 18.96%, 0, 1, 2, 7.98, 11633, 3100, 0, 0
1436, 0, 3, 398, 397, 41, 18.96%, 0, 1, 2, 7.96, 11674, 3100, 0, 0
1441, 0, 3, 399, 398, 41, 18.96%, 0, 1, 2, 7.98, 11714, 3100, 0, 0
1446, 0, 3, 400, 399, 41, 18.96%, 0, 1, 2, 7.99, 11755, 3101, 0, 0
1452, 0, 3, 401, 400, 41, 18.97%, 0, 1, 2, 8.02, 11808, 3102, 0, 0
1457, 0, 3, 401, 400, 41, 18.97%, 0, 1, 2, 7.99, 11848, 3102, 0, 0
1463, 0, 3, 402, 401, 41, 18.98%, 0, 1, 2, 7.99, 11889, 3103, 0, 0
1468, 0, 3, 403, 402, 41, 18.98%, 0, 1, 2, 7.99, 11930, 3103, 0, 0
1474, 0, 3, 405, 404, 41, 19.02%, 0, 1, 2, 8.01, 11981, 3111, 0, 0
1479, 0, 3, 406, 405, 41, 19.02%, 0, 1, 2, 7.99, 12022, 3111, 0, 0
1484, 0, 3, 406, 405, 41, 19.02%, 0, 1, 2, 7.99, 12062, 3111, 0, 0
1489, 0, 3, 408, 407, 41, 19.03%, 0, 1, 2, 7.99, 12104, 3112, 0, 0
1495, 0, 3, 409, 408, 41, 19.07%, 0, 1, 2, 8.01, 12146, 3119, 0, 0
1500, 0, 3, 409, 408, 41, 19.07%, 0, 1, 2, 7.97, 12186, 3119, 0, 0
1506, 0, 3, 411, 410, 41, 19.07%, 0, 1, 2, 7.93, 12233, 3119, 0, 0
1511, 0, 3, 411, 410, 41, 19.07%, 0, 1, 2, 7.94, 12273, 3119, 0, 0
1516, 0, 3, 413, 412, 41, 19.07%, 0, 1, 2, 7.95, 12317, 3119, 0, 0
1521, 0, 3, 413, 412, 41, 19.07%, 0, 1, 2, 7.93, 12357, 3119, 0, 0
1529, 0, 3, 415, 414, 41, 19.07%, 0, 1, 2, 7.66, 12393, 3119, 0, 0
1534, 0, 3, 415, 414, 41, 19.07%, 0, 1, 2, 7.92, 12435, 3119, 0, 0
1539, 0, 3, 416, 415, 41, 19.08%, 0, 1, 2, 7.99, 12478, 3120, 0, 0
1544, 0, 3, 417, 416, 41, 19.08%, 0, 1, 2, 8.00, 12519, 3120, 0, 0
1549, 0, 3, 418, 417, 41, 19.09%, 0, 1, 2, 7.97, 12560, 3121, 0, 0
1555, 0, 3, 419, 418, 41, 19.09%, 0, 1, 2, 7.97, 12601, 3121, 0, 0
1560, 0, 3, 420, 419, 41, 19.09%, 0, 1, 2, 7.97, 12642, 3121, 0, 0
1565, 0, 3, 422, 421, 41, 19.09%, 0, 1, 2, 8.00, 12684, 3121, 0, 0
1570, 0, 3, 423, 422, 41, 19.09%, 0, 1, 2, 8.02, 12726, 3121, 0, 0
1575, 0, 3, 424, 423, 41, 19.09%, 0, 1, 2, 8.01, 12768, 3121, 0, 0
1581, 0, 3, 425, 424, 41, 19.10%, 0, 1, 2, 8.01, 12810, 3123, 0, 0
1586, 0, 3, 426, 425, 41, 19.10%, 0, 1, 2, 7.98, 12850, 3123, 0, 0
1591, 0, 3, 427, 426, 41, 19.10%, 0, 1, 2, 7.99, 12891, 3123, 0, 0
1596, 0, 3, 428, 427, 41, 19.10%, 0, 1, 2, 8.01, 12932, 3123, 0, 0
1601, 0, 3, 428, 427, 41, 19.10%, 0, 1, 2, 7.95, 12972, 3123, 0, 0
1606, 0, 3, 428, 427, 41, 19.10%, 0, 1, 2, 7.99, 13014, 3123, 0, 0
1611, 0, 3, 428, 427, 41, 19.10%, 0, 1, 2, 7.96, 13054, 3123, 0, 0
1616, 0, 3, 428, 427, 41, 19.10%, 0, 1, 2, 7.97, 13094, 3123, 0, 0
1621, 0, 3, 428, 427, 41, 19.10%, 0, 1, 2, 7.98, 13134, 3123, 0, 0
1626, 0, 3, 428, 427, 41, 19.10%, 0, 1, 2, 8.00, 13174, 3123, 0, 0
1631, 0, 3, 428, 427, 41, 19.10%, 0, 1, 2, 7.98, 13214, 3123, 0, 0
1636, 0, 3, 429, 428, 41, 19.10%, 0, 1, 2, 7.99, 13254, 3123, 0, 0
1641, 0, 3, 430, 429, 41, 19.10%, 0, 1, 2, 8.00, 13295, 3123, 0, 0
1647, 0, 3, 431, 430, 41, 19.10%, 0, 1, 2, 7.96, 13337, 3123, 0, 0
1652, 0, 3, 431, 430, 41, 19.10%, 0, 1, 2, 8.01, 13379, 3123, 0, 0
1658, 0, 3, 433, 432, 41, 19.10%, 0, 1, 2, 7.93, 13426, 3124, 0, 0
1663, 0, 3, 433, 432, 41, 19.10%, 0, 1, 2, 7.95, 13466, 3124, 0, 0
1668, 0, 3, 435, 434, 41, 19.10%, 0, 1, 2, 7.95, 13508, 3124, 0, 0
1673, 0, 3, 435, 434, 41, 19.10%, 0, 1, 2, 7.97, 13548, 3124, 0, 0
1678, 0, 3, 435, 434, 41, 19.10%, 0, 1, 2, 7.98, 13588, 3124, 0, 0
1683, 0, 3, 435, 434, 41, 19.10%, 0, 1, 2, 7.97, 13628, 3124, 0, 0
1688, 0, 3, 435, 434, 41, 19.10%, 0, 1, 2, 7.98, 13668, 3124, 0, 0
1693, 0, 3, 436, 435, 41, 19.10%, 0, 1, 2, 7.97, 13709, 3124, 0, 0
1698, 0, 3, 436, 435, 41, 19.10%, 0, 1, 2, 7.96, 13749, 3124, 0, 0
1704, 0, 3, 438, 437, 41, 19.10%, 0, 1, 2, 7.94, 13792, 3124, 0, 0
1709, 0, 3, 438, 437, 41, 19.10%, 0, 1, 2, 8.00, 13834, 3124, 0, 0
1714, 0, 3, 438, 437, 41, 19.10%, 0, 1, 2, 7.99, 13874, 3124, 0, 0
1719, 0, 3, 438, 437, 41, 19.10%, 0, 1, 2, 7.80, 13913, 3124, 0, 0
1724, 0, 3, 438, 437, 41, 19.10%, 0, 1, 2, 7.92, 13953, 3124, 0, 0
1729, 0, 3, 438, 437, 41, 19.10%, 0, 1, 2, 7.97, 13993, 3124, 0, 0
1734, 0, 3, 439, 438, 41, 19.10%, 0, 1, 2, 7.96, 14033, 3124, 0, 0
1739, 0, 3, 441, 440, 41, 19.11%, 0, 1, 2, 7.98, 14075, 3125, 0, 0
1745, 0, 3, 441, 440, 41, 19.11%, 0, 1, 2, 8.02, 14117, 3125, 0, 0
1750, 0, 3, 441, 440, 41, 19.11%, 0, 1, 2, 7.98, 14157, 3125, 0, 0
1755, 0, 3, 442, 441, 41, 19.11%, 0, 1, 2, 7.97, 14198, 3125, 0, 0
1760, 0, 3, 442, 441, 41, 19.11%, 0, 1, 2, 7.95, 14238, 3125, 0, 0
1765, 0, 3, 442, 441, 41, 19.11%, 0, 1, 2, 7.94, 14278, 3125, 0, 0
1770, 0, 3, 443, 442, 41, 19.12%, 0, 1, 2, 7.98, 14323, 3126, 0, 0
1775, 0, 3, 444, 443, 41, 19.12%, 0, 1, 2, 7.97, 14363, 3126, 0, 0
1781, 0, 3, 444, 443, 41, 19.12%, 0, 1, 2, 8.01, 14405, 3126, 0, 0
1786, 0, 3, 444, 443, 41, 19.12%, 0, 1, 2, 7.99, 14445, 3126, 0, 0
1791, 0, 3, 446, 445, 41, 19.12%, 0, 1, 2, 7.98, 14487, 3126, 0, 0
1796, 0, 3, 446, 445, 41, 19.12%, 0, 1, 2, 7.97, 14527, 3126, 0, 0
1801, 0, 3, 446, 445, 41, 19.12%, 0, 1, 2, 8.02, 14569, 3126, 0, 0
1806, 0, 3, 446, 445, 41, 19.12%, 0, 1, 2, 7.99, 14609, 3126, 0, 0
1811, 0, 3, 446, 445, 41, 19.12%, 0, 1, 2, 7.89, 14648, 3126, 0, 0
1816, 0, 3, 446, 445, 41, 19.12%, 0, 1, 2, 7.97, 14688, 3126, 0, 0
1821, 0, 3, 446, 445, 41, 19.12%, 0, 1, 2, 7.98, 14728, 3126, 0, 0
1826, 0, 3, 446, 445, 41, 19.12%, 0, 1, 2, 8.03, 14770, 3126, 0, 0
1833, 0, 3, 447, 446, 41, 19.12%, 0, 1, 2, 8.01, 14822, 3126, 0, 0
1838, 0, 3, 448, 447, 41, 19.12%, 0, 1, 2, 8.02, 14864, 3126, 0, 0
1843, 0, 3, 449, 448, 41, 19.12%, 0, 1, 2, 7.73, 14903, 3126, 0, 0
1848, 0, 3, 449, 448, 41, 19.12%, 0, 1, 2, 7.82, 14943, 3126, 0, 0
1854, 0, 3, 450, 449, 41, 19.12%, 0, 1, 2, 7.89, 14984, 3126, 0, 0
1859, 0, 3, 450, 449, 41, 19.12%, 0, 1, 2, 7.99, 15026, 3126, 0, 0
1864, 0, 3, 451, 450, 41, 19.12%, 0, 1, 2, 8.03, 15067, 3126, 0, 0
1869, 0, 3, 453, 452, 41, 19.12%, 0, 1, 2, 8.01, 15109, 3127, 0, 0
1874, 0, 3, 453, 452, 41, 19.12%, 0, 1, 2, 7.97, 15149, 3127, 0, 0
1879, 0, 3, 453, 452, 41, 19.12%, 0, 1, 2, 7.84, 15188, 3127, 0, 0
1884, 0, 3, 453, 452, 41, 19.12%, 0, 1, 2, 7.93, 15228, 3127, 0, 0
1889, 0, 3, 453, 452, 41, 19.12%, 0, 1, 2, 7.96, 15268, 3127, 0, 0
1894, 0, 3, 453, 452, 41, 19.12%, 0, 1, 2, 7.98, 15308, 3127, 0, 0
1899, 0, 3, 453, 452, 41, 19.12%, 0, 1, 2, 7.99, 15348, 3127, 0, 0
1905, 0, 3, 453, 452, 41, 19.12%, 0, 1, 2, 8.03, 15390, 3127, 0, 0
1910, 0, 3, 453, 452, 41, 19.12%, 0, 1, 2, 8.00, 15430, 3127, 0, 0
1915, 0, 3, 453, 452, 41, 19.12%, 0, 1, 2, 8.00, 15472, 3127, 0, 0
1920, 0, 3, 454, 453, 41, 19.12%, 0, 1, 2, 7.99, 15512, 3127, 0, 0
1925, 0, 3, 454, 453, 41, 19.12%, 0, 1, 2, 8.02, 15554, 3127, 0, 0
1930, 0, 3, 454, 453, 41, 19.12%, 0, 1, 2, 8.01, 15596, 3127, 0, 0
1935, 0, 3, 454, 453, 41, 19.12%, 0, 1, 2, 8.00, 15636, 3127, 0, 0
1940, 0, 3, 454, 453, 41, 19.12%, 0, 1, 2, 7.91, 15675, 3127, 0, 0
1945, 0, 3, 454, 453, 41, 19.12%, 0, 1, 2, 7.95, 15715, 3127, 0, 0
1950, 0, 3, 454, 453, 41, 19.12%, 0, 1, 2, 7.97, 15755, 3127, 0, 0
1956, 0, 3, 456, 455, 41, 19.12%, 0, 1, 2, 7.98, 15797, 3127, 0, 0
1961, 0, 3, 456, 455, 41, 19.12%, 0, 1, 2, 7.92, 15837, 3127, 0, 0
1966, 0, 3, 457, 456, 41, 19.13%, 0, 1, 2, 7.97, 15878, 3128, 0, 0
1971, 0, 3, 458, 457, 41, 19.27%, 0, 1, 2, 7.99, 15920, 3151, 0, 0
1976, 0, 3, 458, 457, 41, 19.27%, 0, 1, 2, 7.99, 15960, 3151, 0, 0
1981, 0, 3, 458, 457, 41, 19.27%, 0, 1, 2, 7.70, 15999, 3151, 0, 0
1986, 0, 3, 458, 457, 41, 19.27%, 0, 1, 2, 7.94, 16041, 3151, 0, 0
1991, 0, 3, 459, 458, 41, 19.27%, 0, 1, 2, 7.94, 16081, 3151, 0, 0
1997, 0, 3, 459, 458, 41, 19.27%, 0, 1, 2, 7.88, 16121, 3151, 0, 0
2002, 0, 3, 459, 458, 41, 19.27%, 0, 1, 2, 7.93, 16161, 3151, 0, 0
2007, 0, 3, 459, 458, 41, 19.27%, 0, 1, 2, 7.99, 16203, 3151, 0, 0
2014, 0, 3, 461, 459, 40, 19.34%, 0, 1, 2, 7.68, 16247, 3163, 0, 0
2019, 0, 3, 463, 461, 40, 19.35%, 0, 1, 2, 7.48, 16285, 3164, 0, 0
2025, 0, 3, 467, 465, 40, 19.39%, 0, 1, 2, 7.57, 16332, 3171, 0, 0
2031, 0, 3, 471, 469, 40, 19.56%, 0, 1, 2, 7.74, 16377, 3198, 0, 0
2036, 0, 3, 475, 473, 40, 19.57%, 0, 1, 2, 7.81, 16421, 3201, 0, 0
2042, 0, 3, 479, 477, 40, 19.59%, 0, 1, 2, 7.88, 16468, 3203, 0, 0
2048, 0, 3, 483, 481, 40, 19.67%, 0, 1, 2, 7.94, 16511, 3216, 0, 0
2053, 0, 3, 487, 485, 40, 19.68%, 0, 1, 2, 7.97, 16556, 3219, 0, 0
2058, 0, 3, 491, 489, 40, 19.83%, 0, 1, 2, 7.98, 16598, 3242, 0, 0
2064, 0, 3, 495, 493, 40, 19.84%, 0, 1, 2, 8.00, 16642, 3245, 0, 0
2070, 0, 3, 499, 497, 40, 19.84%, 0, 1, 2, 8.01, 16687, 3245, 0, 0
2075, 0, 3, 502, 500, 40, 19.86%, 0, 1, 2, 8.01, 16729, 3247, 0, 0
2081, 0, 3, 505, 503, 40, 19.87%, 0, 1, 2, 8.02, 16779, 3249, 0, 0
2087, 0, 3, 508, 506, 40, 19.90%, 0, 1, 2, 8.02, 16825, 3254, 0, 0
2093, 0, 3, 512, 510, 40, 19.91%, 0, 1, 2, 8.02, 16873, 3256, 0, 0
2098, 0, 3, 516, 514, 40, 19.94%, 0, 1, 2, 8.02, 16919, 3261, 0, 0
2104, 0, 3, 520, 518, 40, 19.96%, 0, 1, 2, 7.68, 16958, 3264, 0, 0
2110, 0, 3, 524, 522, 40, 20.00%, 0, 1, 2, 7.81, 17011, 3270, 0, 0
2116, 0, 3, 528, 526, 40, 20.03%, 0, 1, 2, 7.87, 17053, 3276, 0, 0
2121, 0, 3, 531, 529, 40, 20.06%, 0, 1, 2, 7.66, 17092, 3280, 0, 0
2126, 0, 3, 534, 532, 40, 20.06%, 0, 1, 2, 7.83, 17133, 3280, 0, 0
2131, 0, 3, 537, 535, 40, 20.06%, 0, 1, 2, 7.95, 17178, 3280, 0, 0
2137, 0, 3, 540, 538, 40, 20.06%, 0, 1, 2, 8.00, 17222, 3280, 0, 0
2143, 0, 3, 544, 542, 40, 20.06%, 0, 1, 2, 8.02, 17272, 3280, 0, 0
2148, 0, 7, 544, 542, 245, 20.06%, 0, 1, 2, 6.89, 17305, 3280, 0, 0
2153, 0, 7, 544, 542, 245, 20.06%, 0, 1, 2, 6.70, 17341, 3280, 0, 0
2158, 0, 7, 544, 542, 245, 20.06%, 0, 1, 2, 7.40, 17376, 3280, 0, 0
2164, 0, 7, 545, 543, 245, 20.06%, 0, 1, 2, 7.99, 17425, 3281, 0, 0
2170, 0, 7, 547, 545, 245, 20.09%, 0, 1, 2, 7.33, 17450, 3285, 0, 0
2179, 0, 7, 549, 547, 245, 20.11%, 0, 1, 2, 6.56, 17478, 3288, 0, 0
2184, 0, 7, 550, 548, 245, 20.11%, 0, 1, 2, 6.08, 17493, 3288, 0, 0
2190, 0, 7, 552, 550, 245, 20.11%, 0, 1, 2, 6.02, 17523, 3288, 0, 0
2195, 0, 7, 555, 553, 245, 20.11%, 0, 1, 2, 6.67, 17571, 3289, 0, 0
2202, 0, 7, 557, 555, 245, 20.12%, 0, 1, 2, 6.43, 17605, 3291, 0, 0
2208, 0, 7, 559, 557, 245, 20.15%, 0, 1, 2, 5.83, 17627, 3295, 0, 0
2214, 0, 7, 561, 559, 245, 20.16%, 0, 1, 2, 5.63, 17650, 3296, 0, 0
2220, 0, 7, 562, 560, 245, 20.16%, 0, 1, 2, 5.34, 17671, 3297, 0, 0
2225, 0, 7, 564, 562, 245, 20.16%, 0, 1, 2, 6.12, 17709, 3297, 0, 0
2233, 0, 7, 566, 564, 245, 20.17%, 0, 1, 2, 5.66, 17749, 3298, 0, 0
2238, 0, 7, 568, 566, 245, 20.17%, 0, 1, 2, 5.61, 17779, 3299, 0, 0
2245, 0, 7, 569, 567, 245, 20.17%, 0, 2, 2, 5.27, 17803, 3299, 0, 0
2251, 0, 7, 570, 568, 245, 20.17%, 0, 2, 2, 5.14, 17824, 3299, 0, 0
2256, 0, 7, 572, 570, 245, 20.17%, 0, 2, 2, 5.33, 17852, 3299, 0, 0
2262, 0, 7, 574, 572, 245, 20.17%, 0, 2, 2, 5.45, 17879, 3299, 0, 0
2267, 0, 7, 575, 573, 245, 20.17%, 0, 2, 2, 5.81, 17912, 3299, 0, 0
2274, 0, 7, 576, 574, 245, 20.17%, 0, 2, 2, 5.31, 17935, 3299, 0, 0
2279, 0, 7, 577, 575, 245, 20.17%, 0, 2, 2, 5.27, 17957, 3299, 0, 0
2287, 0, 7, 579, 577, 245, 20.17%, 0, 2, 2, 6.52, 18005, 3299, 0, 0
2294, 0, 7, 581, 579, 245, 20.17%, 0, 2, 2, 6.10, 18035, 3299, 0, 0
2299, 0, 7, 581, 579, 245, 20.17%, 0, 3, 2, 6.06, 18062, 3299, 0, 0
2305, 0, 7, 582, 580, 245, 20.20%, 0, 3, 2, 5.88, 18085, 3303, 0, 0
2310, 0, 7, 583, 581, 245, 20.20%, 0, 3, 2, 6.06, 18109, 3304, 0, 0
2316, 0, 7, 583, 581, 245, 20.20%, 0, 3, 2, 5.18, 18132, 3304, 0, 0
2325, 0, 7, 584, 582, 245, 20.20%, 0, 3, 2, 5.03, 18162, 3304, 0, 0
2330, 0, 7, 584, 582, 245, 20.20%, 0, 3, 2, 4.73, 18181, 3304, 0, 0
2335, 0, 7, 584, 582, 245, 20.20%, 0, 3, 2, 5.04, 18205, 3304, 0, 0
2342, 0, 7, 585, 583, 245, 20.20%, 0, 3, 2, 4.53, 18225, 3304, 0, 0
2347, 0, 7, 586, 584, 245, 20.20%, 0, 3, 2, 4.36, 18244, 3304, 0, 0
2352, 0, 7, 587, 585, 245, 20.20%, 0, 3, 2, 4.72, 18263, 3304, 0, 0
2357, 0, 7, 588, 586, 245, 20.20%, 0, 3, 2, 4.71, 18288, 3304, 0, 0
2366, 0, 7, 589, 587, 245, 20.20%, 0, 3, 2, 4.94, 18320, 3304, 0, 0
2371, 0, 7, 589, 587, 245, 20.20%, 0, 3, 2, 4.55, 18341, 3304, 0, 0
2377, 0, 7, 590, 588, 245, 20.20%, 0, 3, 2, 4.60, 18364, 3304, 0, 0
2382, 0, 7, 591, 589, 245, 20.20%, 0, 3, 2, 5.06, 18391, 3304, 0, 0
2387, 0, 7, 591, 589, 245, 20.20%, 0, 3, 2, 4.92, 18413, 3304, 0, 0
2393, 0, 7, 592, 590, 245, 20.20%, 0, 3, 2, 4.81, 18435, 3304, 0, 0
2398, 0, 7, 593, 591, 245, 20.20%, 0, 3, 2, 4.71, 18456, 3304, 0, 0
2405, 0, 7, 594, 592, 245, 20.21%, 0, 3, 2, 5.06, 18479, 3305, 0, 0
2410, 0, 7, 594, 592, 245, 20.21%, 0, 3, 2, 5.03, 18503, 3305, 0, 0
2415, 0, 7, 596, 594, 245, 20.21%, 0, 3, 2, 5.04, 18527, 3305, 0, 0
2421, 0, 7, 598, 596, 245, 20.22%, 0, 3, 2, 4.88, 18550, 3307, 0, 0
2427, 0, 7, 598, 596, 245, 20.22%, 0, 3, 2, 5.13, 18575, 3307, 0, 0
2432, 0, 7, 599, 597, 245, 20.22%, 0, 3, 2, 5.82, 18610, 3307, 0, 0
2437, 0, 7, 600, 598, 245, 20.22%, 0, 3, 2, 5.78, 18628, 3307, 0, 0
2442, 0, 7, 600, 598, 245, 20.22%, 0, 3, 2, 5.85, 18652, 3307, 0, 0
2448, 0, 7, 601, 599, 245, 20.22%, 0, 3, 2, 5.54, 18676, 3307, 0, 0
2453, 0, 7, 601, 599, 245, 20.22%, 0, 3, 2, 5.13, 18694, 3307, 0, 0
2458, 0, 7, 601, 599, 245, 20.22%, 0, 3, 2, 5.15, 18715, 3307, 0, 0
2463, 0, 7, 601, 599, 245, 20.22%, 0, 3, 2, 5.05, 18739, 3307, 0, 0
2470, 0, 7, 602, 600, 245, 20.22%, 0, 3, 2, 5.26, 18766, 3307, 0, 0
2475, 0, 7, 602, 600, 245, 20.22%, 0, 3, 2, 4.90, 18786, 3307, 0, 0
2480, 0, 7, 602, 600, 245, 20.22%, 0, 3, 2, 4.90, 18805, 3307, 0, 0
2485, 0, 7, 602, 600, 245, 20.22%, 0, 3, 2, 5.00, 18828, 3307, 0, 0
2490, 0, 7, 602, 600, 245, 20.22%, 0, 3, 2, 4.33, 18843, 3307, 0, 0
2496, 0, 7, 602, 600, 245, 20.22%, 0, 3, 2, 4.76, 18866, 3307, 0, 0
2504, 0, 7, 603, 601, 245, 20.22%, 0, 3, 2, 4.95, 18899, 3307, 0, 0
2509, 0, 7, 603, 601, 245, 20.22%, 0, 3, 2, 5.68, 18928, 3307, 0, 0
2515, 0, 7, 603, 601, 245, 20.22%, 0, 3, 2, 5.14, 18954, 3307, 0, 0
2520, 0, 7, 603, 601, 245, 20.22%, 0, 3, 2, 4.68, 18973, 3307, 0, 0
2526, 0, 7, 604, 602, 245, 20.23%, 0, 3, 2, 4.89, 18995, 3308, 0, 0
2531, 0, 7, 604, 602, 245, 20.23%, 0, 3, 2, 4.79, 19016, 3308, 0, 0
2536, 0, 7, 604, 602, 245, 20.23%, 0, 3, 2, 4.76, 19040, 3308, 0, 0
2542, 0, 7, 604, 602, 245, 20.23%, 0, 3, 2, 4.71, 19064, 3308, 0, 0
2547, 0, 7, 604, 602, 245, 20.23%, 0, 3, 2, 4.15, 19082, 3308, 0, 0
2553, 0, 7, 604, 602, 245, 20.23%, 0, 3, 2, 4.37, 19105, 3308, 0, 0
2558, 0, 7, 604, 602, 245, 20.23%, 0, 3, 2, 5.24, 19130, 3308, 0, 0
2564, 0, 7, 605, 603, 245, 20.23%, 0, 3, 2, 5.49, 19158, 3308, 0, 0
2569, 0, 7, 605, 603, 245, 20.23%, 0, 3, 2, 5.08, 19182, 3308, 0, 0
2574, 0, 7, 605, 603, 245, 20.23%, 0, 3, 2, 5.65, 19209, 3308, 0, 0
2579, 0, 7, 605, 603, 245, 20.23%, 0, 3, 2, 5.57, 19234, 3308, 0, 0
2584, 0, 7, 605, 603, 245, 20.23%, 0, 3, 2, 5.58, 19258, 3308, 0, 0
2590, 0, 7, 606, 604, 245, 20.23%, 0, 3, 2, 5.35, 19286, 3308, 0, 0
2595, 0, 7, 606, 604, 245, 20.23%, 0, 3, 2, 4.70, 19304, 3308, 0, 0
2600, 0, 7, 606, 604, 245, 20.23%, 0, 3, 2, 4.89, 19326, 3308, 0, 0
2605, 0, 7, 606, 604, 245, 20.23%, 0, 3, 2, 5.25, 19353, 3308, 0, 0
2610, 0, 7, 607, 605, 245, 20.23%, 0, 3, 2, 5.82, 19378, 3308, 0, 0
2616, 0, 7, 607, 605, 245, 20.23%, 0, 3, 2, 5.76, 19403, 3308, 0, 0
2621, 0, 7, 607, 605, 245, 20.23%, 0, 3, 2, 5.20, 19426, 3308, 0, 0
2626, 0, 7, 607, 605, 245, 20.23%, 0, 3, 2, 4.85, 19447, 3308, 0, 0
2631, 0, 7, 607, 605, 245, 20.23%, 0, 3, 2, 4.76, 19468, 3308, 0, 0
2636, 0, 7, 607, 605, 245, 20.23%, 0, 3, 2, 5.19, 19496, 3308, 0, 0
2641, 0, 7, 607, 605, 245, 20.23%, 0, 3, 2, 5.10, 19519, 3308, 0, 0
2646, 0, 7, 608, 606, 245, 20.23%, 0, 3, 2, 5.00, 19544, 3308, 0, 0
2652, 0, 7, 609, 607, 245, 20.23%, 0, 3, 2, 5.58, 19573, 3309, 0, 0
2657, 0, 7, 609, 607, 245, 20.23%, 0, 3, 2, 5.65, 19597, 3309, 0, 0
2662, 0, 7, 609, 607, 245, 20.23%, 0, 4, 2, 5.82, 19622, 3309, 0, 0
2667, 0, 7, 610, 608, 245, 20.23%, 0, 4, 2, 5.89, 19652, 3309, 0, 0
2672, 0, 7, 610, 608, 245, 20.23%, 0, 4, 2, 5.21, 19674, 3309, 0, 0
2677, 0, 17, 610, 607, 249, 20.23%, 0, 4, 2, 4.39, 19693, 3309, 0, 0
2682, 0, 17, 610, 607, 249, 20.23%, 0, 4, 2, 4.41, 19710, 3309, 0, 0
2688, 0, 17, 610, 607, 249, 20.23%, 0, 4, 2, 3.59, 19727, 3309, 0, 0
2693, 0, 17, 610, 607, 249, 20.23%, 0, 4, 2, 4.88, 19749, 3309, 0, 0
2698, 0, 17, 610, 607, 249, 20.23%, 0, 4, 2, 4.00, 19767, 3309, 0, 0
2703, 0, 17, 610, 607, 249, 20.23%, 0, 4, 2, 3.23, 19781, 3309, 0, 0
2709, 0, 17, 610, 607, 249, 20.23%, 0, 4, 2, 3.06, 19796, 3309, 0, 0
2714, 0, 17, 610, 607, 249, 20.23%, 0, 4, 2, 3.37, 19813, 3309, 0, 0
2719, 0, 17, 610, 607, 249, 20.23%, 0, 4, 2, 5.59, 19847, 3309, 0, 0
2724, 0, 17, 610, 607, 249, 20.23%, 0, 4, 2, 3.89, 19860, 3309, 0, 0
2729, 0, 17, 610, 607, 249, 20.23%, 0, 4, 2, 3.18, 19874, 3309, 0, 0
2734, 0, 17, 610, 607, 249, 20.23%, 0, 4, 2, 2.90, 19888, 3309, 0, 0
2740, 0, 17, 610, 607, 249, 20.23%, 0, 4, 2, 2.74, 19902, 3309, 0, 0
2745, 0, 17, 610, 607, 249, 20.23%, 0, 4, 2, 2.71, 19916, 3309, 0, 0
2750, 0, 17, 610, 607, 249, 20.23%, 0, 4, 2, 2.59, 19929, 3309, 0, 0
2755, 0, 17, 610, 607, 249, 20.23%, 0, 4, 2, 2.54, 19942, 3309, 0, 0
2761, 0, 17, 610, 607, 249, 20.23%, 0, 4, 2, 2.95, 19957, 3309, 0, 0
2766, 0, 17, 610, 607, 249, 20.23%, 0, 4, 2, 7.54, 20003, 3309, 0, 0
2772, 0, 17, 610, 607, 249, 20.23%, 0, 5, 2, 1.42, 20040, 3309, 0, 0
2777, 0, 17, 612, 609, 249, 20.23%, 0, 5, 2, 7.51, 20072, 3309, 0, 0
2782, 0, 17, 612, 609, 249, 20.23%, 0, 5, 2, 7.52, 20106, 3309, 0, 0
2787, 0, 17, 612, 609, 249, 20.23%, 0, 5, 2, 7.41, 20140, 3309, 0, 0
2792, 0, 17, 612, 609, 249, 20.23%, 0, 5, 2, 7.99, 20182, 3309, 0, 0
2798, 0, 17, 612, 609, 249, 20.23%, 0, 5, 2, 8.14, 20224, 3309, 0, 0
2803, 0, 17, 612, 609, 249, 20.23%, 0, 5, 2, 8.16, 20266, 3309, 0, 0
2808, 0, 17, 612, 609, 249, 20.23%, 0, 5, 2, 8.17, 20308, 3309, 0, 0
2813, 0, 17, 612, 609, 249, 20.23%, 0, 5, 2, 7.23, 20341, 3309, 0, 0
2818, 0, 17, 613, 610, 249, 20.23%, 0, 5, 2, 7.71, 20381, 3309, 0, 0
2823, 0, 17, 613, 610, 249, 20.23%, 0, 5, 2, 8.03, 20423, 3309, 0, 0
2828, 0, 17, 614, 611, 249, 20.27%, 0, 5, 2, 8.12, 20464, 3315, 0, 0
2833, 0, 17, 616, 613, 249, 20.29%, 0, 5, 2, 8.14, 20506, 3318, 0, 0
2838, 0, 17, 616, 613, 249, 20.29%, 0, 5, 2, 8.16, 20548, 3318, 0, 0
2844, 0, 17, 618, 615, 249, 20.31%, 0, 5, 2, 7.54, 20585, 3322, 0, 0
2849, 0, 17, 619, 616, 249, 20.31%, 0, 5, 2, 7.55, 20622, 3322, 0, 0
2854, 0, 17, 620, 617, 249, 20.31%, 0, 5, 2, 7.93, 20663, 3322, 0, 0
2859, 0, 17, 621, 618, 249, 20.31%, 0, 5, 2, 8.08, 20707, 3322, 0, 0
2864, 0, 17, 622, 619, 249, 20.32%, 0, 5, 2, 8.14, 20749, 3323, 0, 0
2869, 0, 17, 622, 619, 249, 20.32%, 0, 5, 2, 8.16, 20791, 3323, 0, 0
2874, 0, 17, 623, 620, 249, 20.33%, 0, 5, 2, 8.16, 20832, 3324, 0, 0
2880, 0, 17, 623, 620, 249, 20.33%, 0, 5, 2, 8.17, 20874, 3324, 0, 0
2885, 0, 17, 623, 620, 249, 20.33%, 0, 5, 2, 8.25, 20916, 3324, 0, 0
2891, 0, 17, 626, 623, 249, 20.64%, 0, 5, 2, 8.21, 20963, 3376, 0, 0
2896, 0, 17, 628, 625, 249, 20.65%, 0, 5, 2, 8.18, 21004, 3377, 0, 0
2901, 0, 17, 628, 625, 249, 20.65%, 0, 5, 2, 8.14, 21046, 3377, 0, 0
2906, 0, 17, 629, 626, 249, 20.66%, 0, 5, 2, 8.23, 21089, 3379, 0, 0
2911, 0, 17, 630, 627, 249, 20.68%, 0, 5, 2, 8.05, 21130, 3381, 0, 0
2916, 0, 17, 630, 627, 249, 20.68%, 0, 5, 2, 8.18, 21172, 3381, 0, 0
2922, 0, 17, 631, 628, 249, 20.68%, 0, 5, 2, 8.17, 21216, 3381, 0, 0
2927, 0, 17, 631, 628, 249, 20.68%, 0, 5, 2, 7.80, 21254, 3381, 0, 0
2932, 0, 17, 631, 628, 249, 20.68%, 0, 5, 2, 7.59, 21293, 3381, 0, 0
2937, 0, 17, 631, 628, 249, 20.68%, 0, 5, 2, 7.88, 21332, 3381, 0, 0
2942, 0, 17, 631, 628, 249, 20.68%, 0, 5, 2, 8.54, 21376, 3381, 0, 0
2947, 0, 17, 631, 628, 249, 20.68%, 0, 5, 2, 8.69, 21422, 3381, 0, 0
2953, 0, 17, 631, 628, 249, 20.68%, 0, 5, 2, 8.30, 21464, 3381, 0, 0
2958, 0, 17, 631, 628, 249, 20.68%, 0, 5, 2, 8.20, 21506, 3381, 0, 0
2963, 0, 17, 633, 630, 249, 20.69%, 0, 5, 2, 8.18, 21547, 3383, 0, 0
2969, 0, 17, 634, 631, 249, 20.69%, 0, 5, 2, 8.17, 21597, 3383, 0, 0
2974, 0, 17, 635, 632, 249, 20.71%, 0, 5, 2, 8.16, 21639, 3386, 0, 0
2979, 0, 17, 635, 632, 249, 20.71%, 0, 5, 2, 8.17, 21681, 3386, 0, 0
2984, 0, 17, 635, 632, 249, 20.71%, 0, 5, 2, 8.17, 21723, 3386, 0, 0
2989, 0, 17, 635, 632, 249, 20.71%, 0, 5, 2, 8.17, 21765, 3386, 0, 0
2995, 0, 17, 635, 632, 249, 20.71%, 0, 5, 2, 8.17, 21807, 3386, 0, 0
3000, 0, 17, 635, 632, 249, 20.71%, 0, 5, 2, 8.17, 21849, 3386, 0, 0
3005, 0, 17, 635, 632, 249, 20.71%, 0, 5, 2, 8.16, 21891, 3386, 0, 0
3010, 0, 17, 635, 632, 249, 20.71%, 0, 5, 2, 8.17, 21933, 3386, 0, 0
3015, 0, 17, 635, 632, 249, 20.71%, 0, 5, 2, 8.18, 21975, 3386, 0, 0
3020, 0, 17, 635, 632, 249, 20.71%, 0, 5, 2, 7.80, 22015, 3386, 0, 0
3026, 0, 17, 635, 632, 249, 20.71%, 0, 5, 2, 7.19, 22051, 3386, 0, 0
3031, 0, 17, 635, 632, 249, 20.71%, 0, 5, 2, 7.99, 22091, 3386, 0, 0
3036, 0, 17, 636, 633, 249, 20.71%, 0, 5, 2, 8.29, 22135, 3386, 0, 0
3041, 0, 17, 636, 633, 249, 20.71%, 0, 5, 2, 8.20, 22177, 3386, 0, 0
3046, 0, 17, 637, 634, 249, 20.74%, 0, 5, 2, 8.19, 22218, 3392, 0, 0
3051, 0, 17, 637, 634, 249, 20.74%, 0, 5, 2, 8.19, 22260, 3392, 0, 0
3056, 0, 17, 637, 634, 249, 20.74%, 0, 5, 2, 6.48, 22285, 3392, 0, 0
3061, 0, 17, 637, 634, 249, 20.74%, 0, 5, 2, 5.29, 22307, 3392, 0, 0
3067, 0, 17, 637, 634, 249, 20.74%, 0, 5, 2, 4.67, 22328, 3392, 0, 0
3072, 0, 17, 637, 634, 249, 20.74%, 0, 5, 2, 6.79, 22364, 3392, 0, 0
3077, 0, 17, 637, 634, 249, 20.74%, 0, 5, 2, 7.81, 22406, 3392, 0, 0
3082, 0, 17, 637, 634, 249, 20.74%, 0, 5, 2, 5.74, 22434, 3392, 0, 0
3087, 0, 17, 637, 634, 249, 20.74%, 0, 5, 2, 6.37, 22465, 3392, 0, 0
3092, 0, 17, 637, 634, 249, 20.74%, 0, 5, 2, 7.71, 22507, 3392, 0, 0
3097, 0, 17, 637, 634, 249, 20.74%, 0, 5, 2, 8.03, 22549, 3392, 0, 0
3102, 0, 17, 639, 636, 249, 20.77%, 0, 5, 2, 8.13, 22591, 3397, 0, 0
3108, 0, 17, 639, 636, 249, 20.77%, 0, 5, 2, 8.01, 22633, 3397, 0, 0
3113, 0, 17, 639, 636, 249, 20.77%, 0, 5, 2, 8.21, 22672, 3397, 0, 0
3118, 0, 17, 640, 637, 249, 20.78%, 0, 5, 2, 8.18, 22713, 3398, 0, 0
3123, 0, 17, 640, 637, 249, 20.78%, 0, 5, 2, 8.17, 22755, 3398, 0, 0
3128, 0, 17, 640, 637, 249, 20.78%, 0, 5, 2, 8.17, 22797, 3398, 0, 0
3133, 0, 17, 640, 637, 249, 20.78%, 0, 5, 2, 7.54, 22831, 3398, 0, 0
3138, 0, 17, 640, 637, 249, 20.78%, 0, 5, 2, 8.00, 22873, 3398, 0, 0
3144, 0, 17, 640, 637, 249, 20.78%, 0, 5, 2, 7.84, 22915, 3398, 0, 0
3149, 0, 17, 640, 637, 249, 20.78%, 0, 5, 2, 6.05, 22940, 3398, 0, 0
3154, 0, 17, 640, 637, 249, 20.78%, 0, 5, 2, 7.81, 22983, 3398, 0, 0
3159, 0, 17, 641, 638, 249, 20.79%, 0, 5, 2, 8.02, 23025, 3400, 0, 0
3164, 0, 17, 641, 638, 249, 20.79%, 0, 5, 2, 8.13, 23067, 3400, 0, 0
3169, 0, 17, 641, 638, 249, 20.79%, 0, 5, 2, 8.16, 23109, 3400, 0, 0
3174, 0, 17, 642, 639, 249, 20.79%, 0, 5, 2, 8.16, 23150, 3400, 0, 0
3180, 0, 17, 642, 639, 249, 20.79%, 0, 5, 2, 8.18, 23192, 3400, 0, 0
3185, 0, 17, 642, 639, 249, 20.79%, 0, 5, 2, 7.27, 23223, 3400, 0, 0
3190, 0, 17, 642, 639, 249, 20.79%, 0, 5, 2, 5.89, 23250, 3400, 0, 0
3195, 0, 17, 642, 639, 249, 20.79%, 0, 5, 2, 4.99, 23272, 3400, 0, 0
3200, 0, 17, 643, 640, 249, 20.79%, 0, 5, 2, 6.62, 23311, 3400, 0, 0
3205, 0, 17, 643, 640, 249, 20.79%, 0, 5, 2, 7.75, 23353, 3400, 0, 0
3211, 0, 17, 643, 640, 249, 20.79%, 0, 5, 2, 8.06, 23395, 3400, 0, 0
3216, 0, 17, 643, 640, 249, 20.79%, 0, 5, 2, 8.13, 23437, 3400, 0, 0
3221, 0, 17, 643, 640, 249, 20.79%, 0, 5, 2, 8.16, 23479, 3400, 0, 0
3226, 0, 17, 643, 640, 249, 20.79%, 0, 5, 2, 8.16, 23521, 3400, 0, 0
3232, 0, 17, 643, 640, 249, 20.79%, 0, 5, 2, 6.90, 23557, 3400, 0, 0
3237, 0, 17, 643, 640, 249, 20.79%, 0, 5, 2, 5.26, 23578, 3400, 0, 0
3242, 0, 17, 643, 640, 249, 20.79%, 0, 5, 2, 3.72, 23591, 3400, 0, 0
3247, 0, 17, 643, 640, 249, 20.79%, 0, 5, 2, 3.03, 23604, 3400, 0, 0
3252, 0, 17, 643, 640, 249, 20.79%, 0, 5, 2, 2.80, 23618, 3400, 0, 0
3258, 0, 17, 643, 640, 249, 20.79%, 0, 5, 2, 2.73, 23632, 3400, 0, 0
3263, 0, 17, 643, 640, 249, 20.79%, 0, 5, 2, 2.84, 23647, 3400, 0, 0
3268, 0, 17, 643, 640, 249, 20.79%, 0, 5, 2, 2.69, 23660, 3400, 0, 0
3273, 0, 17, 643, 640, 249, 20.79%, 0, 5, 2, 2.58, 23673, 3400, 0, 0
3278, 0, 17, 643, 640, 249, 20.79%, 0, 5, 2, 2.53, 23686, 3400, 0, 0
3284, 0, 17, 643, 640, 249, 20.79%, 0, 5, 2, 2.51, 23699, 3400, 0, 0
3289, 0, 17, 643, 640, 249, 20.79%, 0, 5, 2, 2.50, 23712, 3400, 0, 0
3294, 0, 17, 643, 640, 249, 20.79%, 0, 5, 2, 2.55, 23725, 3400, 0, 0
3299, 0, 17, 643, 640, 249, 20.79%, 0, 5, 2, 7.28, 23767, 3400, 0, 0
3304, 0, 17, 643, 640, 249, 20.79%, 0, 5, 2, 8.58, 23813, 3400, 0, 0
3309, 0, 17, 643, 640, 249, 20.79%, 0, 5, 2, 8.39, 23855, 3400, 0, 0
3314, 0, 17, 643, 640, 249, 20.79%, 0, 5, 2, 8.35, 23897, 3400, 0, 0
3319, 0, 17, 643, 640, 249, 20.79%, 0, 5, 2, 8.32, 23939, 3400, 0, 0
3324, 0, 17, 643, 640, 249, 20.79%, 0, 5, 2, 8.36, 23981, 3400, 0, 0
3329, 0, 17, 643, 640, 249, 20.79%, 0, 5, 2, 8.20, 24023, 3400, 0, 0
3334, 0, 17, 644, 641, 249, 20.79%, 0, 5, 2, 8.16, 24064, 3400, 0, 0
3340, 0, 17, 645, 642, 249, 20.79%, 0, 5, 2, 8.15, 24106, 3400, 0, 0
3345, 0, 17, 645, 642, 249, 20.79%, 0, 5, 2, 8.18, 24148, 3400, 0, 0
3350, 0, 17, 645, 642, 249, 20.79%, 0, 5, 2, 8.17, 24190, 3400, 0, 0
3355, 0, 17, 645, 642, 249, 20.79%, 0, 5, 2, 8.17, 24232, 3400, 0, 0
3360, 0, 17, 645, 642, 249, 20.79%, 0, 5, 2, 8.16, 24274, 3400, 0, 0
3365, 0, 17, 645, 642, 249, 20.79%, 0, 5, 2, 8.17, 24316, 3400, 0, 0
3370, 0, 17, 645, 642, 249, 20.79%, 0, 5, 2, 8.17, 24358, 3400, 0, 0
3376, 0, 17, 645, 642, 249, 20.79%, 0, 5, 2, 8.17, 24400, 3400, 0, 0
3381, 0, 17, 645, 642, 249, 20.79%, 0, 5, 2, 8.15, 24442, 3400, 0, 0
3386, 0, 17, 645, 642, 249, 20.79%, 0, 5, 2, 8.17, 24484, 3400, 0, 0
3391, 0, 17, 645, 642, 249, 20.79%, 0, 6, 2, 8.17, 24516, 3400, 0, 0
3396, 0, 17, 645, 642, 249, 20.79%, 0, 6, 2, 8.17, 24558, 3400, 0, 0
3401, 0, 17, 645, 642, 249, 20.79%, 0, 6, 2, 8.16, 24600, 3400, 0, 0
3406, 0, 17, 645, 642, 249, 20.79%, 0, 6, 2, 8.16, 24642, 3400, 0, 0
3412, 0, 17, 645, 642, 249, 20.79%, 0, 6, 2, 8.16, 24684, 3400, 0, 0
3417, 0, 17, 645, 642, 249, 20.79%, 0, 6, 2, 8.16, 24726, 3400, 0, 0
3422, 0, 17, 645, 642, 249, 20.79%, 0, 6, 2, 8.00, 24766, 3400, 0, 0
3427, 0, 17, 645, 642, 249, 20.79%, 0, 6, 2, 8.12, 24808, 3400, 0, 0
3432, 0, 17, 645, 642, 249, 20.79%, 0, 6, 2, 8.16, 24850, 3400, 0, 0
3437, 0, 17, 645, 642, 249, 20.79%, 0, 6, 2, 8.16, 24892, 3400, 0, 0
3442, 0, 17, 645, 642, 249, 20.79%, 0, 6, 2, 6.87, 24924, 3400, 0, 0
3447, 0, 17, 645, 642, 249, 20.79%, 0, 6, 2, 5.06, 24947, 3400, 0, 0
3453, 0, 17, 646, 643, 249, 20.80%, 0, 6, 2, 4.86, 24972, 3401, 0, 0
3458, 0, 17, 646, 643, 249, 20.80%, 0, 6, 2, 3.86, 24986, 3401, 0, 0
3463, 0, 17, 646, 643, 249, 20.80%, 0, 6, 2, 3.12, 24999, 3401, 0, 0
3468, 0, 17, 646, 643, 249, 20.80%, 0, 6, 2, 2.77, 25012, 3401, 0, 0
3473, 0, 17, 646, 643, 249, 20.80%, 0, 6, 2, 2.69, 25026, 3401, 0, 0
3479, 0, 17, 646, 643, 249, 20.80%, 0, 6, 2, 5.27, 25053, 3401, 0, 0
3484, 0, 17, 646, 643, 249, 20.80%, 0, 6, 2, 7.41, 25095, 3401, 0, 0
3489, 0, 17, 646, 643, 249, 20.80%, 0, 6, 2, 6.12, 25123, 3401, 0, 0
3494, 0, 17, 646, 643, 249, 20.80%, 0, 6, 2, 5.14, 25145, 3401, 0, 0
3499, 0, 17, 646, 643, 249, 20.80%, 0, 6, 2, 4.20, 25164, 3401, 0, 0
3504, 0, 17, 646, 643, 249, 20.80%, 0, 6, 2, 3.37, 25177, 3401, 0, 0
3510, 0, 17, 646, 643, 249, 20.80%, 0, 6, 2, 2.87, 25190, 3401, 0, 0
3515, 0, 17, 646, 643, 249, 20.80%, 0, 6, 2, 2.66, 25203, 3401, 0, 0
3520, 0, 17, 646, 643, 249, 20.80%, 0, 6, 2, 2.59, 25216, 3401, 0, 0
3528, 0, 17, 647, 644, 249, 20.80%, 0, 6, 2, 2.62, 25237, 3401, 0, 0
3533, 0, 17, 648, 645, 249, 20.80%, 0, 6, 2, 2.68, 25251, 3401, 0, 0
3538, 0, 17, 648, 645, 249, 20.80%, 0, 6, 2, 2.61, 25264, 3401, 0, 0
3543, 0, 17, 648, 645, 249, 20.80%, 0, 6, 2, 2.55, 25277, 3401, 0, 0
3548, 0, 17, 648, 645, 249, 20.80%, 0, 6, 2, 2.52, 25290, 3401, 0, 0
3553, 0, 17, 648, 645, 249, 20.80%, 0, 6, 2, 2.59, 25303, 3401, 0, 0
3559, 0, 17, 648, 645, 249, 20.80%, 0, 6, 2, 3.24, 25319, 3401, 0, 0
3564, 0, 17, 648, 645, 249, 20.80%, 0, 6, 2, 6.89, 25361, 3401, 0, 0
3569, 0, 17, 648, 645, 249, 20.80%, 0, 6, 2, 6.14, 25391, 3401, 0, 0
3574, 0, 17, 648, 645, 249, 20.80%, 0, 6, 2, 4.88, 25411, 3401, 0, 0
3579, 0, 17, 648, 645, 249, 20.80%, 0, 6, 2, 4.33, 25429, 3401, 0, 0
3584, 0, 17, 648, 645, 249, 20.80%, 0, 6, 2, 4.67, 25454, 3401, 0, 0
3589, 0, 17, 648, 645, 249, 20.80%, 0, 6, 2, 4.65, 25478, 3401, 0, 0
3594, 0, 17, 648, 645, 249, 20.80%, 0, 6, 2, 4.63, 25502, 3401, 0, 0
3600, 0, 17, 648, 645, 249, 20.80%, 0, 6, 2, 3.76, 25518, 3401, 0, 0
3605, 0, 17, 648, 645, 249, 20.80%, 0, 6, 2, 4.91, 25546, 3401, 0, 0
3610, 0, 17, 648, 645, 249, 20.80%, 0, 6, 2, 5.95, 25577, 3401, 0, 0
3615, 0, 17, 648, 645, 249, 20.80%, 0, 6, 2, 7.59, 25619, 3401, 0, 0
3620, 0, 17, 648, 645, 249, 20.80%, 0, 6, 2, 8.03, 25661, 3401, 0, 0
3625, 0, 17, 648, 645, 249, 20.80%, 0, 6, 2, 8.13, 25703, 3401, 0, 0
3630, 0, 17, 648, 645, 249, 20.80%, 0, 6, 2, 8.16, 25745, 3401, 0, 0
3636, 0, 17, 648, 645, 249, 20.80%, 0, 6, 2, 8.17, 25787, 3401, 0, 0
3641, 0, 17, 648, 645, 249, 20.80%, 0, 6, 2, 8.17, 25829, 3401, 0, 0
3646, 0, 17, 648, 645, 249, 20.80%, 0, 6, 2, 8.18, 25871, 3401, 0, 0
3651, 0, 17, 648, 645, 249, 20.80%, 0, 6, 2, 8.18, 25913, 3401, 0, 0
3656, 0, 17, 648, 645, 249, 20.80%, 0, 6, 2, 8.17, 25955, 3401, 0, 0
3661, 0, 17, 648, 645, 249, 20.80%, 0, 6, 2, 8.17, 25997, 3401, 0, 0
3666, 0, 17, 648, 645, 249, 20.80%, 0, 6, 2, 8.18, 26039, 3401, 0, 0
3672, 0, 17, 648, 645, 249, 20.80%, 0, 6, 2, 8.17, 26081, 3401, 0, 0
3677, 0, 17, 648, 645, 249, 20.80%, 0, 7, 2, 6.67, 26104, 3401, 0, 0
3682, 0, 17, 648, 645, 249, 20.80%, 0, 7, 2, 5.72, 26123, 3401, 0, 0
3687, 0, 18, 648, 644, 267, 20.80%, 0, 7, 2, 4.33, 26140, 3401, 0, 0
3692, 0, 18, 648, 644, 267, 20.80%, 0, 7, 2, 3.69, 26155, 3401, 0, 0
3697, 0, 18, 648, 644, 267, 20.80%, 0, 7, 2, 3.36, 26171, 3401, 0, 0
3703, 0, 18, 648, 644, 267, 20.80%, 0, 7, 2, 4.07, 26191, 3401, 0, 0
3708, 0, 18, 648, 644, 267, 20.80%, 0, 7, 2, 3.25, 26205, 3401, 0, 0
3713, 0, 18, 648, 644, 267, 20.80%, 0, 7, 2, 2.89, 26219, 3401, 0, 0
3718, 0, 18, 648, 644, 267, 20.80%, 0, 7, 2, 3.06, 26235, 3401, 0, 0
3723, 0, 18, 648, 644, 267, 20.80%, 0, 7, 2, 3.14, 26251, 3401, 0, 0
3729, 0, 18, 648, 644, 267, 20.80%, 0, 7, 2, 3.75, 26272, 3401, 0, 0
3734, 0, 18, 648, 644, 267, 20.80%, 0, 7, 2, 3.10, 26286, 3401, 0, 0
3739, 0, 18, 648, 644, 267, 20.80%, 0, 7, 2, 2.86, 26300, 3401, 0, 0
3744, 0, 18, 648, 644, 267, 20.80%, 0, 7, 2, 2.77, 26314, 3401, 0, 0
3749, 0, 18, 648, 644, 267, 20.80%, 0, 7, 2, 2.66, 26327, 3401, 0, 0
3754, 0, 18, 648, 644, 267, 20.80%, 0, 7, 2, 3.13, 26343, 3401, 0, 0
3759, 0, 18, 648, 644, 267, 20.80%, 0, 7, 2, 3.25, 26360, 3401, 0, 0
3765, 0, 18, 648, 644, 267, 20.80%, 0, 7, 2, 3.30, 26377, 3401, 0, 0
3770, 0, 18, 648, 644, 267, 20.80%, 0, 7, 2, 3.42, 26395, 3401, 0, 0
3775, 0, 18, 648, 644, 267, 20.80%, 0, 7, 2, 5.01, 26429, 3401, 0, 0
3780, 0, 526, 648, 643, 266, 20.80%, 0, 7, 2, 5.49, 26452, 3401, 0, 0
3785, 0, 526, 648, 643, 266, 20.80%, 0, 7, 2, 7.37, 26494, 3401, 0, 0
3790, 0, 526, 648, 643, 266, 20.80%, 0, 7, 2, 7.82, 26534, 3401, 0, 0
3796, 0, 526, 648, 643, 266, 20.80%, 0, 7, 2, 7.84, 26574, 3401, 0, 0
3801, 0, 526, 648, 643, 266, 20.80%, 0, 7, 2, 7.97, 26616, 3401, 0, 0
3806, 0, 526, 648, 643, 266, 20.80%, 0, 7, 2, 8.01, 26658, 3401, 0, 0
3811, 0, 526, 648, 643, 266, 20.80%, 0, 7, 2, 7.98, 26698, 3401, 0, 0
3816, 0, 526, 648, 643, 266, 20.80%, 0, 7, 2, 8.03, 26740, 3401, 0, 0
3822, 0, 526, 648, 643, 266, 20.80%, 0, 7, 2, 8.04, 26782, 3401, 0, 0
3827, 0, 526, 648, 643, 266, 20.80%, 0, 7, 2, 8.01, 26822, 3401, 0, 0
3832, 0, 526, 648, 643, 266, 20.80%, 0, 7, 2, 8.04, 26864, 3401, 0, 0
3837, 0, 526, 648, 643, 266, 20.80%, 0, 7, 2, 8.04, 26906, 3401, 0, 0
3842, 0, 526, 648, 643, 266, 20.80%, 0, 7, 2, 8.05, 26948, 3401, 0, 0
3848, 0, 526, 648, 643, 266, 20.80%, 0, 7, 2, 8.05, 26990, 3401, 0, 0
3853, 0, 526, 648, 643, 266, 20.80%, 0, 7, 2, 8.03, 27030, 3401, 0, 0
3858, 0, 526, 648, 643, 266, 20.80%, 0, 7, 2, 7.99, 27065, 3401, 0, 0
3863, 0, 526, 648, 643, 266, 20.80%, 0, 7, 2, 8.03, 27107, 3401, 0, 0
3868, 0, 526, 648, 643, 266, 20.80%, 0, 7, 2, 8.04, 27149, 3401, 0, 0
3873, 0, 526, 648, 643, 266, 20.80%, 0, 7, 2, 8.04, 27191, 3401, 0, 0
3878, 0, 526, 648, 643, 266, 20.80%, 0, 7, 2, 8.04, 27233, 3401, 0, 0
3884, 0, 526, 648, 643, 266, 20.80%, 0, 7, 2, 8.05, 27275, 3401, 0, 0
3889, 0, 526, 648, 643, 266, 20.80%, 0, 7, 2, 8.05, 27317, 3401, 0, 0
3894, 0, 526, 648, 643, 266, 20.80%, 0, 7, 2, 8.04, 27359, 3401, 0, 0
3899, 0, 526, 648, 643, 266, 20.80%, 0, 7, 2, 8.05, 27401, 3401, 0, 0
3905, 0, 264, 648, 642, 265, 20.80%, 0, 7, 2, 8.01, 27443, 3401, 0, 0
3910, 0, 264, 648, 642, 265, 20.80%, 0, 7, 2, 7.96, 27483, 3401, 0, 0
3915, 0, 264, 648, 642, 265, 20.80%, 0, 7, 2, 8.04, 27525, 3401, 0, 0
3921, 0, 264, 648, 642, 265, 20.80%, 0, 7, 2, 7.90, 27571, 3401, 0, 0
3926, 0, 264, 649, 643, 265, 20.80%, 0, 7, 3, 7.96, 27612, 3401, 0, 0
3931, 0, 264, 649, 643, 265, 20.80%, 0, 7, 3, 7.98, 27652, 3401, 0, 0
3937, 0, 264, 649, 643, 265, 20.80%, 0, 7, 3, 8.03, 27694, 3401, 0, 0
3942, 0, 264, 649, 643, 265, 20.80%, 0, 7, 3, 8.00, 27734, 3401, 0, 0
3947, 0, 264, 650, 644, 265, 20.80%, 0, 7, 3, 8.04, 27776, 3402, 0, 0
3952, 0, 264, 650, 644, 265, 20.80%, 0, 7, 3, 8.03, 27818, 3402, 0, 0
3957, 0, 264, 650, 644, 265, 20.80%, 0, 7, 3, 7.99, 27858, 3402, 0, 0
3962, 0, 264, 650, 644, 265, 20.80%, 0, 7, 3, 8.02, 27900, 3402, 0, 0
3967, 0, 264, 650, 644, 265, 20.80%, 0, 7, 3, 8.04, 27942, 3402, 0, 0
3973, 0, 264, 650, 644, 265, 20.80%, 0, 7, 3, 8.05, 27984, 3402, 0, 0
3978, 0, 264, 650, 644, 265, 20.80%, 0, 7, 3, 8.02, 28026, 3402, 0, 0
3983, 0, 264, 650, 644, 265, 20.80%, 0, 7, 3, 8.03, 28068, 3402, 0, 0
3988, 0, 264, 650, 644, 265, 20.80%, 0, 7, 3, 8.00, 28108, 3402, 0, 0
3993, 0, 264, 650, 644, 265, 20.80%, 0, 7, 3, 8.03, 28150, 3402, 0, 0
3999, 0, 264, 650, 644, 265, 20.80%, 0, 7, 3, 8.03, 28192, 3402, 0, 0
4004, 0, 264, 650, 644, 265, 20.80%, 0, 7, 3, 7.44, 28230, 3402, 0, 0
4009, 0, 19, 650, 643, 265, 20.80%, 0, 7, 3, 5.23, 28249, 3402, 0, 0
4014, 0, 19, 650, 643, 265, 20.80%, 0, 7, 3, 4.68, 28271, 3402, 0, 0
4019, 0, 19, 650, 643, 265, 20.80%, 0, 7, 3, 4.29, 28292, 3402, 0, 0
4023, 0, 19, 650, 643, 265, 20.80%, 0, 7, 3, 0.00, 28305, 3402, 0, 0
