# relative_time, cycles_done, cur_item, corpus_count, pending_total, pending_favs, map_size, saved_crashes, saved_hangs, max_depth, execs_per_sec, total_execs, edges_found, total_crashes, servers_count
61, 0, 0, 602, 358, 51, 22.08%, 0, 0, 2, 41.82, 6072, 721, 0, 0
67, 0, 0, 609, 365, 51, 22.17%, 0, 0, 2, 39.86, 6268, 724, 0, 0
72, 0, 0, 617, 373, 51, 22.21%, 0, 0, 2, 42.55, 6500, 725, 0, 0
77, 0, 0, 623, 379, 51, 22.24%, 0, 0, 2, 41.16, 6687, 726, 0, 0
82, 0, 0, 629, 385, 51, 22.24%, 0, 0, 2, 42.64, 6901, 726, 0, 0
87, 0, 0, 636, 392, 51, 22.27%, 0, 0, 2, 41.44, 7099, 727, 0, 0
92, 0, 0, 639, 395, 51, 22.27%, 0, 0, 2, 42.52, 7311, 727, 0, 0
97, 0, 0, 642, 398, 51, 22.30%, 0, 0, 2, 43.84, 7537, 728, 0, 0
103, 0, 0, 647, 403, 51, 22.30%, 0, 0, 2, 43.15, 7746, 728, 0, 0
108, 0, 0, 653, 409, 51, 22.33%, 0, 0, 2, 42.85, 7958, 729, 0, 0
113, 0, 0, 658, 414, 51, 22.36%, 0, 0, 2, 42.37, 8127, 730, 0, 0
118, 0, 0, 661, 417, 51, 22.39%, 0, 0, 2, 43.07, 8347, 731, 0, 0
123, 0, 0, 667, 423, 51, 22.42%, 0, 0, 2, 43.50, 8569, 732, 0, 0
128, 0, 0, 667, 423, 51, 22.42%, 0, 0, 2, 43.29, 8787, 732, 0, 0
133, 0, 0, 671, 427, 51, 22.42%, 0, 0, 2, 44.05, 9009, 732, 0, 0
138, 0, 0, 674, 430, 51, 22.45%, 0, 0, 2, 41.00, 9203, 733, 0, 0
143, 0, 0, 676, 432, 51, 22.45%, 0, 0, 2, 42.20, 9415, 733, 0, 0
149, 0, 0, 678, 434, 51, 22.51%, 0, 0, 2, 43.68, 9646, 735, 0, 0
154, 0, 0, 681, 437, 51, 22.51%, 0, 0, 2, 44.06, 9874, 735, 0, 0
159, 0, 0, 684, 440, 51, 22.51%, 0, 0, 2, 44.60, 10105, 735, 0, 0
164, 0, 0, 688, 444, 51, 22.51%, 0, 0, 2, 41.32, 10302, 735, 0, 0
169, 0, 0, 689, 445, 51, 22.51%, 0, 0, 2, 22.46, 10519, 735, 0, 0
175, 0, 5, 692, 448, 98, 22.51%, 0, 0, 2, 33.91, 10711, 735, 0, 0
180, 0, 5, 692, 448, 98, 22.51%, 0, 0, 2, 37.54, 10912, 735, 0, 0
185, 0, 5, 694, 450, 98, 22.54%, 0, 0, 2, 38.38, 11110, 736, 0, 0
190, 0, 5, 697, 453, 98, 22.54%, 0, 0, 2, 37.24, 11296, 736, 0, 0
195, 0, 5, 700, 456, 98, 22.54%, 0, 0, 2, 37.32, 11486, 736, 0, 0
200, 0, 5, 701, 457, 98, 22.57%, 0, 0, 2, 39.13, 11687, 737, 0, 0
205, 0, 5, 702, 458, 98, 22.57%, 0, 0, 2, 38.46, 11882, 737, 0, 0
210, 0, 5, 703, 459, 98, 22.57%, 0, 0, 2, 39.48, 12080, 737, 0, 0
216, 0, 5, 704, 460, 98, 22.57%, 0, 0, 2, 38.47, 12267, 737, 0, 0
221, 0, 5, 705, 461, 98, 22.57%, 0, 0, 2, 37.82, 12455, 737, 0, 0
226, 0, 5, 709, 465, 98, 22.57%, 0, 0, 2, 37.08, 12637, 737, 0, 0
231, 0, 5, 712, 468, 98, 22.57%, 0, 0, 2, 38.28, 12830, 737, 0, 0
236, 0, 5, 713, 469, 98, 22.60%, 0, 0, 2, 38.78, 13030, 738, 0, 0
241, 0, 5, 715, 471, 98, 22.60%, 0, 0, 2, 39.75, 13237, 738, 0, 0
246, 0, 5, 716, 472, 98, 22.60%, 0, 0, 2, 36.77, 13419, 738, 0, 0
252, 0, 5, 717, 473, 98, 22.60%, 0, 0, 2, 36.90, 13610, 738, 0, 0
257, 0, 5, 718, 474, 98, 22.63%, 0, 0, 2, 36.87, 13795, 739, 0, 0
262, 0, 5, 719, 475, 98, 22.63%, 0, 0, 2, 38.67, 13990, 739, 0, 0
267, 0, 5, 722, 478, 98, 22.63%, 0, 0, 2, 38.27, 14181, 739, 0, 0
272, 0, 5, 722, 478, 98, 22.63%, 0, 0, 2, 37.27, 14376, 739, 0, 0
277, 0, 5, 722, 478, 98, 22.63%, 0, 0, 2, 38.94, 14572, 739, 0, 0
282, 0, 5, 722, 478, 98, 22.63%, 0, 0, 2, 36.85, 14748, 739, 0, 0
287, 0, 5, 725, 481, 98, 22.63%, 0, 0, 2, 37.91, 14934, 739, 0, 0
293, 0, 5, 725, 481, 98, 22.63%, 0, 0, 2, 37.55, 15128, 739, 0, 0
298, 0, 5, 726, 482, 98, 22.63%, 0, 0, 2, 37.21, 15319, 739, 0, 0
303, 0, 5, 727, 483, 98, 22.63%, 0, 0, 2, 36.41, 15502, 739, 0, 0
308, 0, 5, 728, 484, 98, 22.63%, 0, 0, 2, 38.21, 15703, 739, 0, 0
313, 0, 5, 728, 484, 98, 22.63%, 0, 0, 2, 37.55, 15899, 739, 0, 0
318, 0, 5, 731, 487, 98, 22.63%, 0, 0, 2, 37.34, 16088, 739, 0, 0
323, 0, 5, 733, 489, 98, 22.63%, 0, 0, 2, 38.87, 16273, 739, 0, 0
328, 0, 5, 735, 491, 98, 22.63%, 0, 0, 2, 37.42, 16464, 739, 0, 0
334, 0, 5, 736, 492, 98, 22.66%, 0, 0, 2, 37.09, 16647, 740, 0, 0
339, 0, 5, 737, 493, 98, 22.66%, 0, 0, 2, 37.16, 16832, 740, 0, 0
344, 0, 5, 738, 494, 98, 22.66%, 0, 0, 2, 39.24, 17029, 740, 0, 0
349, 0, 5, 739, 495, 98, 22.66%, 0, 0, 2, 38.66, 17225, 740, 0, 0
354, 0, 5, 740, 496, 98, 22.66%, 0, 0, 2, 37.15, 17394, 740, 0, 0
359, 0, 10, 742, 498, 103, 22.66%, 0, 0, 2, 35.54, 17563, 740, 0, 0
364, 0, 10, 743, 499, 103, 22.66%, 0, 0, 2, 33.19, 17727, 740, 0, 0
369, 0, 10, 744, 500, 103, 22.66%, 0, 0, 2, 32.17, 17887, 740, 0, 0
375, 0, 10, 745, 501, 103, 22.66%, 0, 0, 2, 31.01, 18044, 740, 0, 0
380, 0, 10, 746, 502, 103, 22.66%, 0, 0, 2, 33.52, 18216, 740, 0, 0
385, 0, 10, 747, 503, 103, 22.66%, 0, 0, 2, 33.95, 18389, 740, 0, 0
390, 0, 10, 747, 503, 103, 22.66%, 0, 0, 2, 34.59, 18549, 740, 0, 0
395, 0, 10, 747, 503, 103, 22.66%, 0, 0, 2, 33.63, 18713, 740, 0, 0
400, 0, 10, 748, 504, 103, 22.66%, 0, 0, 2, 32.91, 18874, 740, 0, 0
405, 0, 10, 748, 504, 103, 22.66%, 0, 0, 2, 32.09, 19042, 740, 0, 0
410, 0, 10, 751, 507, 103, 22.66%, 0, 0, 2, 33.78, 19205, 740, 0, 0
415, 0, 10, 752, 508, 103, 22.66%, 0, 0, 2, 33.02, 19370, 740, 0, 0
421, 0, 10, 752, 508, 103, 22.66%, 0, 0, 2, 33.50, 19542, 740, 0, 0
426, 0, 10, 755, 511, 103, 22.66%, 0, 0, 2, 34.41, 19708, 740, 0, 0
431, 0, 10, 757, 513, 103, 22.66%, 0, 0, 2, 32.01, 19860, 740, 0, 0
436, 0, 10, 757, 513, 103, 22.66%, 0, 0, 2, 33.80, 20033, 740, 0, 0
441, 0, 10, 757, 513, 103, 22.66%, 0, 0, 2, 32.83, 20195, 740, 0, 0
446, 0, 10, 758, 514, 103, 22.70%, 0, 0, 2, 33.86, 20373, 741, 0, 0
451, 0, 10, 759, 515, 103, 22.73%, 0, 0, 2, 32.22, 20540, 742, 0, 0
457, 0, 10, 760, 516, 103, 22.73%, 0, 0, 2, 32.76, 20718, 742, 0, 0
462, 0, 10, 761, 517, 103, 22.73%, 0, 0, 2, 33.64, 20895, 742, 0, 0
467, 0, 10, 761, 517, 103, 22.73%, 0, 0, 2, 32.23, 21064, 742, 0, 0
472, 0, 10, 761, 517, 103, 22.73%, 0, 0, 2, 31.78, 21221, 742, 0, 0
477, 0, 10, 761, 517, 103, 22.73%, 0, 0, 2, 32.39, 21388, 742, 0, 0
482, 0, 10, 762, 518, 103, 22.73%, 0, 0, 2, 33.54, 21561, 742, 0, 0
488, 0, 10, 763, 519, 103, 22.73%, 0, 0, 2, 33.31, 21734, 742, 0, 0
493, 0, 10, 764, 520, 103, 22.73%, 0, 0, 2, 32.91, 21907, 742, 0, 0
498, 0, 10, 765, 521, 103, 22.73%, 0, 0, 2, 34.35, 22085, 742, 0, 0
503, 0, 10, 766, 522, 103, 22.73%, 0, 0, 2, 33.15, 22249, 742, 0, 0
508, 0, 10, 767, 523, 103, 22.73%, 0, 0, 2, 33.49, 22422, 742, 0, 0
513, 0, 10, 768, 524, 103, 22.73%, 0, 0, 2, 32.85, 22588, 742, 0, 0
519, 0, 10, 768, 524, 103, 22.73%, 0, 0, 2, 32.95, 22757, 742, 0, 0
524, 0, 10, 768, 524, 103, 22.73%, 0, 0, 2, 30.09, 22908, 742, 0, 0
529, 0, 10, 768, 524, 103, 22.73%, 0, 0, 2, 32.57, 23080, 742, 0, 0
534, 0, 10, 769, 525, 103, 22.73%, 0, 0, 2, 32.63, 23248, 742, 0, 0
539, 0, 10, 769, 525, 103, 22.73%, 0, 0, 2, 32.54, 23419, 742, 0, 0
544, 0, 10, 770, 526, 103, 22.73%, 0, 0, 2, 32.90, 23579, 742, 0, 0
549, 0, 10, 771, 527, 103, 22.73%, 0, 0, 2, 33.87, 23753, 742, 0, 0
555, 0, 10, 772, 528, 103, 22.73%, 0, 0, 2, 33.77, 23923, 742, 0, 0
560, 0, 10, 772, 528, 103, 22.73%, 0, 0, 2, 32.50, 24090, 742, 0, 0
565, 0, 10, 772, 528, 103, 22.73%, 0, 0, 2, 32.87, 24259, 742, 0, 0
570, 0, 22, 772, 528, 103, 22.73%, 0, 0, 2, 34.03, 24432, 742, 0, 0
575, 0, 22, 773, 529, 103, 22.73%, 0, 0, 2, 35.31, 24619, 742, 0, 0
580, 0, 22, 773, 529, 103, 22.73%, 0, 0, 2, 35.67, 24799, 742, 0, 0
586, 0, 22, 773, 529, 103, 22.73%, 0, 0, 2, 33.72, 24973, 742, 0, 0
591, 0, 22, 773, 529, 103, 22.73%, 0, 0, 2, 34.18, 25151, 742, 0, 0
596, 0, 22, 774, 530, 103, 22.73%, 0, 0, 2, 35.55, 25334, 742, 0, 0
601, 0, 22, 774, 530, 103, 22.73%, 0, 0, 2, 35.51, 25517, 742, 0, 0
606, 0, 22, 774, 530, 103, 22.73%, 0, 0, 2, 34.97, 25691, 742, 0, 0
611, 0, 22, 775, 531, 103, 22.73%, 0, 0, 2, 35.04, 25874, 742, 0, 0
616, 0, 22, 776, 532, 103, 22.73%, 0, 0, 2, 35.06, 26046, 742, 0, 0
621, 0, 22, 776, 532, 103, 22.73%, 0, 0, 2, 35.50, 26226, 742, 0, 0
627, 0, 22, 776, 532, 103, 22.73%, 0, 0, 2, 35.02, 26402, 742, 0, 0
632, 0, 22, 777, 533, 103, 22.76%, 0, 0, 2, 35.61, 26587, 743, 0, 0
637, 0, 22, 778, 534, 103, 22.76%, 0, 0, 2, 34.20, 26761, 743, 0, 0
642, 0, 22, 778, 534, 103, 22.76%, 0, 0, 2, 35.73, 26942, 743, 0, 0
647, 0, 22, 781, 537, 103, 22.76%, 0, 0, 2, 35.72, 27128, 743, 0, 0
652, 0, 22, 782, 538, 103, 22.76%, 0, 0, 2, 35.30, 27305, 743, 0, 0
657, 0, 22, 782, 538, 103, 22.76%, 0, 0, 2, 34.24, 27482, 743, 0, 0
662, 0, 22, 784, 540, 103, 22.76%, 0, 0, 2, 34.31, 27653, 743, 0, 0
667, 0, 22, 785, 541, 103, 22.76%, 0, 0, 2, 34.63, 27829, 743, 0, 0
673, 0, 22, 785, 541, 103, 22.76%, 0, 0, 2, 35.03, 28007, 743, 0, 0
678, 0, 22, 786, 542, 103, 22.79%, 0, 0, 2, 37.53, 28200, 744, 0, 0
683, 0, 22, 786, 542, 103, 22.79%, 0, 0, 2, 35.94, 28377, 744, 0, 0
688, 0, 22, 786, 542, 103, 22.79%, 0, 0, 2, 35.56, 28558, 744, 0, 0
693, 0, 22, 788, 544, 103, 22.82%, 0, 0, 2, 34.33, 28728, 745, 0, 0
698, 0, 22, 788, 544, 103, 22.82%, 0, 0, 2, 34.49, 28908, 745, 0, 0
703, 0, 22, 788, 544, 103, 22.82%, 0, 0, 2, 34.76, 29089, 745, 0, 0
709, 0, 22, 790, 546, 103, 22.82%, 0, 0, 2, 34.20, 29266, 745, 0, 0
714, 0, 22, 790, 546, 103, 22.82%, 0, 0, 2, 34.83, 29447, 745, 0, 0
719, 0, 22, 791, 547, 103, 22.82%, 0, 0, 2, 34.47, 29610, 745, 0, 0
724, 0, 22, 791, 547, 103, 22.82%, 0, 0, 2, 36.45, 29800, 745, 0, 0
729, 0, 22, 791, 547, 103, 22.82%, 0, 0, 2, 36.13, 29981, 745, 0, 0
734, 0, 22, 791, 547, 103, 22.82%, 0, 0, 2, 35.61, 30162, 745, 0, 0
739, 0, 22, 792, 548, 103, 22.82%, 0, 0, 2, 34.51, 30345, 745, 0, 0
744, 0, 22, 792, 548, 103, 22.82%, 0, 0, 2, 34.62, 30522, 745, 0, 0
750, 0, 22, 794, 550, 103, 22.85%, 0, 0, 2, 36.23, 30715, 746, 0, 0
755, 0, 22, 794, 550, 103, 22.85%, 0, 0, 2, 37.22, 30904, 746, 0, 0
760, 0, 31, 795, 551, 105, 22.85%, 0, 0, 2, 37.54, 31095, 746, 0, 0
765, 0, 31, 796, 552, 105, 22.85%, 0, 0, 2, 35.72, 31273, 746, 0, 0
770, 0, 31, 796, 552, 105, 22.85%, 0, 0, 2, 35.51, 31458, 746, 0, 0
775, 0, 31, 797, 553, 105, 22.85%, 0, 0, 2, 34.68, 31628, 746, 0, 0
780, 0, 31, 797, 553, 105, 22.85%, 0, 0, 2, 36.39, 31812, 746, 0, 0
785, 0, 31, 797, 553, 105, 22.85%, 0, 0, 2, 36.83, 31997, 746, 0, 0
790, 0, 31, 798, 554, 105, 22.85%, 0, 0, 2, 34.63, 32162, 746, 0, 0
795, 0, 31, 799, 555, 105, 22.85%, 0, 0, 2, 35.59, 32342, 746, 0, 0
801, 0, 31, 800, 556, 105, 22.85%, 0, 0, 2, 35.57, 32523, 746, 0, 0
806, 0, 31, 800, 556, 105, 22.85%, 0, 0, 2, 36.58, 32713, 746, 0, 0
811, 0, 31, 800, 556, 105, 22.85%, 0, 0, 2, 38.14, 32907, 746, 0, 0
816, 0, 31, 800, 556, 105, 22.85%, 0, 0, 2, 36.11, 33090, 746, 0, 0
821, 0, 31, 800, 556, 105, 22.85%, 0, 0, 2, 36.71, 33281, 746, 0, 0
826, 0, 31, 800, 556, 105, 22.85%, 0, 0, 2, 36.37, 33468, 746, 0, 0
832, 0, 31, 800, 556, 105, 22.85%, 0, 0, 2, 33.77, 33641, 746, 0, 0
837, 0, 31, 800, 556, 105, 22.85%, 0, 0, 2, 35.45, 33824, 746, 0, 0
842, 0, 31, 800, 556, 105, 22.85%, 0, 0, 2, 34.99, 34004, 746, 0, 0
847, 0, 31, 801, 557, 105, 22.85%, 0, 0, 2, 35.64, 34187, 746, 0, 0
852, 0, 31, 803, 559, 105, 22.85%, 0, 0, 2, 35.94, 34368, 746, 0, 0
857, 0, 31, 803, 559, 105, 22.85%, 0, 0, 2, 35.06, 34543, 746, 0, 0
862, 0, 31, 803, 559, 105, 22.85%, 0, 0, 2, 35.95, 34733, 746, 0, 0
867, 0, 31, 803, 559, 105, 22.85%, 0, 0, 2, 34.39, 34899, 746, 0, 0
872, 0, 31, 804, 560, 105, 22.85%, 0, 0, 2, 35.72, 35081, 746, 0, 0
877, 0, 31, 804, 560, 105, 22.85%, 0, 0, 2, 35.56, 35259, 746, 0, 0
882, 0, 31, 804, 560, 105, 22.85%, 0, 0, 2, 35.55, 35435, 746, 0, 0
887, 0, 31, 804, 560, 105, 22.85%, 0, 0, 2, 35.93, 35621, 746, 0, 0
892, 0, 31, 805, 561, 105, 22.94%, 0, 0, 2, 35.08, 35798, 749, 0, 0
898, 0, 31, 805, 561, 105, 22.94%, 0, 0, 2, 35.10, 35983, 749, 0, 0
903, 0, 31, 805, 561, 105, 22.94%, 0, 0, 2, 35.45, 36162, 749, 0, 0
908, 0, 31, 805, 561, 105, 22.94%, 0, 0, 2, 34.47, 36342, 749, 0, 0
913, 0, 31, 805, 561, 105, 22.94%, 0, 0, 2, 34.46, 36515, 749, 0, 0
918, 0, 31, 805, 561, 105, 22.94%, 0, 0, 2, 35.13, 36696, 749, 0, 0
923, 0, 31, 805, 561, 105, 22.94%, 0, 0, 2, 35.31, 36876, 749, 0, 0
928, 0, 31, 805, 561, 105, 22.94%, 0, 0, 2, 35.02, 37052, 749, 0, 0
933, 0, 31, 805, 561, 105, 22.94%, 0, 0, 2, 34.50, 37232, 749, 0, 0
938, 0, 31, 805, 561, 105, 22.94%, 0, 0, 2, 35.51, 37411, 749, 0, 0
944, 0, 31, 805, 561, 105, 22.94%, 0, 0, 2, 36.57, 37601, 749, 0, 0
949, 0, 40, 805, 561, 106, 22.94%, 0, 0, 2, 36.41, 37782, 749, 0, 0
954, 0, 40, 805, 561, 106, 22.94%, 0, 0, 2, 37.77, 37979, 749, 0, 0
959, 0, 40, 805, 561, 106, 22.94%, 0, 0, 2, 37.78, 38177, 749, 0, 0
964, 0, 40, 806, 562, 106, 22.94%, 0, 0, 2, 39.12, 38374, 749, 0, 0
969, 0, 40, 806, 562, 106, 22.94%, 0, 0, 2, 39.69, 38574, 749, 0, 0
974, 0, 40, 806, 562, 106, 22.94%, 0, 0, 2, 39.39, 38768, 749, 0, 0
979, 0, 40, 806, 562, 106, 22.94%, 0, 0, 2, 39.01, 38972, 749, 0, 0
984, 0, 40, 806, 562, 106, 22.94%, 0, 0, 2, 38.67, 39171, 749, 0, 0
989, 0, 40, 806, 562, 106, 22.94%, 0, 0, 2, 37.89, 39362, 749, 0, 0
994, 0, 40, 806, 562, 106, 22.94%, 0, 0, 2, 39.15, 39559, 749, 0, 0
999, 0, 40, 807, 563, 106, 22.94%, 0, 0, 2, 37.48, 39748, 749, 0, 0
1005, 0, 40, 807, 563, 106, 22.94%, 0, 0, 2, 38.78, 39950, 749, 0, 0
1010, 0, 40, 807, 563, 106, 22.94%, 0, 0, 2, 38.38, 40146, 749, 0, 0
1015, 0, 40, 808, 564, 106, 22.94%, 0, 0, 2, 37.50, 40331, 749, 0, 0
1020, 0, 40, 808, 564, 106, 22.94%, 0, 0, 2, 35.85, 40512, 749, 0, 0
1025, 0, 40, 808, 564, 106, 22.94%, 0, 0, 2, 37.13, 40703, 749, 0, 0
1030, 0, 40, 808, 564, 106, 22.94%, 0, 0, 2, 38.72, 40903, 749, 0, 0
1035, 0, 40, 808, 564, 106, 22.94%, 0, 0, 2, 38.56, 41102, 749, 0, 0
1040, 0, 40, 809, 565, 106, 23.00%, 0, 0, 2, 39.23, 41305, 751, 0, 0
1045, 0, 40, 809, 565, 106, 23.00%, 0, 0, 2, 38.34, 41496, 751, 0, 0
1050, 0, 40, 809, 565, 106, 23.00%, 0, 0, 2, 37.41, 41693, 751, 0, 0
1056, 0, 40, 809, 565, 106, 23.00%, 0, 0, 2, 37.65, 41888, 751, 0, 0
1061, 0, 40, 809, 565, 106, 23.00%, 0, 0, 2, 37.07, 42074, 751, 0, 0
1066, 0, 40, 809, 565, 106, 23.00%, 0, 0, 2, 36.75, 42266, 751, 0, 0
1071, 0, 40, 810, 566, 106, 23.03%, 0, 0, 2, 38.06, 42465, 752, 0, 0
1076, 0, 40, 810, 566, 106, 23.03%, 0, 0, 2, 37.83, 42660, 752, 0, 0
1081, 0, 40, 810, 566, 106, 23.03%, 0, 0, 2, 39.16, 42860, 752, 0, 0
1086, 0, 40, 810, 566, 106, 23.03%, 0, 0, 2, 38.03, 43051, 752, 0, 0
1091, 0, 40, 811, 567, 106, 23.03%, 0, 0, 2, 38.66, 43247, 752, 0, 0
1096, 0, 40, 811, 567, 106, 23.03%, 0, 0, 2, 38.59, 43439, 752, 0, 0
1101, 0, 40, 811, 567, 106, 23.03%, 0, 0, 2, 38.44, 43639, 752, 0, 0
1107, 0, 40, 812, 568, 106, 23.03%, 0, 0, 2, 38.18, 43836, 752, 0, 0
1112, 0, 40, 813, 569, 106, 23.03%, 0, 0, 2, 38.26, 44031, 752, 0, 0
1117, 0, 40, 813, 569, 106, 23.03%, 0, 0, 2, 37.68, 44220, 752, 0, 0
1122, 0, 67, 813, 569, 105, 23.03%, 0, 0, 2, 37.49, 44411, 752, 0, 0
1127, 0, 67, 814, 570, 105, 23.03%, 0, 0, 2, 36.38, 44585, 752, 0, 0
1132, 0, 67, 814, 570, 105, 23.03%, 0, 0, 2, 37.13, 44782, 752, 0, 0
1137, 0, 67, 814, 570, 105, 23.03%, 0, 0, 2, 38.15, 44980, 752, 0, 0
1142, 0, 67, 814, 570, 105, 23.03%, 0, 0, 2, 38.42, 45173, 752, 0, 0
1147, 0, 67, 814, 570, 105, 23.03%, 0, 0, 2, 37.42, 45364, 752, 0, 0
1153, 0, 67, 814, 570, 105, 23.03%, 0, 0, 2, 38.32, 45566, 752, 0, 0
1158, 0, 67, 814, 570, 105, 23.03%, 0, 0, 2, 38.54, 45760, 752, 0, 0
1163, 0, 67, 814, 570, 105, 23.03%, 0, 0, 2, 37.42, 45951, 752, 0, 0
1168, 0, 67, 814, 570, 105, 23.03%, 0, 0, 2, 38.22, 46151, 752, 0, 0
1173, 0, 67, 814, 570, 105, 23.03%, 0, 0, 2, 38.44, 46352, 752, 0, 0
1178, 0, 67, 814, 570, 105, 23.03%, 0, 0, 2, 37.03, 46534, 752, 0, 0
1183, 0, 67, 814, 570, 105, 23.03%, 0, 0, 2, 37.69, 46729, 752, 0, 0
1188, 0, 67, 814, 570, 105, 23.03%, 0, 0, 2, 37.67, 46922, 752, 0, 0
1194, 0, 67, 814, 570, 105, 23.03%, 0, 0, 2, 37.76, 47116, 752, 0, 0
1199, 0, 67, 814, 570, 105, 23.03%, 0, 0, 2, 37.18, 47306, 752, 0, 0
1204, 0, 67, 814, 570, 105, 23.03%, 0, 0, 2, 36.28, 47489, 752, 0, 0
1209, 0, 67, 814, 570, 105, 23.03%, 0, 0, 2, 36.76, 47675, 752, 0, 0
1214, 0, 67, 814, 570, 105, 23.03%, 0, 0, 2, 38.12, 47874, 752, 0, 0
1219, 0, 67, 814, 570, 105, 23.03%, 0, 0, 2, 37.98, 48061, 752, 0, 0
1224, 0, 67, 814, 570, 105, 23.03%, 0, 0, 2, 37.70, 48258, 752, 0, 0
1229, 0, 67, 816, 572, 105, 23.03%, 0, 0, 2, 37.61, 48440, 752, 0, 0
1234, 0, 67, 816, 572, 105, 23.03%, 0, 0, 2, 36.03, 48622, 752, 0, 0
1239, 0, 67, 816, 572, 105, 23.03%, 0, 0, 2, 37.46, 48810, 752, 0, 0
1244, 0, 67, 816, 572, 105, 23.03%, 0, 0, 2, 37.49, 49008, 752, 0, 0
1249, 0, 67, 817, 573, 105, 23.06%, 0, 0, 2, 36.55, 49190, 753, 0, 0
1255, 0, 67, 817, 573, 105, 23.06%, 0, 0, 2, 37.24, 49385, 753, 0, 0
1260, 0, 67, 817, 573, 105, 23.06%, 0, 0, 2, 37.53, 49577, 753, 0, 0
1265, 0, 67, 818, 574, 105, 23.06%, 0, 0, 2, 37.04, 49767, 753, 0, 0
1270, 0, 67, 818, 574, 105, 23.06%, 0, 0, 2, 37.62, 49957, 753, 0, 0
1275, 0, 67, 818, 574, 105, 23.06%, 0, 0, 2, 38.96, 50157, 753, 0, 0
1280, 0, 67, 819, 575, 105, 23.06%, 0, 0, 2, 37.55, 50336, 753, 0, 0
1286, 0, 67, 820, 576, 105, 23.12%, 0, 0, 2, 36.97, 50523, 755, 0, 0
1291, 0, 67, 820, 576, 105, 23.12%, 0, 0, 2, 37.38, 50718, 755, 0, 0
1296, 0, 67, 820, 576, 105, 23.12%, 0, 0, 2, 37.80, 50913, 755, 0, 0
1301, 0, 68, 822, 578, 105, 23.12%, 0, 0, 2, 36.48, 51099, 755, 0, 0
1307, 0, 68, 827, 583, 105, 23.12%, 0, 0, 2, 29.67, 51247, 755, 0, 0
1312, 0, 68, 836, 592, 105, 23.12%, 0, 0, 2, 27.28, 51365, 755, 0, 0
1317, 0, 68, 848, 604, 105, 23.19%, 0, 0, 2, 28.07, 51501, 757, 0, 0
1322, 0, 68, 861, 617, 105, 23.37%, 0, 0, 2, 29.35, 51637, 763, 0, 0
1328, 0, 68, 876, 632, 105, 23.37%, 0, 0, 2, 29.03, 51774, 763, 0, 0
1333, 0, 68, 889, 645, 105, 23.43%, 0, 0, 2, 28.16, 51910, 765, 0, 0
1338, 0, 68, 906, 662, 105, 23.43%, 0, 0, 2, 29.82, 52068, 765, 0, 0
1343, 0, 68, 921, 677, 105, 23.43%, 0, 0, 2, 31.75, 52228, 765, 0, 0
1349, 0, 68, 935, 691, 105, 23.43%, 0, 0, 2, 29.23, 52361, 765, 0, 0
1354, 0, 68, 946, 702, 105, 23.46%, 0, 0, 2, 25.92, 52479, 766, 0, 0
1359, 0, 68, 959, 715, 105, 23.46%, 0, 0, 2, 27.84, 52609, 766, 0, 0
1365, 0, 68, 968, 724, 105, 23.46%, 0, 0, 2, 23.27, 52701, 766, 0, 0
1370, 0, 68, 978, 734, 105, 23.46%, 0, 0, 2, 22.46, 52806, 766, 0, 0
1375, 0, 68, 989, 745, 105, 23.46%, 0, 0, 2, 22.31, 52914, 766, 0, 0
1380, 0, 70, 989, 745, 112, 23.46%, 0, 0, 2, 31.54, 53089, 766, 0, 0
1386, 0, 70, 989, 745, 112, 23.46%, 0, 0, 2, 35.89, 53274, 766, 0, 0
1391, 0, 70, 989, 745, 112, 23.46%, 0, 0, 2, 36.19, 53453, 766, 0, 0
1396, 0, 70, 989, 745, 112, 23.46%, 0, 0, 2, 35.59, 53626, 766, 0, 0
1401, 0, 70, 989, 745, 112, 23.46%, 0, 0, 2, 36.85, 53815, 766, 0, 0
1406, 0, 70, 989, 745, 112, 23.46%, 0, 0, 2, 36.72, 54001, 766, 0, 0
1411, 0, 70, 989, 745, 112, 23.46%, 0, 0, 2, 35.48, 54180, 766, 0, 0
1416, 0, 70, 989, 745, 112, 23.46%, 0, 0, 2, 35.69, 54362, 766, 0, 0
1422, 0, 70, 989, 745, 112, 23.46%, 0, 0, 2, 37.43, 54558, 766, 0, 0
1427, 0, 70, 989, 745, 112, 23.46%, 0, 0, 2, 35.75, 54740, 766, 0, 0
1432, 0, 70, 989, 745, 112, 23.46%, 0, 0, 2, 34.74, 54915, 766, 0, 0
1437, 0, 70, 989, 745, 112, 23.46%, 0, 0, 2, 35.83, 55103, 766, 0, 0
1442, 0, 70, 989, 745, 112, 23.46%, 0, 0, 2, 34.37, 55275, 766, 0, 0
1447, 0, 70, 989, 745, 112, 23.46%, 0, 0, 2, 35.72, 55460, 766, 0, 0
1452, 0, 70, 989, 745, 112, 23.46%, 0, 0, 2, 35.32, 55643, 766, 0, 0
1457, 0, 70, 989, 745, 112, 23.46%, 0, 0, 2, 36.20, 55828, 766, 0, 0
1462, 0, 70, 989, 745, 112, 23.46%, 0, 0, 2, 36.07, 56010, 766, 0, 0
1468, 0, 70, 989, 745, 112, 23.46%, 0, 0, 2, 35.67, 56188, 766, 0, 0
1473, 0, 71, 989, 745, 112, 23.46%, 0, 0, 2, 34.13, 56367, 766, 0, 0
1478, 0, 71, 989, 745, 112, 23.46%, 0, 0, 2, 36.07, 56549, 766, 0, 0
1483, 0, 71, 989, 745, 112, 23.46%, 0, 0, 2, 36.24, 56737, 766, 0, 0
1488, 0, 71, 989, 745, 112, 23.46%, 0, 0, 2, 36.62, 56922, 766, 0, 0
1493, 0, 71, 989, 745, 112, 23.46%, 0, 0, 2, 34.77, 57100, 766, 0, 0
1498, 0, 71, 989, 745, 112, 23.46%, 0, 0, 2, 34.81, 57276, 766, 0, 0
1503, 0, 71, 989, 745, 112, 23.46%, 0, 0, 2, 36.73, 57466, 766, 0, 0
1509, 0, 71, 989, 745, 112, 23.46%, 0, 0, 2, 37.21, 57655, 766, 0, 0
1514, 0, 71, 989, 745, 112, 23.46%, 0, 0, 2, 37.01, 57843, 766, 0, 0
1519, 0, 71, 989, 745, 112, 23.46%, 0, 0, 2, 35.06, 58014, 766, 0, 0
1524, 0, 71, 989, 745, 112, 23.46%, 0, 0, 2, 34.96, 58197, 766, 0, 0
1529, 0, 71, 989, 745, 112, 23.46%, 0, 0, 2, 34.95, 58374, 766, 0, 0
1534, 0, 71, 989, 745, 112, 23.46%, 0, 0, 2, 36.64, 58564, 766, 0, 0
1539, 0, 71, 989, 745, 112, 23.46%, 0, 0, 2, 35.67, 58747, 766, 0, 0
1544, 0, 71, 989, 745, 112, 23.46%, 0, 0, 2, 36.18, 58934, 766, 0, 0
1549, 0, 71, 989, 745, 112, 23.46%, 0, 0, 2, 34.93, 59110, 766, 0, 0
1554, 0, 71, 989, 745, 112, 23.46%, 0, 0, 2, 36.06, 59289, 766, 0, 0
1560, 0, 72, 989, 745, 112, 23.46%, 0, 0, 2, 36.30, 59473, 766, 0, 0
1565, 0, 72, 989, 745, 112, 23.46%, 0, 0, 2, 32.68, 59640, 766, 0, 0
1570, 0, 72, 989, 745, 112, 23.46%, 0, 0, 2, 34.80, 59819, 766, 0, 0
1575, 0, 72, 989, 745, 112, 23.46%, 0, 0, 2, 33.54, 59992, 766, 0, 0
1580, 0, 72, 990, 746, 112, 23.46%, 0, 0, 2, 35.39, 60180, 766, 0, 0
1585, 0, 72, 990, 746, 112, 23.46%, 0, 0, 2, 33.06, 60344, 766, 0, 0
1591, 0, 72, 990, 746, 112, 23.46%, 0, 0, 2, 35.54, 60532, 766, 0, 0
1596, 0, 72, 990, 746, 112, 23.46%, 0, 0, 2, 36.51, 60725, 766, 0, 0
1601, 0, 72, 990, 746, 112, 23.46%, 0, 0, 2, 33.88, 60897, 766, 0, 0
1606, 0, 72, 990, 746, 112, 23.46%, 0, 0, 2, 35.00, 61079, 766, 0, 0
1611, 0, 72, 990, 746, 112, 23.46%, 0, 0, 2, 35.06, 61259, 766, 0, 0
1616, 0, 72, 990, 746, 112, 23.46%, 0, 0, 2, 34.81, 61437, 766, 0, 0
1622, 0, 72, 990, 746, 112, 23.46%, 0, 0, 2, 34.93, 61614, 766, 0, 0
1627, 0, 72, 990, 746, 112, 23.46%, 0, 0, 2, 33.17, 61781, 766, 0, 0
1632, 0, 72, 990, 746, 112, 23.46%, 0, 0, 2, 34.33, 61956, 766, 0, 0
1637, 0, 72, 990, 746, 112, 23.46%, 0, 0, 2, 36.03, 62144, 766, 0, 0
1642, 0, 72, 990, 746, 112, 23.46%, 0, 0, 2, 34.51, 62316, 766, 0, 0
1647, 0, 72, 990, 746, 112, 23.46%, 0, 0, 2, 34.33, 62486, 766, 0, 0
1652, 0, 72, 990, 746, 112, 23.46%, 0, 0, 2, 34.29, 62655, 766, 0, 0
1657, 0, 72, 990, 746, 112, 23.46%, 0, 0, 2, 32.78, 62829, 766, 0, 0
1662, 0, 72, 990, 746, 112, 23.46%, 0, 0, 2, 34.05, 63009, 766, 0, 0
1667, 0, 72, 990, 746, 112, 23.46%, 0, 0, 2, 35.34, 63185, 766, 0, 0
1673, 0, 72, 990, 746, 112, 23.46%, 0, 0, 2, 34.39, 63359, 766, 0, 0
1678, 0, 72, 990, 746, 112, 23.46%, 0, 0, 2, 35.19, 63538, 766, 0, 0
1683, 0, 72, 990, 746, 112, 23.46%, 0, 0, 2, 33.91, 63705, 766, 0, 0
1688, 0, 72, 990, 746, 112, 23.46%, 0, 0, 2, 32.77, 63878, 766, 0, 0
1693, 0, 72, 990, 746, 112, 23.46%, 0, 0, 2, 33.90, 64054, 766, 0, 0
1698, 0, 72, 990, 746, 112, 23.46%, 0, 0, 2, 33.12, 64221, 766, 0, 0
1703, 0, 72, 990, 746, 112, 23.46%, 0, 0, 2, 33.42, 64394, 766, 0, 0
1708, 0, 72, 990, 746, 112, 23.46%, 0, 0, 2, 32.76, 64564, 766, 0, 0
1714, 0, 72, 990, 746, 112, 23.46%, 0, 0, 2, 34.91, 64745, 766, 0, 0
1719, 0, 72, 990, 746, 112, 23.46%, 0, 0, 2, 35.17, 64920, 766, 0, 0
1724, 0, 72, 991, 747, 112, 23.49%, 0, 0, 2, 35.44, 65102, 767, 0, 0
1729, 0, 72, 991, 747, 112, 23.49%, 0, 0, 2, 35.20, 65283, 767, 0, 0
1734, 0, 72, 991, 747, 112, 23.49%, 0, 0, 2, 34.75, 65456, 767, 0, 0
1739, 0, 72, 991, 747, 112, 23.49%, 0, 0, 2, 34.91, 65633, 767, 0, 0
1744, 0, 72, 991, 747, 112, 23.49%, 0, 0, 2, 35.19, 65811, 767, 0, 0
1749, 0, 72, 991, 747, 112, 23.49%, 0, 0, 2, 35.91, 65998, 767, 0, 0
1754, 0, 73, 991, 747, 113, 23.49%, 0, 0, 2, 33.64, 66166, 767, 0, 0
1759, 0, 73, 991, 747, 113, 23.49%, 0, 0, 2, 34.97, 66348, 767, 0, 0
1764, 0, 73, 991, 747, 113, 23.49%, 0, 0, 2, 32.96, 66512, 767, 0, 0
1769, 0, 73, 991, 747, 113, 23.49%, 0, 0, 2, 33.07, 66678, 767, 0, 0
1775, 0, 73, 991, 747, 113, 23.49%, 0, 0, 2, 33.97, 66852, 767, 0, 0
1780, 0, 73, 991, 747, 113, 23.49%, 0, 0, 2, 34.36, 67031, 767, 0, 0
1785, 0, 73, 991, 747, 113, 23.49%, 0, 0, 2, 34.27, 67205, 767, 0, 0
1790, 0, 73, 991, 747, 113, 23.49%, 0, 0, 2, 33.32, 67375, 767, 0, 0
1795, 0, 73, 991, 747, 113, 23.49%, 0, 0, 2, 33.39, 67545, 767, 0, 0
1800, 0, 73, 991, 747, 113, 23.49%, 0, 0, 2, 35.40, 67727, 767, 0, 0
1805, 0, 73, 991, 747, 113, 23.49%, 0, 0, 2, 33.96, 67898, 767, 0, 0
1810, 0, 73, 991, 747, 113, 23.49%, 0, 0, 2, 35.64, 68079, 767, 0, 0
1815, 0, 73, 991, 747, 113, 23.49%, 0, 0, 2, 35.18, 68255, 767, 0, 0
1820, 0, 73, 991, 747, 113, 23.49%, 0, 0, 2, 34.38, 68429, 767, 0, 0
1825, 0, 73, 991, 747, 113, 23.49%, 0, 0, 2, 36.55, 68618, 767, 0, 0
1831, 0, 73, 991, 747, 113, 23.49%, 0, 0, 2, 36.17, 68805, 767, 0, 0
1836, 0, 73, 991, 747, 113, 23.49%, 0, 0, 2, 34.65, 68981, 767, 0, 0
1841, 0, 73, 991, 747, 113, 23.49%, 0, 0, 2, 34.45, 69156, 767, 0, 0
1846, 0, 86, 991, 747, 113, 23.49%, 0, 0, 2, 34.28, 69331, 767, 0, 0
1851, 0, 86, 991, 747, 113, 23.49%, 0, 0, 2, 35.69, 69512, 767, 0, 0
1856, 0, 86, 991, 747, 113, 23.49%, 0, 0, 2, 37.74, 69709, 767, 0, 0
1861, 0, 86, 991, 747, 113, 23.49%, 0, 0, 2, 36.79, 69898, 767, 0, 0
1866, 0, 86, 991, 747, 113, 23.49%, 0, 0, 2, 37.93, 70090, 767, 0, 0
1871, 0, 86, 991, 747, 113, 23.49%, 0, 0, 2, 36.32, 70272, 767, 0, 0
1876, 0, 86, 991, 747, 113, 23.49%, 0, 0, 2, 33.60, 70434, 767, 0, 0
1882, 0, 86, 991, 747, 113, 23.49%, 0, 0, 2, 36.35, 70627, 767, 0, 0
1887, 0, 86, 992, 748, 113, 23.49%, 0, 0, 2, 35.01, 70800, 767, 0, 0
1892, 0, 86, 992, 748, 113, 23.49%, 0, 0, 2, 36.01, 70990, 767, 0, 0
1897, 0, 86, 992, 748, 113, 23.49%, 0, 0, 2, 35.98, 71171, 767, 0, 0
1902, 0, 86, 992, 748, 113, 23.49%, 0, 0, 2, 35.79, 71352, 767, 0, 0
1907, 0, 86, 993, 749, 113, 23.49%, 0, 0, 2, 35.73, 71536, 767, 0, 0
1912, 0, 86, 993, 749, 113, 23.49%, 0, 0, 2, 33.78, 71709, 767, 0, 0
1918, 0, 86, 993, 749, 113, 23.49%, 0, 0, 2, 35.36, 71894, 767, 0, 0
1923, 0, 86, 994, 750, 113, 23.49%, 0, 0, 2, 36.42, 72077, 767, 0, 0
1928, 0, 86, 994, 750, 113, 23.49%, 0, 0, 2, 35.31, 72249, 767, 0, 0
1933, 0, 86, 994, 750, 113, 23.49%, 0, 0, 2, 35.64, 72434, 767, 0, 0
1938, 0, 86, 994, 750, 113, 23.49%, 0, 0, 2, 36.60, 72624, 767, 0, 0
1943, 0, 86, 994, 750, 113, 23.49%, 0, 0, 2, 36.09, 72800, 767, 0, 0
1948, 0, 86, 994, 750, 113, 23.49%, 0, 0, 2, 36.51, 72990, 767, 0, 0
1953, 0, 86, 994, 750, 113, 23.49%, 0, 0, 2, 36.33, 73173, 767, 0, 0
1958, 0, 86, 994, 750, 113, 23.49%, 0, 0, 2, 35.62, 73350, 767, 0, 0
1963, 0, 86, 994, 750, 113, 23.49%, 0, 0, 2, 36.75, 73538, 767, 0, 0
1969, 0, 86, 994, 750, 113, 23.49%, 0, 0, 2, 37.25, 73730, 767, 0, 0
1974, 0, 86, 994, 750, 113, 23.49%, 0, 0, 2, 36.55, 73916, 767, 0, 0
1979, 0, 86, 994, 750, 113, 23.49%, 0, 0, 2, 35.55, 74099, 767, 0, 0
1984, 0, 86, 994, 750, 113, 23.49%, 0, 0, 2, 35.42, 74280, 767, 0, 0
1989, 0, 86, 994, 750, 113, 23.49%, 0, 0, 2, 37.28, 74471, 767, 0, 0
1994, 0, 86, 994, 750, 113, 23.49%, 0, 0, 2, 36.10, 74650, 767, 0, 0
1999, 0, 86, 994, 750, 113, 23.49%, 0, 0, 2, 35.12, 74826, 767, 0, 0
2004, 0, 86, 994, 750, 113, 23.49%, 0, 0, 2, 35.40, 75009, 767, 0, 0
2009, 0, 86, 994, 750, 113, 23.49%, 0, 0, 2, 35.67, 75190, 767, 0, 0
2015, 0, 86, 994, 750, 113, 23.49%, 0, 0, 2, 35.15, 75372, 767, 0, 0
2020, 0, 86, 994, 750, 113, 23.49%, 0, 0, 2, 36.28, 75554, 767, 0, 0
2025, 0, 86, 995, 751, 113, 23.49%, 0, 0, 2, 37.72, 75750, 767, 0, 0
2030, 0, 87, 995, 751, 113, 23.49%, 0, 0, 2, 36.77, 75937, 767, 0, 0
2035, 0, 87, 995, 751, 113, 23.49%, 0, 0, 2, 36.20, 76117, 767, 0, 0
2040, 0, 87, 995, 751, 113, 23.49%, 0, 0, 2, 35.91, 76296, 767, 0, 0
2045, 0, 87, 995, 751, 113, 23.49%, 0, 0, 2, 37.30, 76485, 767, 0, 0
2050, 0, 87, 995, 751, 113, 23.49%, 0, 0, 2, 36.80, 76673, 767, 0, 0
2056, 0, 87, 995, 751, 113, 23.49%, 0, 0, 2, 36.03, 76860, 767, 0, 0
2061, 0, 87, 995, 751, 113, 23.49%, 0, 0, 2, 37.04, 77049, 767, 0, 0
2066, 0, 87, 995, 751, 113, 23.49%, 0, 0, 2, 35.56, 77226, 767, 0, 0
2071, 0, 87, 995, 751, 113, 23.49%, 0, 0, 2, 36.63, 77415, 767, 0, 0
2076, 0, 87, 995, 751, 113, 23.49%, 0, 0, 2, 37.93, 77607, 767, 0, 0
2081, 0, 87, 996, 752, 113, 23.49%, 0, 0, 2, 37.85, 77806, 767, 0, 0
2087, 0, 87, 996, 752, 113, 23.49%, 0, 0, 2, 36.13, 77992, 767, 0, 0
2092, 0, 87, 996, 752, 113, 23.49%, 0, 0, 2, 36.23, 78178, 767, 0, 0
2097, 0, 87, 996, 752, 113, 23.49%, 0, 0, 2, 37.46, 78370, 767, 0, 0
2102, 0, 87, 996, 752, 113, 23.49%, 0, 0, 2, 36.80, 78553, 767, 0, 0
2107, 0, 87, 996, 752, 113, 23.49%, 0, 0, 2, 35.37, 78726, 767, 0, 0
2112, 0, 87, 996, 752, 113, 23.49%, 0, 0, 2, 35.36, 78905, 767, 0, 0
2117, 0, 87, 996, 752, 113, 23.49%, 0, 0, 2, 35.56, 79089, 767, 0, 0
2122, 0, 87, 996, 752, 113, 23.49%, 0, 0, 2, 34.68, 79269, 767, 0, 0
2128, 0, 87, 996, 752, 113, 23.49%, 0, 0, 2, 36.05, 79457, 767, 0, 0
2133, 0, 87, 996, 752, 113, 23.49%, 0, 0, 2, 35.92, 79641, 767, 0, 0
2138, 0, 87, 996, 752, 113, 23.49%, 0, 0, 2, 36.27, 79834, 767, 0, 0
2143, 0, 87, 996, 752, 113, 23.49%, 0, 0, 2, 37.10, 80029, 767, 0, 0
2148, 0, 87, 997, 753, 113, 23.49%, 0, 0, 2, 38.37, 80223, 767, 0, 0
2153, 0, 87, 997, 753, 113, 23.49%, 0, 0, 2, 36.30, 80406, 767, 0, 0
2158, 0, 87, 997, 753, 113, 23.49%, 0, 0, 2, 36.61, 80597, 767, 0, 0
2164, 0, 87, 997, 753, 113, 23.49%, 0, 0, 2, 36.29, 80783, 767, 0, 0
2169, 0, 87, 997, 753, 113, 23.49%, 0, 0, 2, 34.99, 80960, 767, 0, 0
2174, 0, 87, 997, 753, 113, 23.49%, 0, 0, 2, 38.27, 81160, 767, 0, 0
2179, 0, 87, 997, 753, 113, 23.49%, 0, 0, 2, 37.46, 81345, 767, 0, 0
2184, 0, 87, 997, 753, 113, 23.49%, 0, 0, 2, 35.52, 81523, 767, 0, 0
2189, 0, 87, 997, 753, 113, 23.49%, 0, 0, 2, 35.95, 81709, 767, 0, 0
2194, 0, 87, 997, 753, 113, 23.49%, 0, 0, 2, 35.90, 81897, 767, 0, 0
2200, 0, 87, 997, 753, 113, 23.49%, 0, 0, 2, 37.32, 82090, 767, 0, 0
2205, 0, 87, 997, 753, 113, 23.49%, 0, 0, 2, 37.67, 82282, 767, 0, 0
2210, 0, 87, 997, 753, 113, 23.49%, 0, 0, 2, 37.41, 82476, 767, 0, 0
2215, 0, 88, 997, 753, 113, 23.49%, 0, 0, 2, 36.26, 82656, 767, 0, 0
2220, 0, 88, 997, 753, 113, 23.49%, 0, 0, 2, 36.21, 82844, 767, 0, 0
2225, 0, 88, 997, 753, 113, 23.49%, 0, 0, 2, 35.92, 83028, 767, 0, 0
2230, 0, 88, 997, 753, 113, 23.49%, 0, 0, 2, 36.30, 83216, 767, 0, 0
2235, 0, 88, 997, 753, 113, 23.49%, 0, 0, 2, 38.36, 83411, 767, 0, 0
2241, 0, 88, 997, 753, 113, 23.49%, 0, 0, 2, 37.40, 83601, 767, 0, 0
2246, 0, 88, 997, 753, 113, 23.49%, 0, 0, 2, 36.34, 83788, 767, 0, 0
2251, 0, 88, 997, 753, 113, 23.49%, 0, 0, 2, 38.37, 83985, 767, 0, 0
2256, 0, 88, 997, 753, 113, 23.49%, 0, 0, 2, 35.87, 84163, 767, 0, 0
2261, 0, 88, 997, 753, 113, 23.49%, 0, 0, 2, 36.22, 84350, 767, 0, 0
2266, 0, 88, 997, 753, 113, 23.49%, 0, 0, 2, 35.79, 84535, 767, 0, 0
2271, 0, 88, 997, 753, 113, 23.49%, 0, 0, 2, 35.35, 84715, 767, 0, 0
2277, 0, 88, 997, 753, 113, 23.49%, 0, 0, 2, 36.02, 84905, 767, 0, 0
2282, 0, 88, 997, 753, 113, 23.49%, 0, 0, 2, 36.18, 85085, 767, 0, 0
2287, 0, 88, 997, 753, 113, 23.49%, 0, 0, 2, 34.61, 85264, 767, 0, 0
2292, 0, 88, 997, 753, 113, 23.49%, 0, 0, 2, 36.27, 85446, 767, 0, 0
2297, 0, 88, 997, 753, 113, 23.49%, 0, 0, 2, 36.83, 85632, 767, 0, 0
2302, 0, 117, 997, 753, 113, 23.49%, 0, 0, 2, 37.59, 85820, 767, 0, 0
2307, 0, 117, 997, 753, 113, 23.49%, 0, 0, 2, 36.91, 86009, 767, 0, 0
2312, 0, 117, 997, 753, 113, 23.49%, 0, 0, 2, 38.42, 86213, 767, 0, 0
2317, 0, 117, 997, 753, 113, 23.49%, 0, 0, 2, 36.79, 86396, 767, 0, 0
2322, 0, 117, 997, 753, 113, 23.49%, 0, 0, 2, 35.01, 86578, 767, 0, 0
2328, 0, 117, 997, 753, 113, 23.49%, 0, 0, 2, 34.63, 86759, 767, 0, 0
2333, 0, 117, 997, 753, 113, 23.49%, 0, 0, 2, 35.92, 86945, 767, 0, 0
2338, 0, 117, 997, 753, 113, 23.49%, 0, 0, 2, 37.22, 87140, 767, 0, 0
2343, 0, 117, 998, 754, 113, 23.49%, 0, 0, 2, 36.76, 87326, 767, 0, 0
2348, 0, 117, 998, 754, 113, 23.49%, 0, 0, 2, 37.09, 87518, 767, 0, 0
2353, 0, 117, 998, 754, 113, 23.49%, 0, 0, 2, 36.77, 87703, 767, 0, 0
2358, 0, 117, 998, 754, 113, 23.49%, 0, 0, 2, 37.46, 87897, 767, 0, 0
2364, 0, 117, 998, 754, 113, 23.49%, 0, 0, 2, 36.13, 88084, 767, 0, 0
2369, 0, 117, 998, 754, 113, 23.49%, 0, 0, 2, 36.70, 88278, 767, 0, 0
2374, 0, 117, 998, 754, 113, 23.49%, 0, 0, 2, 36.77, 88467, 767, 0, 0
2379, 0, 117, 998, 754, 113, 23.49%, 0, 0, 2, 36.25, 88654, 767, 0, 0
2384, 0, 117, 998, 754, 113, 23.49%, 0, 0, 2, 36.34, 88842, 767, 0, 0
2389, 0, 117, 998, 754, 113, 23.49%, 0, 0, 2, 35.95, 89029, 767, 0, 0
2395, 0, 117, 998, 754, 113, 23.49%, 0, 0, 2, 36.60, 89217, 767, 0, 0
2400, 0, 117, 998, 754, 113, 23.49%, 0, 0, 2, 37.28, 89413, 767, 0, 0
2405, 0, 117, 998, 754, 113, 23.49%, 0, 0, 2, 34.87, 89585, 767, 0, 0
2410, 0, 117, 998, 754, 113, 23.49%, 0, 0, 2, 36.48, 89774, 767, 0, 0
2415, 0, 117, 998, 754, 113, 23.49%, 0, 0, 2, 36.53, 89957, 767, 0, 0
2420, 0, 117, 998, 754, 113, 23.49%, 0, 0, 2, 35.50, 90142, 767, 0, 0
2425, 0, 117, 998, 754, 113, 23.49%, 0, 0, 2, 36.08, 90321, 767, 0, 0
2430, 0, 117, 999, 755, 113, 23.49%, 0, 0, 2, 36.45, 90516, 767, 0, 0
2435, 0, 117, 999, 755, 113, 23.49%, 0, 0, 2, 36.55, 90697, 767, 0, 0
2441, 0, 117, 999, 755, 113, 23.49%, 0, 0, 2, 36.29, 90876, 767, 0, 0
2446, 0, 117, 999, 755, 113, 23.49%, 0, 0, 2, 36.34, 91055, 767, 0, 0
2451, 0, 117, 999, 755, 113, 23.49%, 0, 0, 2, 36.69, 91243, 767, 0, 0
2456, 0, 117, 999, 755, 113, 23.49%, 0, 0, 2, 37.62, 91437, 767, 0, 0
2461, 0, 117, 999, 755, 113, 23.49%, 0, 0, 2, 36.42, 91616, 767, 0, 0
2466, 0, 117, 999, 755, 113, 23.49%, 0, 0, 2, 36.82, 91800, 767, 0, 0
2471, 0, 117, 999, 755, 113, 23.49%, 0, 0, 2, 36.91, 91987, 767, 0, 0
2476, 0, 117, 999, 755, 113, 23.49%, 0, 0, 2, 36.88, 92172, 767, 0, 0
2481, 0, 119, 999, 755, 113, 23.49%, 0, 0, 2, 35.81, 92354, 767, 0, 0
2486, 0, 119, 999, 755, 113, 23.49%, 0, 0, 2, 33.04, 92515, 767, 0, 0
2491, 0, 119, 999, 755, 113, 23.49%, 0, 0, 2, 31.21, 92669, 767, 0, 0
2496, 0, 119, 999, 755, 113, 23.49%, 0, 0, 2, 32.38, 92835, 767, 0, 0
2501, 0, 119, 999, 755, 113, 23.49%, 0, 0, 2, 32.70, 93003, 767, 0, 0
2506, 0, 119, 999, 755, 113, 23.49%, 0, 0, 2, 32.86, 93168, 767, 0, 0
2512, 0, 119, 999, 755, 113, 23.49%, 0, 0, 2, 33.20, 93342, 767, 0, 0
2517, 0, 119, 999, 755, 113, 23.49%, 0, 0, 2, 31.77, 93503, 767, 0, 0
2522, 0, 119, 999, 755, 113, 23.49%, 0, 0, 2, 32.18, 93664, 767, 0, 0
2527, 0, 119, 999, 755, 113, 23.49%, 0, 0, 2, 30.39, 93818, 767, 0, 0
2532, 0, 119, 999, 755, 113, 23.49%, 0, 0, 2, 30.09, 93975, 767, 0, 0
2537, 0, 119, 1000, 756, 113, 23.49%, 0, 0, 2, 34.24, 94151, 767, 0, 0
2542, 0, 119, 1000, 756, 113, 23.49%, 0, 0, 2, 34.15, 94325, 767, 0, 0
2547, 0, 119, 1000, 756, 113, 23.49%, 0, 0, 2, 32.46, 94481, 767, 0, 0
2552, 0, 119, 1000, 756, 113, 23.49%, 0, 0, 2, 32.54, 94648, 767, 0, 0
2558, 0, 119, 1000, 756, 113, 23.49%, 0, 0, 2, 32.36, 94814, 767, 0, 0
2563, 0, 119, 1000, 756, 113, 23.49%, 0, 0, 2, 32.69, 94984, 767, 0, 0
2568, 0, 119, 1001, 757, 113, 23.49%, 0, 0, 2, 30.40, 95136, 767, 0, 0
2573, 0, 119, 1002, 758, 113, 23.49%, 0, 0, 2, 32.21, 95305, 767, 0, 0
2578, 0, 119, 1002, 758, 113, 23.49%, 0, 0, 2, 32.55, 95466, 767, 0, 0
2583, 0, 119, 1003, 759, 113, 23.49%, 0, 0, 2, 33.08, 95632, 767, 0, 0
2588, 0, 119, 1003, 759, 113, 23.49%, 0, 0, 2, 31.47, 95789, 767, 0, 0
2593, 0, 119, 1003, 759, 113, 23.49%, 0, 0, 2, 31.44, 95948, 767, 0, 0
2598, 0, 119, 1003, 759, 113, 23.49%, 0, 0, 2, 31.90, 96111, 767, 0, 0
2604, 0, 119, 1003, 759, 113, 23.49%, 0, 0, 2, 30.86, 96270, 767, 0, 0
2609, 0, 119, 1003, 759, 113, 23.49%, 0, 0, 2, 33.16, 96439, 767, 0, 0
2614, 0, 119, 1003, 759, 113, 23.49%, 0, 0, 2, 30.80, 96597, 767, 0, 0
2619, 0, 119, 1003, 759, 113, 23.49%, 0, 0, 2, 32.17, 96761, 767, 0, 0
2624, 0, 119, 1003, 759, 113, 23.49%, 0, 0, 2, 31.15, 96921, 767, 0, 0
2629, 0, 119, 1003, 759, 113, 23.49%, 0, 0, 2, 34.59, 97100, 767, 0, 0
2634, 0, 119, 1003, 759, 113, 23.49%, 0, 0, 2, 32.16, 97263, 767, 0, 0
2639, 0, 119, 1003, 759, 113, 23.49%, 0, 0, 2, 32.96, 97432, 767, 0, 0
2644, 0, 119, 1004, 760, 113, 23.49%, 0, 0, 2, 34.84, 97614, 767, 0, 0
2649, 0, 119, 1004, 760, 113, 23.49%, 0, 0, 2, 32.53, 97775, 767, 0, 0
2654, 0, 119, 1004, 760, 113, 23.49%, 0, 0, 2, 31.01, 97930, 767, 0, 0
2660, 0, 119, 1004, 760, 113, 23.49%, 0, 0, 2, 32.17, 98100, 767, 0, 0
2665, 0, 119, 1004, 760, 113, 23.49%, 0, 0, 2, 32.46, 98267, 767, 0, 0
2670, 0, 119, 1004, 760, 113, 23.49%, 0, 0, 2, 30.39, 98419, 767, 0, 0
2675, 0, 119, 1004, 760, 113, 23.49%, 0, 0, 2, 32.29, 98587, 767, 0, 0
2680, 0, 119, 1004, 760, 113, 23.49%, 0, 0, 2, 32.06, 98756, 767, 0, 0
2685, 0, 120, 1004, 760, 113, 23.49%, 0, 0, 2, 32.94, 98928, 767, 0, 0
2691, 0, 120, 1004, 760, 113, 23.49%, 0, 0, 2, 33.92, 99106, 767, 0, 0
2696, 0, 120, 1004, 760, 113, 23.49%, 0, 0, 2, 36.19, 99289, 767, 0, 0
2701, 0, 120, 1004, 760, 113, 23.49%, 0, 0, 2, 35.73, 99475, 767, 0, 0
2706, 0, 120, 1004, 760, 113, 23.49%, 0, 0, 2, 35.50, 99655, 767, 0, 0
2711, 0, 120, 1004, 760, 113, 23.49%, 0, 0, 2, 35.80, 99840, 767, 0, 0
2716, 0, 120, 1004, 760, 113, 23.49%, 0, 0, 2, 36.33, 100029, 767, 0, 0
2721, 0, 120, 1004, 760, 113, 23.49%, 0, 0, 2, 37.28, 100220, 767, 0, 0
2727, 0, 120, 1004, 760, 113, 23.49%, 0, 0, 2, 36.73, 100408, 767, 0, 0
2732, 0, 120, 1004, 760, 113, 23.49%, 0, 0, 2, 35.55, 100583, 767, 0, 0
2737, 0, 120, 1004, 760, 113, 23.49%, 0, 0, 2, 36.06, 100765, 767, 0, 0
2742, 0, 120, 1004, 760, 113, 23.49%, 0, 0, 2, 36.27, 100952, 767, 0, 0
2747, 0, 120, 1004, 760, 113, 23.49%, 0, 0, 2, 37.02, 101145, 767, 0, 0
2752, 0, 120, 1004, 760, 113, 23.49%, 0, 0, 2, 36.95, 101330, 767, 0, 0
2757, 0, 120, 1004, 760, 113, 23.49%, 0, 0, 2, 36.44, 101515, 767, 0, 0
2762, 0, 120, 1004, 760, 113, 23.49%, 0, 0, 2, 36.74, 101704, 767, 0, 0
2767, 0, 120, 1004, 760, 113, 23.49%, 0, 0, 2, 35.98, 101883, 767, 0, 0
2773, 0, 120, 1004, 760, 113, 23.49%, 0, 0, 2, 35.40, 102062, 767, 0, 0
2778, 0, 152, 1004, 760, 113, 23.49%, 0, 0, 2, 36.94, 102245, 767, 0, 0
2783, 0, 152, 1004, 760, 113, 23.49%, 0, 0, 2, 38.01, 102446, 767, 0, 0
2788, 0, 152, 1004, 760, 113, 23.49%, 0, 0, 2, 38.66, 102639, 767, 0, 0
2793, 0, 152, 1004, 760, 113, 23.49%, 0, 0, 2, 38.31, 102832, 767, 0, 0
2798, 0, 152, 1004, 760, 113, 23.49%, 0, 0, 2, 38.09, 103026, 767, 0, 0
2803, 0, 152, 1004, 760, 113, 23.49%, 0, 0, 2, 37.51, 103219, 767, 0, 0
2808, 0, 152, 1004, 760, 113, 23.49%, 0, 0, 2, 38.24, 103415, 767, 0, 0
2813, 0, 152, 1004, 760, 113, 23.49%, 0, 0, 2, 38.26, 103614, 767, 0, 0
2819, 0, 152, 1004, 760, 113, 23.49%, 0, 0, 2, 38.19, 103812, 767, 0, 0
2824, 0, 152, 1004, 760, 113, 23.49%, 0, 0, 2, 37.41, 104010, 767, 0, 0
2829, 0, 152, 1004, 760, 113, 23.49%, 0, 0, 2, 39.41, 104214, 767, 0, 0
2834, 0, 152, 1004, 760, 113, 23.49%, 0, 0, 2, 37.76, 104407, 767, 0, 0
2839, 0, 152, 1004, 760, 113, 23.49%, 0, 0, 2, 36.92, 104598, 767, 0, 0
2844, 0, 152, 1004, 760, 113, 23.49%, 0, 0, 2, 37.86, 104792, 767, 0, 0
2850, 0, 152, 1004, 760, 113, 23.49%, 0, 0, 2, 37.81, 104986, 767, 0, 0
2855, 0, 152, 1004, 760, 113, 23.49%, 0, 0, 2, 36.97, 105178, 767, 0, 0
2860, 0, 152, 1004, 760, 113, 23.49%, 0, 0, 2, 38.07, 105377, 767, 0, 0
2865, 0, 274, 1005, 761, 113, 23.49%, 0, 0, 2, 34.52, 105553, 767, 0, 0
2870, 0, 274, 1005, 761, 113, 23.49%, 0, 0, 2, 30.26, 105703, 767, 0, 0
2875, 0, 274, 1006, 762, 113, 23.49%, 0, 0, 2, 31.47, 105867, 767, 0, 0
2880, 0, 274, 1006, 762, 113, 23.49%, 0, 0, 2, 30.07, 106019, 767, 0, 0
2885, 0, 274, 1006, 762, 113, 23.49%, 0, 0, 2, 32.82, 106185, 767, 0, 0
2891, 0, 274, 1006, 762, 113, 23.49%, 0, 0, 2, 30.47, 106339, 767, 0, 0
2896, 0, 274, 1006, 762, 113, 23.49%, 0, 0, 2, 33.18, 106506, 767, 0, 0
2901, 0, 274, 1006, 762, 113, 23.49%, 0, 0, 2, 34.10, 106681, 767, 0, 0
2906, 0, 274, 1006, 762, 113, 23.49%, 0, 0, 2, 31.18, 106837, 767, 0, 0
2911, 0, 274, 1007, 763, 113, 23.49%, 0, 0, 2, 31.30, 107006, 767, 0, 0
2916, 0, 274, 1007, 763, 113, 23.49%, 0, 0, 2, 32.60, 107171, 767, 0, 0
2921, 0, 274, 1007, 763, 113, 23.49%, 0, 0, 2, 30.88, 107328, 767, 0, 0
2926, 0, 274, 1007, 763, 113, 23.49%, 0, 0, 2, 32.29, 107497, 767, 0, 0
2931, 0, 274, 1007, 763, 113, 23.49%, 0, 0, 2, 33.69, 107667, 767, 0, 0
2936, 0, 274, 1007, 763, 113, 23.49%, 0, 0, 2, 31.96, 107828, 767, 0, 0
2942, 0, 274, 1007, 763, 113, 23.49%, 0, 0, 2, 32.90, 108000, 767, 0, 0
2947, 0, 274, 1007, 763, 113, 23.49%, 0, 0, 2, 32.70, 108163, 767, 0, 0
2952, 0, 274, 1007, 763, 113, 23.49%, 0, 0, 2, 32.04, 108324, 767, 0, 0
2957, 0, 274, 1007, 763, 113, 23.49%, 0, 0, 2, 31.98, 108482, 767, 0, 0
2962, 0, 274, 1007, 763, 113, 23.49%, 0, 0, 2, 34.75, 108658, 767, 0, 0
2967, 0, 274, 1007, 763, 113, 23.49%, 0, 0, 2, 31.80, 108812, 767, 0, 0
2972, 0, 274, 1007, 763, 113, 23.49%, 0, 0, 2, 32.33, 108974, 767, 0, 0
2977, 0, 274, 1007, 763, 113, 23.49%, 0, 0, 2, 30.81, 109134, 767, 0, 0
2982, 0, 274, 1007, 763, 113, 23.49%, 0, 0, 2, 31.07, 109297, 767, 0, 0
2987, 0, 274, 1007, 763, 113, 23.49%, 0, 0, 2, 33.00, 109465, 767, 0, 0
2992, 0, 274, 1007, 763, 113, 23.49%, 0, 0, 2, 31.78, 109621, 767, 0, 0
2997, 0, 274, 1007, 763, 113, 23.49%, 0, 0, 2, 32.17, 109784, 767, 0, 0
3002, 0, 274, 1007, 763, 113, 23.49%, 0, 0, 2, 31.91, 109947, 767, 0, 0
3007, 0, 274, 1007, 763, 113, 23.49%, 0, 0, 2, 30.94, 110104, 767, 0, 0
3013, 0, 274, 1007, 763, 113, 23.49%, 0, 0, 2, 31.33, 110260, 767, 0, 0
3018, 0, 274, 1007, 763, 113, 23.49%, 0, 0, 2, 33.36, 110429, 767, 0, 0
3023, 0, 274, 1007, 763, 113, 23.49%, 0, 0, 2, 31.05, 110583, 767, 0, 0
3028, 0, 274, 1007, 763, 113, 23.49%, 0, 0, 2, 31.70, 110745, 767, 0, 0
3033, 0, 274, 1007, 763, 113, 23.49%, 0, 0, 2, 31.94, 110907, 767, 0, 0
3038, 0, 274, 1007, 763, 113, 23.49%, 0, 0, 2, 31.50, 111065, 767, 0, 0
3043, 0, 274, 1007, 763, 113, 23.49%, 0, 0, 2, 32.74, 111237, 767, 0, 0
3048, 0, 274, 1007, 763, 113, 23.49%, 0, 0, 2, 29.70, 111386, 767, 0, 0
3053, 0, 274, 1007, 763, 113, 23.49%, 0, 0, 2, 31.27, 111550, 767, 0, 0
3058, 0, 274, 1007, 763, 113, 23.49%, 0, 0, 2, 30.21, 111701, 767, 0, 0
3063, 0, 274, 1007, 763, 113, 23.49%, 0, 0, 2, 30.56, 111859, 767, 0, 0
3068, 0, 274, 1007, 763, 113, 23.49%, 0, 0, 2, 32.19, 112018, 767, 0, 0
3074, 0, 312, 1007, 763, 112, 23.49%, 0, 0, 2, 34.41, 112196, 767, 0, 0
3079, 0, 312, 1007, 763, 112, 23.49%, 0, 0, 2, 33.12, 112367, 767, 0, 0
3084, 0, 312, 1007, 763, 112, 23.49%, 0, 0, 2, 32.71, 112542, 767, 0, 0
3089, 0, 312, 1007, 763, 112, 23.49%, 0, 0, 2, 32.66, 112709, 767, 0, 0
3094, 0, 312, 1007, 763, 112, 23.49%, 0, 0, 2, 32.08, 112872, 767, 0, 0
3099, 0, 312, 1007, 763, 112, 23.49%, 0, 0, 2, 31.56, 113020, 767, 0, 0
3104, 0, 312, 1007, 763, 112, 23.49%, 0, 0, 2, 34.95, 113203, 767, 0, 0
3110, 0, 312, 1007, 763, 112, 23.49%, 0, 0, 2, 33.83, 113375, 767, 0, 0
3115, 0, 312, 1007, 763, 112, 23.49%, 0, 0, 2, 31.78, 113541, 767, 0, 0
3120, 0, 312, 1007, 763, 112, 23.49%, 0, 0, 2, 31.78, 113704, 767, 0, 0
3125, 0, 312, 1007, 763, 112, 23.49%, 0, 0, 2, 31.73, 113865, 767, 0, 0
3130, 0, 312, 1007, 763, 112, 23.49%, 0, 0, 2, 32.15, 114029, 767, 0, 0
3135, 0, 312, 1007, 763, 112, 23.49%, 0, 0, 2, 32.36, 114196, 767, 0, 0
3140, 0, 312, 1007, 763, 112, 23.49%, 0, 0, 2, 31.66, 114354, 767, 0, 0
3146, 0, 312, 1007, 763, 112, 23.49%, 0, 0, 2, 33.29, 114527, 767, 0, 0
3151, 0, 312, 1007, 763, 112, 23.49%, 0, 0, 2, 32.71, 114692, 767, 0, 0
3156, 0, 312, 1007, 763, 112, 23.49%, 0, 0, 2, 30.78, 114845, 767, 0, 0
3161, 0, 312, 1007, 763, 112, 23.49%, 0, 0, 2, 32.69, 115015, 767, 0, 0
3166, 0, 312, 1007, 763, 112, 23.49%, 0, 0, 2, 33.36, 115188, 767, 0, 0
3171, 0, 314, 1007, 763, 112, 23.49%, 0, 0, 2, 31.26, 115349, 767, 0, 0
3176, 0, 314, 1007, 763, 112, 23.49%, 0, 0, 2, 29.99, 115501, 767, 0, 0
3181, 0, 314, 1007, 763, 112, 23.49%, 0, 0, 2, 30.18, 115657, 767, 0, 0
3187, 0, 314, 1007, 763, 112, 23.49%, 0, 0, 2, 32.76, 115823, 767, 0, 0
3192, 0, 314, 1007, 763, 112, 23.49%, 0, 0, 2, 30.73, 115974, 767, 0, 0
3197, 0, 314, 1007, 763, 112, 23.49%, 0, 0, 2, 31.57, 116139, 767, 0, 0
3202, 0, 314, 1007, 763, 112, 23.49%, 0, 0, 2, 32.34, 116300, 767, 0, 0
3207, 0, 314, 1007, 763, 112, 23.49%, 0, 0, 2, 32.64, 116464, 767, 0, 0
3212, 0, 314, 1007, 763, 112, 23.49%, 0, 0, 2, 32.13, 116626, 767, 0, 0
3217, 0, 314, 1007, 763, 112, 23.49%, 0, 0, 2, 30.04, 116774, 767, 0, 0
3222, 0, 314, 1008, 764, 112, 23.49%, 0, 0, 2, 30.14, 116927, 767, 0, 0
3227, 0, 314, 1008, 764, 112, 23.49%, 0, 0, 2, 31.74, 117089, 767, 0, 0
3232, 0, 314, 1008, 764, 112, 23.49%, 0, 0, 2, 32.55, 117260, 767, 0, 0
3237, 0, 314, 1008, 764, 112, 23.49%, 0, 0, 2, 31.15, 117413, 767, 0, 0
3242, 0, 314, 1008, 764, 112, 23.49%, 0, 0, 2, 30.96, 117571, 767, 0, 0
3247, 0, 314, 1008, 764, 112, 23.49%, 0, 0, 2, 31.42, 117734, 767, 0, 0
3253, 0, 314, 1009, 765, 112, 23.49%, 0, 0, 2, 32.60, 117894, 767, 0, 0
3258, 0, 314, 1009, 765, 112, 23.49%, 0, 0, 2, 30.97, 118051, 767, 0, 0
3263, 0, 314, 1009, 765, 112, 23.49%, 0, 0, 2, 30.98, 118210, 767, 0, 0
3268, 0, 314, 1009, 765, 112, 23.49%, 0, 0, 2, 31.84, 118372, 767, 0, 0
3273, 0, 314, 1009, 765, 112, 23.49%, 0, 0, 2, 31.42, 118530, 767, 0, 0
3278, 0, 314, 1009, 765, 112, 23.49%, 0, 0, 2, 31.26, 118689, 767, 0, 0
3283, 0, 314, 1009, 765, 112, 23.49%, 0, 0, 2, 31.31, 118845, 767, 0, 0
3288, 0, 314, 1009, 765, 112, 23.49%, 0, 0, 2, 32.06, 119012, 767, 0, 0
3293, 0, 314, 1009, 765, 112, 23.49%, 0, 0, 2, 32.33, 119175, 767, 0, 0
3298, 0, 314, 1009, 765, 112, 23.49%, 0, 0, 2, 32.97, 119341, 767, 0, 0
3303, 0, 314, 1009, 765, 112, 23.49%, 0, 0, 2, 31.67, 119503, 767, 0, 0
3308, 0, 314, 1009, 765, 112, 23.49%, 0, 0, 2, 29.86, 119648, 767, 0, 0
3313, 0, 314, 1009, 765, 112, 23.49%, 0, 0, 2, 30.03, 119798, 767, 0, 0
3319, 0, 314, 1009, 765, 112, 23.49%, 0, 0, 2, 32.30, 119960, 767, 0, 0
3324, 0, 314, 1009, 765, 112, 23.49%, 0, 0, 2, 31.40, 120126, 767, 0, 0
3329, 0, 314, 1009, 765, 112, 23.49%, 0, 0, 2, 33.87, 120295, 767, 0, 0
3334, 0, 314, 1009, 765, 112, 23.49%, 0, 0, 2, 32.85, 120457, 767, 0, 0
3339, 0, 314, 1009, 765, 112, 23.49%, 0, 0, 2, 32.55, 120624, 767, 0, 0
3344, 0, 314, 1009, 765, 112, 23.49%, 0, 0, 2, 31.11, 120778, 767, 0, 0
3349, 0, 314, 1009, 765, 112, 23.49%, 0, 0, 2, 30.21, 120931, 767, 0, 0
3354, 0, 314, 1009, 765, 112, 23.49%, 0, 0, 2, 31.92, 121095, 767, 0, 0
3359, 0, 314, 1009, 765, 112, 23.49%, 0, 0, 2, 31.86, 121254, 767, 0, 0
3364, 0, 314, 1009, 765, 112, 23.49%, 0, 0, 2, 33.26, 121425, 767, 0, 0
3369, 0, 314, 1009, 765, 112, 23.49%, 0, 0, 2, 33.94, 121595, 767, 0, 0
3374, 0, 314, 1009, 765, 112, 23.49%, 0, 0, 2, 32.96, 121753, 767, 0, 0
3379, 0, 319, 1009, 765, 112, 23.49%, 0, 0, 2, 33.08, 121919, 767, 0, 0
3384, 0, 319, 1009, 765, 112, 23.49%, 0, 0, 2, 36.23, 122108, 767, 0, 0
3390, 0, 319, 1009, 765, 112, 23.49%, 0, 0, 2, 34.98, 122285, 767, 0, 0
3395, 0, 319, 1009, 765, 112, 23.49%, 0, 0, 2, 35.56, 122468, 767, 0, 0
3400, 0, 319, 1009, 765, 112, 23.49%, 0, 0, 2, 35.61, 122650, 767, 0, 0
3405, 0, 319, 1009, 765, 112, 23.49%, 0, 0, 2, 36.04, 122830, 767, 0, 0
3410, 0, 319, 1009, 765, 112, 23.49%, 0, 0, 2, 35.03, 123012, 767, 0, 0
3415, 0, 319, 1009, 765, 112, 23.49%, 0, 0, 2, 34.86, 123188, 767, 0, 0
3420, 0, 319, 1009, 765, 112, 23.49%, 0, 0, 2, 35.57, 123375, 767, 0, 0
3426, 0, 319, 1009, 765, 112, 23.49%, 0, 0, 2, 35.84, 123557, 767, 0, 0
3431, 0, 319, 1009, 765, 112, 23.49%, 0, 0, 2, 34.82, 123736, 767, 0, 0
3436, 0, 319, 1009, 765, 112, 23.49%, 0, 0, 2, 34.55, 123914, 767, 0, 0
3441, 0, 319, 1009, 765, 112, 23.49%, 0, 0, 2, 35.42, 124096, 767, 0, 0
3446, 0, 319, 1009, 765, 112, 23.49%, 0, 0, 2, 37.04, 124285, 767, 0, 0
3451, 0, 319, 1009, 765, 112, 23.49%, 0, 0, 2, 35.52, 124469, 767, 0, 0
3457, 0, 319, 1009, 765, 112, 23.49%, 0, 0, 2, 36.09, 124656, 767, 0, 0
3462, 0, 319, 1009, 765, 112, 23.49%, 0, 0, 2, 33.67, 124826, 767, 0, 0
3467, 0, 319, 1009, 765, 112, 23.49%, 0, 0, 2, 35.95, 125016, 767, 0, 0
3472, 0, 320, 1009, 765, 112, 23.49%, 0, 0, 2, 33.74, 125179, 767, 0, 0
3477, 0, 320, 1010, 766, 112, 23.49%, 0, 0, 2, 35.75, 125368, 767, 0, 0
3482, 0, 320, 1010, 766, 112, 23.49%, 0, 0, 2, 34.90, 125543, 767, 0, 0
3487, 0, 320, 1010, 766, 112, 23.49%, 0, 0, 2, 32.54, 125705, 767, 0, 0
3492, 0, 320, 1010, 766, 112, 23.49%, 0, 0, 2, 34.03, 125884, 767, 0, 0
3498, 0, 320, 1010, 766, 112, 23.49%, 0, 0, 2, 34.96, 126068, 767, 0, 0
3503, 0, 320, 1010, 766, 112, 23.49%, 0, 0, 2, 36.17, 126255, 767, 0, 0
3508, 0, 320, 1010, 766, 112, 23.49%, 0, 0, 2, 35.74, 126436, 767, 0, 0
3513, 0, 320, 1010, 766, 112, 23.49%, 0, 0, 2, 36.49, 126618, 767, 0, 0
3518, 0, 320, 1011, 767, 112, 23.49%, 0, 0, 2, 36.71, 126812, 767, 0, 0
3523, 0, 320, 1011, 767, 112, 23.49%, 0, 0, 2, 35.25, 126985, 767, 0, 0
3528, 0, 320, 1011, 767, 112, 23.49%, 0, 0, 2, 35.13, 127160, 767, 0, 0
3533, 0, 320, 1011, 767, 112, 23.49%, 0, 0, 2, 34.64, 127336, 767, 0, 0
3539, 0, 320, 1011, 767, 112, 23.49%, 0, 0, 2, 33.96, 127507, 767, 0, 0
3544, 0, 320, 1011, 767, 112, 23.49%, 0, 0, 2, 35.40, 127691, 767, 0, 0
3549, 0, 320, 1011, 767, 112, 23.49%, 0, 0, 2, 34.53, 127866, 767, 0, 0
3554, 0, 320, 1011, 767, 112, 23.49%, 0, 0, 2, 34.31, 128041, 767, 0, 0
3559, 0, 320, 1011, 767, 112, 23.49%, 0, 0, 2, 35.73, 128228, 767, 0, 0
3564, 0, 320, 1011, 767, 112, 23.49%, 0, 0, 2, 36.36, 128408, 767, 0, 0
3569, 0, 320, 1011, 767, 112, 23.49%, 0, 0, 2, 35.94, 128588, 767, 0, 0
3574, 0, 320, 1011, 767, 112, 23.49%, 0, 0, 2, 37.28, 128783, 767, 0, 0
3580, 0, 320, 1011, 767, 112, 23.49%, 0, 0, 2, 35.25, 128964, 767, 0, 0
3585, 0, 320, 1011, 767, 112, 23.49%, 0, 0, 2, 34.44, 129142, 767, 0, 0
3590, 0, 320, 1011, 767, 112, 23.49%, 0, 0, 2, 33.14, 129310, 767, 0, 0
3595, 0, 320, 1011, 767, 112, 23.49%, 0, 0, 2, 34.50, 129496, 767, 0, 0
3600, 0, 320, 1011, 767, 112, 23.49%, 0, 0, 2, 35.30, 129677, 767, 0, 0
3605, 0, 320, 1011, 767, 112, 23.49%, 0, 0, 2, 36.38, 129858, 767, 0, 0
3611, 0, 320, 1011, 767, 112, 23.49%, 0, 0, 2, 34.61, 130039, 767, 0, 0
3616, 0, 320, 1011, 767, 112, 23.49%, 0, 0, 2, 35.85, 130224, 767, 0, 0
3621, 0, 320, 1011, 767, 112, 23.49%, 0, 0, 2, 35.22, 130400, 767, 0, 0
3626, 0, 320, 1011, 767, 112, 23.49%, 0, 0, 2, 33.63, 130577, 767, 0, 0
3631, 0, 320, 1011, 767, 112, 23.49%, 0, 0, 2, 34.36, 130752, 767, 0, 0
3636, 0, 320, 1011, 767, 112, 23.49%, 0, 0, 2, 33.64, 130921, 767, 0, 0
3641, 0, 320, 1011, 767, 112, 23.49%, 0, 0, 2, 34.16, 131102, 767, 0, 0
3646, 0, 320, 1011, 767, 112, 23.49%, 0, 0, 2, 34.02, 131270, 767, 0, 0
3651, 0, 320, 1011, 767, 112, 23.49%, 0, 0, 2, 33.39, 131439, 767, 0, 0
3656, 0, 320, 1011, 767, 112, 23.49%, 0, 0, 2, 33.35, 131611, 767, 0, 0
3662, 0, 321, 1013, 769, 112, 23.49%, 0, 0, 2, 32.24, 131770, 767, 0, 0
3667, 0, 321, 1024, 780, 112, 23.49%, 0, 0, 2, 28.73, 131879, 767, 0, 0
3672, 0, 321, 1034, 790, 112, 23.49%, 0, 0, 2, 24.08, 131970, 767, 0, 0
3678, 0, 321, 1044, 800, 112, 23.49%, 0, 0, 2, 21.43, 132071, 767, 0, 0
3683, 0, 321, 1056, 812, 112, 23.49%, 0, 0, 2, 21.34, 132173, 767, 0, 0
3688, 0, 321, 1066, 822, 112, 23.49%, 0, 0, 2, 21.89, 132288, 767, 0, 0
3693, 0, 321, 1077, 833, 112, 23.49%, 0, 0, 2, 24.62, 132421, 767, 0, 0
3699, 0, 321, 1087, 843, 112, 23.49%, 0, 0, 2, 23.68, 132536, 767, 0, 0
3704, 0, 321, 1096, 852, 112, 23.49%, 0, 0, 2, 23.48, 132648, 767, 0, 0
3709, 0, 321, 1104, 860, 112, 23.49%, 0, 0, 2, 22.17, 132752, 767, 0, 0
3714, 0, 321, 1114, 870, 112, 23.49%, 0, 0, 2, 22.21, 132858, 767, 0, 0
3720, 0, 321, 1122, 878, 112, 23.49%, 0, 0, 2, 20.17, 132950, 767, 0, 0
3725, 0, 321, 1131, 887, 112, 23.49%, 0, 0, 2, 20.25, 133042, 767, 0, 0
3730, 0, 321, 1139, 895, 112, 23.49%, 0, 0, 2, 21.36, 133141, 767, 0, 0
3735, 0, 321, 1146, 902, 112, 23.49%, 0, 0, 2, 20.71, 133233, 767, 0, 0
3740, 0, 321, 1160, 916, 112, 23.49%, 0, 0, 2, 24.96, 133356, 767, 0, 0
3746, 0, 321, 1171, 927, 112, 23.49%, 0, 0, 2, 23.51, 133470, 767, 0, 0
3752, 0, 321, 1180, 936, 112, 23.49%, 0, 0, 2, 20.64, 133557, 767, 0, 0
3757, 0, 321, 1187, 943, 112, 23.49%, 0, 0, 2, 19.45, 133646, 767, 0, 0
3763, 0, 321, 1194, 950, 112, 23.49%, 0, 0, 2, 18.54, 133737, 767, 0, 0
3768, 0, 321, 1202, 958, 112, 23.49%, 0, 0, 2, 17.13, 133816, 767, 0, 0
3774, 0, 321, 1212, 968, 112, 23.49%, 0, 0, 2, 19.30, 133921, 767, 0, 0
3779, 0, 321, 1223, 979, 112, 23.49%, 0, 0, 2, 19.27, 134021, 767, 0, 0
3784, 0, 321, 1231, 987, 112, 23.49%, 0, 0, 2, 20.07, 134120, 767, 0, 0
3790, 0, 321, 1241, 997, 112, 23.55%, 0, 0, 2, 19.76, 134222, 769, 0, 0
3795, 0, 321, 1250, 1006, 112, 23.55%, 0, 0, 2, 19.04, 134309, 769, 0, 0
3800, 0, 347, 1253, 1009, 110, 23.55%, 0, 0, 2, 27.44, 134450, 769, 0, 0
3805, 0, 347, 1253, 1009, 110, 23.55%, 0, 0, 2, 30.34, 134609, 769, 0, 0
3810, 0, 347, 1253, 1009, 110, 23.55%, 0, 0, 2, 31.09, 134770, 769, 0, 0
3815, 0, 347, 1253, 1009, 110, 23.55%, 0, 0, 2, 31.76, 134925, 769, 0, 0
3820, 0, 347, 1253, 1009, 110, 23.55%, 0, 0, 2, 31.08, 135084, 769, 0, 0
3825, 0, 347, 1253, 1009, 110, 23.55%, 0, 0, 2, 31.39, 135249, 769, 0, 0
3831, 0, 347, 1253, 1009, 110, 23.55%, 0, 0, 2, 32.36, 135413, 769, 0, 0
3836, 0, 347, 1253, 1009, 110, 23.55%, 0, 0, 2, 31.42, 135573, 769, 0, 0
3841, 0, 347, 1253, 1009, 110, 23.55%, 0, 0, 2, 31.16, 135734, 769, 0, 0
3846, 0, 347, 1253, 1009, 110, 23.55%, 0, 0, 2, 31.55, 135888, 769, 0, 0
3851, 0, 347, 1253, 1009, 110, 23.55%, 0, 0, 2, 30.11, 136039, 769, 0, 0
3856, 0, 347, 1253, 1009, 110, 23.55%, 0, 0, 2, 31.30, 136200, 769, 0, 0
3861, 0, 347, 1253, 1009, 110, 23.55%, 0, 0, 2, 31.45, 136364, 769, 0, 0
3866, 0, 347, 1253, 1009, 110, 23.55%, 0, 0, 2, 31.34, 136527, 769, 0, 0
3871, 0, 347, 1253, 1009, 110, 23.55%, 0, 0, 2, 32.57, 136691, 769, 0, 0
3877, 0, 347, 1253, 1009, 110, 23.55%, 0, 0, 2, 32.85, 136858, 769, 0, 0
3882, 0, 347, 1253, 1009, 110, 23.55%, 0, 0, 2, 31.13, 137010, 769, 0, 0
3887, 0, 347, 1253, 1009, 110, 23.55%, 0, 0, 2, 30.71, 137168, 769, 0, 0
3892, 0, 347, 1253, 1009, 110, 23.55%, 0, 0, 2, 31.07, 137324, 769, 0, 0
3897, 0, 347, 1253, 1009, 110, 23.55%, 0, 0, 2, 31.34, 137483, 769, 0, 0
3902, 0, 381, 1253, 1009, 110, 23.55%, 0, 0, 2, 31.30, 137645, 769, 0, 0
3907, 0, 381, 1253, 1009, 110, 23.55%, 0, 0, 2, 37.10, 137841, 769, 0, 0
3912, 0, 381, 1253, 1009, 110, 23.55%, 0, 0, 2, 40.12, 138050, 769, 0, 0
3917, 0, 381, 1253, 1009, 110, 23.55%, 0, 0, 2, 39.65, 138251, 769, 0, 0
3923, 0, 381, 1253, 1009, 110, 23.55%, 0, 0, 2, 41.32, 138462, 769, 0, 0
3928, 0, 381, 1253, 1009, 110, 23.55%, 0, 0, 2, 40.74, 138668, 769, 0, 0
3933, 0, 381, 1253, 1009, 110, 23.55%, 0, 0, 2, 41.49, 138881, 769, 0, 0
3938, 0, 381, 1253, 1009, 110, 23.55%, 0, 0, 2, 39.92, 139085, 769, 0, 0
3943, 0, 381, 1253, 1009, 110, 23.55%, 0, 0, 2, 40.28, 139297, 769, 0, 0
3948, 0, 381, 1253, 1009, 110, 23.55%, 0, 0, 2, 41.74, 139510, 769, 0, 0
3953, 0, 381, 1253, 1009, 110, 23.55%, 0, 0, 2, 40.60, 139722, 769, 0, 0
3959, 0, 381, 1253, 1009, 110, 23.55%, 0, 0, 2, 41.25, 139938, 769, 0, 0
3964, 0, 382, 1253, 1009, 110, 23.55%, 0, 0, 2, 40.24, 140144, 769, 0, 0
3969, 0, 382, 1253, 1009, 110, 23.55%, 0, 0, 2, 41.33, 140355, 769, 0, 0
3974, 0, 382, 1253, 1009, 110, 23.55%, 0, 0, 2, 39.72, 140558, 769, 0, 0
3979, 0, 382, 1253, 1009, 110, 23.55%, 0, 0, 2, 39.88, 140761, 769, 0, 0
3984, 0, 382, 1253, 1009, 110, 23.55%, 0, 0, 2, 38.72, 140960, 769, 0, 0
3989, 0, 382, 1253, 1009, 110, 23.55%, 0, 0, 2, 38.70, 141159, 769, 0, 0
3995, 0, 382, 1253, 1009, 110, 23.55%, 0, 0, 2, 40.90, 141368, 769, 0, 0
4000, 0, 382, 1253, 1009, 110, 23.55%, 0, 0, 2, 42.00, 141584, 769, 0, 0
4005, 0, 382, 1253, 1009, 110, 23.55%, 0, 0, 2, 40.10, 141784, 769, 0, 0
4010, 0, 382, 1253, 1009, 110, 23.55%, 0, 0, 2, 40.12, 141992, 769, 0, 0
4015, 0, 382, 1253, 1009, 110, 23.55%, 0, 0, 2, 41.16, 142204, 769, 0, 0
4020, 0, 382, 1253, 1009, 110, 23.55%, 0, 0, 2, 38.30, 142395, 769, 0, 0
4025, 0, 384, 1253, 1009, 110, 23.55%, 0, 0, 2, 37.35, 142592, 769, 0, 0
4030, 0, 384, 1253, 1009, 110, 23.55%, 0, 0, 2, 35.57, 142774, 769, 0, 0
4035, 0, 384, 1253, 1009, 110, 23.55%, 0, 0, 2, 33.91, 142944, 769, 0, 0
4041, 0, 384, 1253, 1009, 110, 23.55%, 0, 0, 2, 35.22, 143130, 769, 0, 0
4046, 0, 384, 1253, 1009, 110, 23.55%, 0, 0, 2, 36.53, 143316, 769, 0, 0
4051, 0, 384, 1253, 1009, 110, 23.55%, 0, 0, 2, 35.14, 143491, 769, 0, 0
4056, 0, 384, 1253, 1009, 110, 23.55%, 0, 0, 2, 34.41, 143662, 769, 0, 0
4061, 0, 384, 1253, 1009, 110, 23.55%, 0, 0, 2, 34.49, 143838, 769, 0, 0
4066, 0, 384, 1253, 1009, 110, 23.55%, 0, 0, 2, 36.47, 144027, 769, 0, 0
4071, 0, 384, 1253, 1009, 110, 23.55%, 0, 0, 2, 37.52, 144214, 769, 0, 0
4076, 0, 384, 1253, 1009, 110, 23.55%, 0, 0, 2, 36.84, 144400, 769, 0, 0
4081, 0, 384, 1253, 1009, 110, 23.55%, 0, 0, 2, 36.10, 144587, 769, 0, 0
4086, 0, 384, 1253, 1009, 110, 23.55%, 0, 0, 2, 36.01, 144773, 769, 0, 0
4092, 0, 384, 1253, 1009, 110, 23.55%, 0, 0, 2, 36.16, 144961, 769, 0, 0
4097, 0, 384, 1253, 1009, 110, 23.55%, 0, 0, 2, 35.83, 145142, 769, 0, 0
4102, 0, 384, 1253, 1009, 110, 23.55%, 0, 0, 2, 36.42, 145329, 769, 0, 0
4107, 0, 384, 1253, 1009, 110, 23.55%, 0, 0, 2, 37.21, 145511, 769, 0, 0
4112, 0, 384, 1253, 1009, 110, 23.55%, 0, 0, 2, 36.13, 145693, 769, 0, 0
4117, 0, 387, 1253, 1009, 110, 23.55%, 0, 0, 2, 38.99, 145891, 769, 0, 0
4122, 0, 387, 1253, 1009, 110, 23.55%, 0, 0, 2, 41.94, 146109, 769, 0, 0
4127, 0, 387, 1253, 1009, 110, 23.55%, 0, 0, 2, 40.31, 146318, 769, 0, 0
4133, 0, 387, 1253, 1009, 110, 23.55%, 0, 0, 2, 41.70, 146530, 769, 0, 0
4138, 0, 387, 1253, 1009, 110, 23.55%, 0, 0, 2, 43.53, 146754, 769, 0, 0
4143, 0, 387, 1253, 1009, 110, 23.55%, 0, 0, 2, 42.20, 146968, 769, 0, 0
4148, 0, 387, 1253, 1009, 110, 23.55%, 0, 0, 2, 43.04, 147191, 769, 0, 0
4153, 0, 387, 1253, 1009, 110, 23.55%, 0, 0, 2, 43.15, 147407, 769, 0, 0
4158, 0, 387, 1253, 1009, 110, 23.55%, 0, 0, 2, 43.02, 147624, 769, 0, 0
4163, 0, 387, 1253, 1009, 110, 23.55%, 0, 0, 2, 42.21, 147845, 769, 0, 0
4169, 0, 387, 1253, 1009, 110, 23.55%, 0, 0, 2, 42.75, 148062, 769, 0, 0
4174, 0, 387, 1253, 1009, 110, 23.55%, 0, 0, 2, 41.87, 148277, 769, 0, 0
4179, 0, 387, 1253, 1009, 110, 23.55%, 0, 0, 2, 42.65, 148493, 769, 0, 0
4184, 0, 387, 1253, 1009, 110, 23.55%, 0, 0, 2, 43.15, 148716, 769, 0, 0
4189, 0, 387, 1253, 1009, 110, 23.55%, 0, 0, 2, 41.33, 148927, 769, 0, 0
4194, 0, 389, 1253, 1009, 110, 23.55%, 0, 0, 2, 40.00, 149132, 769, 0, 0
4199, 0, 389, 1253, 1009, 110, 23.55%, 0, 0, 2, 37.87, 149323, 769, 0, 0
4205, 0, 389, 1253, 1009, 110, 23.55%, 0, 0, 2, 39.63, 149529, 769, 0, 0
4210, 0, 389, 1253, 1009, 110, 23.55%, 0, 0, 2, 40.71, 149739, 769, 0, 0
4215, 0, 389, 1253, 1009, 110, 23.55%, 0, 0, 2, 39.77, 149945, 769, 0, 0
4220, 0, 389, 1253, 1009, 110, 23.55%, 0, 0, 2, 39.02, 150144, 769, 0, 0
4225, 0, 389, 1253, 1009, 110, 23.55%, 0, 0, 2, 38.36, 150337, 769, 0, 0
4230, 0, 389, 1253, 1009, 110, 23.55%, 0, 0, 2, 39.03, 150537, 769, 0, 0
4235, 0, 389, 1253, 1009, 110, 23.55%, 0, 0, 2, 40.21, 150746, 769, 0, 0
4240, 0, 389, 1253, 1009, 110, 23.55%, 0, 0, 2, 38.81, 150943, 769, 0, 0
4245, 0, 389, 1253, 1009, 110, 23.55%, 0, 0, 2, 39.03, 151139, 769, 0, 0
4251, 0, 389, 1253, 1009, 110, 23.55%, 0, 0, 2, 38.59, 151339, 769, 0, 0
4256, 0, 389, 1253, 1009, 110, 23.55%, 0, 0, 2, 38.45, 151529, 769, 0, 0
4261, 0, 389, 1253, 1009, 110, 23.55%, 0, 0, 2, 39.38, 151733, 769, 0, 0
4266, 0, 389, 1253, 1009, 110, 23.55%, 0, 0, 2, 38.41, 151933, 769, 0, 0
4271, 0, 389, 1253, 1009, 110, 23.55%, 0, 0, 2, 38.50, 152132, 769, 0, 0
4276, 0, 389, 1253, 1009, 110, 23.55%, 0, 0, 2, 38.47, 152332, 769, 0, 0
4282, 0, 391, 1253, 1009, 110, 23.55%, 0, 0, 2, 38.77, 152534, 769, 0, 0
4287, 0, 391, 1253, 1009, 110, 23.55%, 0, 0, 2, 37.88, 152731, 769, 0, 0
4292, 0, 391, 1253, 1009, 110, 23.55%, 0, 0, 2, 36.54, 152917, 769, 0, 0
4297, 0, 391, 1253, 1009, 110, 23.55%, 0, 0, 2, 37.37, 153111, 769, 0, 0
4302, 0, 391, 1253, 1009, 110, 23.55%, 0, 0, 2, 37.88, 153305, 769, 0, 0
4307, 0, 391, 1253, 1009, 110, 23.55%, 0, 0, 2, 38.49, 153502, 769, 0, 0
4312, 0, 391, 1253, 1009, 110, 23.55%, 0, 0, 2, 39.25, 153703, 769, 0, 0
4318, 0, 391, 1253, 1009, 110, 23.55%, 0, 0, 2, 38.10, 153899, 769, 0, 0
4323, 0, 391, 1253, 1009, 110, 23.55%, 0, 0, 2, 37.90, 154092, 769, 0, 0
4328, 0, 391, 1253, 1009, 110, 23.55%, 0, 0, 2, 36.71, 154277, 769, 0, 0
4333, 0, 391, 1253, 1009, 110, 23.55%, 0, 0, 2, 37.68, 154468, 769, 0, 0
4338, 0, 391, 1253, 1009, 110, 23.55%, 0, 0, 2, 37.13, 154665, 769, 0, 0
4343, 0, 391, 1253, 1009, 110, 23.55%, 0, 0, 2, 38.30, 154864, 769, 0, 0
4349, 0, 391, 1253, 1009, 110, 23.55%, 0, 0, 2, 38.68, 155062, 769, 0, 0
4354, 0, 391, 1253, 1009, 110, 23.55%, 0, 0, 2, 37.08, 155249, 769, 0, 0
4359, 0, 391, 1253, 1009, 110, 23.55%, 0, 0, 2, 36.51, 155433, 769, 0, 0
4364, 0, 391, 1253, 1009, 110, 23.55%, 0, 0, 2, 35.31, 155615, 769, 0, 0
4369, 0, 403, 1253, 1009, 110, 23.55%, 0, 0, 2, 28.17, 155752, 769, 0, 0
4374, 0, 403, 1253, 1009, 110, 23.55%, 0, 0, 2, 23.88, 155868, 769, 0, 0
4379, 0, 403, 1253, 1009, 110, 23.55%, 0, 0, 2, 24.15, 155992, 769, 0, 0
4384, 0, 403, 1253, 1009, 110, 23.55%, 0, 0, 2, 23.57, 156110, 769, 0, 0
4389, 0, 403, 1253, 1009, 110, 23.55%, 0, 0, 2, 23.91, 156230, 769, 0, 0
4394, 0, 403, 1253, 1009, 110, 23.55%, 0, 0, 2, 23.74, 156353, 769, 0, 0
4400, 0, 403, 1253, 1009, 110, 23.55%, 0, 0, 2, 23.81, 156473, 769, 0, 0
4405, 0, 403, 1253, 1009, 110, 23.55%, 0, 0, 2, 23.98, 156596, 769, 0, 0
4410, 0, 403, 1253, 1009, 110, 23.55%, 0, 0, 2, 22.95, 156710, 769, 0, 0
4415, 0, 403, 1253, 1009, 110, 23.55%, 0, 0, 2, 22.78, 156827, 769, 0, 0
4420, 0, 403, 1253, 1009, 110, 23.55%, 0, 0, 2, 24.39, 156956, 769, 0, 0
4425, 0, 403, 1253, 1009, 110, 23.55%, 0, 0, 2, 23.37, 157073, 769, 0, 0
4430, 0, 403, 1253, 1009, 110, 23.55%, 0, 0, 2, 24.17, 157197, 769, 0, 0
4435, 0, 403, 1253, 1009, 110, 23.55%, 0, 0, 2, 24.59, 157326, 769, 0, 0
4440, 0, 403, 1253, 1009, 110, 23.55%, 0, 0, 2, 24.51, 157450, 769, 0, 0
4445, 0, 403, 1253, 1009, 110, 23.55%, 0, 0, 2, 23.31, 157567, 769, 0, 0
4451, 0, 403, 1253, 1009, 110, 23.55%, 0, 0, 2, 23.37, 157690, 769, 0, 0
4456, 0, 403, 1253, 1009, 110, 23.55%, 0, 0, 2, 25.42, 157819, 769, 0, 0
4461, 0, 403, 1253, 1009, 110, 23.55%, 0, 0, 2, 24.43, 157942, 769, 0, 0
4466, 0, 403, 1253, 1009, 110, 23.55%, 0, 0, 2, 23.49, 158063, 769, 0, 0
4471, 0, 403, 1253, 1009, 110, 23.55%, 0, 0, 2, 24.07, 158187, 769, 0, 0
4476, 0, 403, 1253, 1009, 110, 23.55%, 0, 0, 2, 23.23, 158308, 769, 0, 0
4482, 0, 403, 1253, 1009, 110, 23.55%, 0, 0, 2, 24.65, 158436, 769, 0, 0
4487, 0, 403, 1253, 1009, 110, 23.55%, 0, 0, 2, 22.93, 158553, 769, 0, 0
4492, 0, 403, 1253, 1009, 110, 23.55%, 0, 0, 2, 23.51, 158678, 769, 0, 0
4497, 0, 403, 1253, 1009, 110, 23.55%, 0, 0, 2, 23.93, 158802, 769, 0, 0
4502, 0, 494, 1253, 1009, 110, 23.55%, 0, 0, 2, 26.19, 158932, 769, 0, 0
4507, 0, 494, 1253, 1009, 110, 23.55%, 0, 0, 2, 52.30, 159232, 769, 0, 0
4512, 0, 494, 1253, 1009, 110, 23.55%, 0, 0, 2, 58.45, 159538, 769, 0, 0
4517, 0, 494, 1253, 1009, 110, 23.55%, 0, 0, 2, 57.85, 159828, 769, 0, 0
4523, 0, 494, 1253, 1009, 110, 23.55%, 0, 0, 2, 57.26, 160119, 769, 0, 0
4528, 0, 494, 1253, 1009, 110, 23.55%, 0, 0, 2, 60.34, 160429, 769, 0, 0
4533, 0, 498, 1253, 1009, 110, 23.55%, 0, 0, 2, 51.99, 160699, 769, 0, 0
4538, 0, 498, 1253, 1009, 110, 23.55%, 0, 0, 2, 47.30, 160935, 769, 0, 0
4543, 0, 498, 1253, 1009, 110, 23.55%, 0, 0, 2, 46.86, 161172, 769, 0, 0
4548, 0, 498, 1253, 1009, 110, 23.55%, 0, 0, 2, 44.84, 161401, 769, 0, 0
4553, 0, 498, 1253, 1009, 110, 23.55%, 0, 0, 2, 45.85, 161636, 769, 0, 0
4558, 0, 498, 1253, 1009, 110, 23.55%, 0, 0, 2, 45.33, 161867, 769, 0, 0
4563, 0, 498, 1253, 1009, 110, 23.55%, 0, 0, 2, 44.97, 162092, 769, 0, 0
4569, 0, 498, 1253, 1009, 110, 23.55%, 0, 0, 2, 45.13, 162320, 769, 0, 0
4574, 0, 498, 1253, 1009, 110, 23.55%, 0, 0, 2, 43.44, 162545, 769, 0, 0
4579, 0, 498, 1253, 1009, 110, 23.55%, 0, 0, 2, 44.44, 162768, 769, 0, 0
4584, 0, 498, 1253, 1009, 110, 23.55%, 0, 0, 2, 44.70, 162995, 769, 0, 0
4589, 0, 498, 1253, 1009, 110, 23.55%, 0, 0, 2, 45.46, 163230, 769, 0, 0
4594, 0, 498, 1253, 1009, 110, 23.55%, 0, 0, 2, 44.57, 163457, 769, 0, 0
4599, 0, 498, 1253, 1009, 110, 23.55%, 0, 0, 2, 44.05, 163682, 769, 0, 0
4604, 0, 500, 1253, 1009, 110, 23.55%, 0, 0, 2, 40.67, 163892, 769, 0, 0
4609, 0, 500, 1253, 1009, 110, 23.55%, 0, 0, 2, 34.91, 164068, 769, 0, 0
4615, 0, 500, 1253, 1009, 110, 23.55%, 0, 0, 2, 35.40, 164248, 769, 0, 0
4620, 0, 500, 1253, 1009, 110, 23.55%, 0, 0, 2, 36.46, 164441, 769, 0, 0
4625, 0, 500, 1253, 1009, 110, 23.55%, 0, 0, 2, 36.49, 164625, 769, 0, 0
4630, 0, 500, 1253, 1009, 110, 23.55%, 0, 0, 2, 35.03, 164803, 769, 0, 0
4635, 0, 500, 1253, 1009, 110, 23.55%, 0, 0, 2, 35.50, 164985, 769, 0, 0
4640, 0, 500, 1253, 1009, 110, 23.55%, 0, 0, 2, 34.57, 165159, 769, 0, 0
4645, 0, 500, 1253, 1009, 110, 23.55%, 0, 0, 2, 35.62, 165345, 769, 0, 0
4651, 0, 500, 1253, 1009, 110, 23.55%, 0, 0, 2, 35.67, 165528, 769, 0, 0
4656, 0, 500, 1253, 1009, 110, 23.55%, 0, 0, 2, 34.71, 165707, 769, 0, 0
4661, 0, 500, 1253, 1009, 110, 23.55%, 0, 0, 2, 35.75, 165889, 769, 0, 0
4666, 0, 500, 1253, 1009, 110, 23.55%, 0, 0, 2, 36.07, 166073, 769, 0, 0
4671, 0, 500, 1253, 1009, 110, 23.55%, 0, 0, 2, 36.55, 166260, 769, 0, 0
4676, 0, 500, 1253, 1009, 110, 23.55%, 0, 0, 2, 36.41, 166450, 769, 0, 0
4681, 0, 500, 1253, 1009, 110, 23.55%, 0, 0, 2, 36.75, 166638, 769, 0, 0
4687, 0, 500, 1253, 1009, 110, 23.55%, 0, 0, 2, 35.67, 166818, 769, 0, 0
4692, 0, 500, 1253, 1009, 110, 23.55%, 0, 0, 2, 36.54, 167006, 769, 0, 0
4697, 0, 501, 1253, 1009, 110, 23.55%, 0, 0, 2, 43.87, 167221, 769, 0, 0
4702, 0, 501, 1253, 1009, 110, 23.55%, 0, 0, 2, 48.97, 167478, 769, 0, 0
4707, 0, 501, 1253, 1009, 110, 23.55%, 0, 0, 2, 51.98, 167743, 769, 0, 0
4712, 0, 501, 1253, 1009, 110, 23.55%, 0, 0, 2, 52.06, 168009, 769, 0, 0
4717, 0, 501, 1253, 1009, 110, 23.55%, 0, 0, 2, 51.99, 168278, 769, 0, 0
4722, 0, 501, 1253, 1009, 110, 23.55%, 0, 0, 2, 51.56, 168540, 769, 0, 0
4727, 0, 502, 1253, 1009, 110, 23.55%, 0, 0, 2, 56.41, 168827, 769, 0, 0
4732, 0, 502, 1253, 1009, 110, 23.55%, 0, 0, 2, 52.92, 169089, 769, 0, 0
4737, 0, 502, 1253, 1009, 110, 23.55%, 0, 0, 2, 51.37, 169348, 769, 0, 0
4743, 0, 502, 1253, 1009, 110, 23.55%, 0, 0, 2, 50.88, 169605, 769, 0, 0
4748, 0, 502, 1253, 1009, 110, 23.55%, 0, 0, 2, 50.78, 169867, 769, 0, 0
4753, 0, 502, 1253, 1009, 110, 23.55%, 0, 0, 2, 52.96, 170140, 769, 0, 0
4758, 0, 506, 1253, 1009, 110, 23.55%, 0, 0, 2, 51.33, 170401, 769, 0, 0
4763, 0, 506, 1253, 1009, 110, 23.55%, 0, 0, 2, 48.21, 170645, 769, 0, 0
4768, 0, 506, 1253, 1009, 110, 23.55%, 0, 0, 2, 45.78, 170877, 769, 0, 0
4773, 0, 506, 1253, 1009, 110, 23.55%, 0, 0, 2, 45.47, 171112, 769, 0, 0
4779, 0, 506, 1253, 1009, 110, 23.55%, 0, 0, 2, 45.23, 171347, 769, 0, 0
4784, 0, 506, 1253, 1009, 110, 23.55%, 0, 0, 2, 45.68, 171577, 769, 0, 0
4789, 0, 506, 1253, 1009, 110, 23.55%, 0, 0, 2, 45.12, 171806, 769, 0, 0
4794, 0, 506, 1253, 1009, 110, 23.55%, 0, 0, 2, 44.47, 172035, 769, 0, 0
4799, 0, 506, 1253, 1009, 110, 23.55%, 0, 0, 2, 45.84, 172269, 769, 0, 0
4804, 0, 506, 1253, 1009, 110, 23.55%, 0, 0, 2, 46.68, 172508, 769, 0, 0
4809, 0, 506, 1253, 1009, 110, 23.55%, 0, 0, 2, 46.54, 172744, 769, 0, 0
4814, 0, 506, 1253, 1009, 110, 23.55%, 0, 0, 2, 45.99, 172973, 769, 0, 0
4819, 0, 506, 1253, 1009, 110, 23.55%, 0, 0, 2, 47.49, 173213, 769, 0, 0
4824, 0, 506, 1253, 1009, 110, 23.55%, 0, 0, 2, 46.02, 173447, 769, 0, 0
4829, 0, 507, 1253, 1009, 110, 23.55%, 0, 0, 2, 46.37, 173680, 769, 0, 0
4835, 0, 507, 1253, 1009, 110, 23.55%, 0, 0, 2, 43.13, 173900, 769, 0, 0
4840, 0, 507, 1253, 1009, 110, 23.55%, 0, 0, 2, 42.21, 174115, 769, 0, 0
4845, 0, 507, 1253, 1009, 110, 23.55%, 0, 0, 2, 41.82, 174330, 769, 0, 0
4850, 0, 507, 1253, 1009, 110, 23.55%, 0, 0, 2, 40.83, 174536, 769, 0, 0
4855, 0, 507, 1253, 1009, 110, 23.55%, 0, 0, 2, 44.11, 174766, 769, 0, 0
4860, 0, 507, 1253, 1009, 110, 23.55%, 0, 0, 2, 42.16, 174978, 769, 0, 0
4865, 0, 507, 1253, 1009, 110, 23.55%, 0, 0, 2, 43.19, 175200, 769, 0, 0
4871, 0, 507, 1253, 1009, 110, 23.55%, 0, 0, 2, 42.51, 175420, 769, 0, 0
4876, 0, 507, 1253, 1009, 110, 23.55%, 0, 0, 2, 43.46, 175640, 769, 0, 0
4881, 0, 507, 1253, 1009, 110, 23.55%, 0, 0, 2, 42.84, 175857, 769, 0, 0
4886, 0, 507, 1253, 1009, 110, 23.55%, 0, 0, 2, 44.68, 176086, 769, 0, 0
4891, 0, 507, 1253, 1009, 110, 23.55%, 0, 0, 2, 42.63, 176304, 769, 0, 0
4896, 0, 507, 1253, 1009, 110, 23.55%, 0, 0, 2, 41.72, 176518, 769, 0, 0
4901, 0, 507, 1253, 1009, 110, 23.55%, 0, 0, 2, 42.89, 176741, 769, 0, 0
4906, 0, 508, 1253, 1009, 110, 23.55%, 0, 0, 2, 43.51, 176965, 769, 0, 0
4911, 0, 508, 1253, 1009, 110, 23.55%, 0, 0, 2, 45.25, 177196, 769, 0, 0
4917, 0, 508, 1253, 1009, 110, 23.55%, 0, 0, 2, 45.65, 177425, 769, 0, 0
4922, 0, 508, 1253, 1009, 110, 23.55%, 0, 0, 2, 45.38, 177653, 769, 0, 0
4927, 0, 508, 1253, 1009, 110, 23.55%, 0, 0, 2, 44.59, 177882, 769, 0, 0
4932, 0, 508, 1253, 1009, 110, 23.55%, 0, 0, 2, 44.00, 178109, 769, 0, 0
4937, 0, 508, 1253, 1009, 110, 23.55%, 0, 0, 2, 46.15, 178348, 769, 0, 0
4942, 0, 508, 1253, 1009, 110, 23.55%, 0, 0, 2, 45.64, 178580, 769, 0, 0
4947, 0, 508, 1253, 1009, 110, 23.55%, 0, 0, 2, 45.51, 178813, 769, 0, 0
4952, 0, 508, 1253, 1009, 110, 23.55%, 0, 0, 2, 44.94, 179041, 769, 0, 0
4958, 0, 508, 1253, 1009, 110, 23.55%, 0, 0, 2, 43.45, 179262, 769, 0, 0
4963, 0, 508, 1253, 1009, 110, 23.55%, 0, 0, 2, 44.04, 179491, 769, 0, 0
4968, 0, 508, 1253, 1009, 110, 23.55%, 0, 0, 2, 46.20, 179728, 769, 0, 0
4973, 0, 508, 1253, 1009, 110, 23.55%, 0, 0, 2, 47.51, 179967, 769, 0, 0
4978, 0, 508, 1253, 1009, 110, 23.55%, 0, 0, 2, 46.08, 180207, 769, 0, 0
4983, 0, 509, 1253, 1009, 110, 23.55%, 0, 0, 2, 44.10, 180433, 769, 0, 0
4988, 0, 509, 1253, 1009, 110, 23.55%, 0, 0, 2, 45.44, 180664, 769, 0, 0
4993, 0, 509, 1253, 1009, 110, 23.55%, 0, 0, 2, 45.74, 180898, 769, 0, 0
4998, 0, 509, 1253, 1009, 110, 23.55%, 0, 0, 2, 45.10, 181128, 769, 0, 0
5004, 0, 509, 1253, 1009, 110, 23.55%, 0, 0, 2, 44.44, 181357, 769, 0, 0
5009, 0, 509, 1253, 1009, 110, 23.55%, 0, 0, 2, 44.94, 181593, 769, 0, 0
5014, 0, 509, 1253, 1009, 110, 23.55%, 0, 0, 2, 44.87, 181822, 769, 0, 0
5019, 0, 509, 1253, 1009, 110, 23.55%, 0, 0, 2, 46.69, 182063, 769, 0, 0
5024, 0, 509, 1253, 1009, 110, 23.55%, 0, 0, 2, 45.53, 182296, 769, 0, 0
5029, 0, 509, 1253, 1009, 110, 23.55%, 0, 0, 2, 45.64, 182531, 769, 0, 0
5034, 0, 509, 1253, 1009, 110, 23.55%, 0, 0, 2, 45.29, 182761, 769, 0, 0
5039, 0, 509, 1253, 1009, 110, 23.55%, 0, 0, 2, 45.42, 182994, 769, 0, 0
5045, 0, 509, 1253, 1009, 110, 23.55%, 0, 0, 2, 45.36, 183226, 769, 0, 0
5050, 0, 509, 1253, 1009, 110, 23.55%, 0, 0, 2, 45.70, 183464, 769, 0, 0
5055, 0, 513, 1253, 1009, 110, 23.55%, 0, 0, 2, 45.21, 183694, 769, 0, 0
5060, 0, 513, 1253, 1009, 110, 23.55%, 0, 0, 2, 45.91, 183926, 769, 0, 0
5065, 0, 513, 1253, 1009, 110, 23.55%, 0, 0, 2, 45.65, 184160, 769, 0, 0
5070, 0, 513, 1253, 1009, 110, 23.55%, 0, 0, 2, 44.10, 184386, 769, 0, 0
5075, 0, 513, 1253, 1009, 110, 23.55%, 0, 0, 2, 43.78, 184606, 769, 0, 0
5080, 0, 513, 1253, 1009, 110, 23.55%, 0, 0, 2, 43.99, 184830, 769, 0, 0
5085, 0, 513, 1253, 1009, 110, 23.55%, 0, 0, 2, 44.59, 185063, 769, 0, 0
5091, 0, 513, 1253, 1009, 110, 23.55%, 0, 0, 2, 45.80, 185301, 769, 0, 0
5096, 0, 513, 1253, 1009, 110, 23.55%, 0, 0, 2, 45.23, 185538, 769, 0, 0
5101, 0, 513, 1253, 1009, 110, 23.55%, 0, 0, 2, 45.03, 185772, 769, 0, 0
5106, 0, 513, 1253, 1009, 110, 23.55%, 0, 0, 2, 45.51, 186003, 769, 0, 0
5111, 0, 513, 1253, 1009, 110, 23.55%, 0, 0, 2, 45.02, 186234, 769, 0, 0
5116, 0, 513, 1253, 1009, 110, 23.55%, 0, 0, 2, 45.97, 186471, 769, 0, 0
5121, 0, 513, 1253, 1009, 110, 23.55%, 0, 0, 2, 44.26, 186690, 769, 0, 0
5126, 0, 515, 1253, 1009, 110, 23.55%, 0, 0, 2, 43.14, 186911, 769, 0, 0
5131, 0, 515, 1253, 1009, 110, 23.55%, 0, 0, 2, 40.38, 187112, 769, 0, 0
5137, 0, 515, 1253, 1009, 110, 23.55%, 0, 0, 2, 39.19, 187313, 769, 0, 0
5142, 0, 515, 1253, 1009, 110, 23.55%, 0, 0, 2, 39.85, 187519, 769, 0, 0
5147, 0, 515, 1253, 1009, 110, 23.55%, 0, 0, 2, 40.80, 187727, 769, 0, 0
5152, 0, 515, 1253, 1009, 110, 23.55%, 0, 0, 2, 40.87, 187933, 769, 0, 0
5157, 0, 515, 1253, 1009, 110, 23.55%, 0, 0, 2, 37.49, 188129, 769, 0, 0
5162, 0, 515, 1253, 1009, 110, 23.55%, 0, 0, 2, 39.26, 188326, 769, 0, 0
5167, 0, 515, 1253, 1009, 110, 23.55%, 0, 0, 2, 40.16, 188535, 769, 0, 0
5172, 0, 515, 1253, 1009, 110, 23.55%, 0, 0, 2, 40.70, 188742, 769, 0, 0
5178, 0, 515, 1253, 1009, 110, 23.55%, 0, 0, 2, 38.79, 188942, 769, 0, 0
5183, 0, 515, 1253, 1009, 110, 23.55%, 0, 0, 2, 40.00, 189142, 769, 0, 0
5188, 0, 515, 1253, 1009, 110, 23.55%, 0, 0, 2, 41.37, 189354, 769, 0, 0
5193, 0, 515, 1253, 1009, 110, 23.55%, 0, 0, 2, 40.83, 189561, 769, 0, 0
5198, 0, 515, 1253, 1009, 110, 23.55%, 0, 0, 2, 40.49, 189766, 769, 0, 0
5203, 0, 515, 1253, 1009, 110, 23.55%, 0, 0, 2, 40.29, 189971, 769, 0, 0
5208, 0, 518, 1253, 1009, 110, 23.55%, 0, 0, 2, 36.33, 190151, 769, 0, 0
5213, 0, 518, 1253, 1009, 110, 23.55%, 0, 0, 2, 35.21, 190331, 769, 0, 0
5218, 0, 518, 1253, 1009, 110, 23.55%, 0, 0, 2, 36.36, 190520, 769, 0, 0
5223, 0, 518, 1253, 1009, 110, 23.55%, 0, 0, 2, 35.41, 190698, 769, 0, 0
5229, 0, 518, 1253, 1009, 110, 23.55%, 0, 0, 2, 34.94, 190877, 769, 0, 0
5234, 0, 518, 1253, 1009, 110, 23.55%, 0, 0, 2, 35.29, 191057, 769, 0, 0
5239, 0, 518, 1253, 1009, 110, 23.55%, 0, 0, 2, 35.78, 191246, 769, 0, 0
5244, 0, 518, 1253, 1009, 110, 23.55%, 0, 0, 2, 34.88, 191427, 769, 0, 0
5249, 0, 518, 1253, 1009, 110, 23.55%, 0, 0, 2, 36.64, 191615, 769, 0, 0
5254, 0, 518, 1253, 1009, 110, 23.55%, 0, 0, 2, 36.42, 191805, 769, 0, 0
5260, 0, 518, 1253, 1009, 110, 23.55%, 0, 0, 2, 35.85, 191989, 769, 0, 0
5265, 0, 518, 1253, 1009, 110, 23.55%, 0, 0, 2, 35.18, 192171, 769, 0, 0
5270, 0, 518, 1253, 1009, 110, 23.55%, 0, 0, 2, 36.79, 192363, 769, 0, 0
5275, 0, 518, 1253, 1009, 110, 23.55%, 0, 0, 2, 37.21, 192548, 769, 0, 0
5280, 0, 518, 1253, 1009, 110, 23.55%, 0, 0, 2, 36.42, 192734, 769, 0, 0
5285, 0, 518, 1253, 1009, 110, 23.55%, 0, 0, 2, 37.47, 192929, 769, 0, 0
5290, 0, 518, 1253, 1009, 110, 23.55%, 0, 0, 2, 36.53, 193115, 769, 0, 0
5296, 0, 518, 1253, 1009, 110, 23.55%, 0, 0, 2, 36.05, 193301, 769, 0, 0
5301, 0, 520, 1253, 1009, 110, 23.55%, 0, 0, 2, 39.58, 193508, 769, 0, 0
5306, 0, 520, 1253, 1009, 110, 23.55%, 0, 0, 2, 41.17, 193719, 769, 0, 0
5311, 0, 520, 1253, 1009, 110, 23.55%, 0, 0, 2, 40.02, 193923, 769, 0, 0
5316, 0, 520, 1253, 1009, 110, 23.55%, 0, 0, 2, 40.40, 194128, 769, 0, 0
5321, 0, 520, 1253, 1009, 110, 23.55%, 0, 0, 2, 41.02, 194338, 769, 0, 0
5326, 0, 520, 1253, 1009, 110, 23.55%, 0, 0, 2, 40.44, 194543, 769, 0, 0
5331, 0, 520, 1253, 1009, 110, 23.55%, 0, 0, 2, 41.24, 194753, 769, 0, 0
5336, 0, 520, 1253, 1009, 110, 23.55%, 0, 0, 2, 40.99, 194967, 769, 0, 0
5342, 0, 520, 1253, 1009, 110, 23.55%, 0, 0, 2, 40.17, 195174, 769, 0, 0
5347, 0, 520, 1253, 1009, 110, 23.55%, 0, 0, 2, 40.47, 195384, 769, 0, 0
5352, 0, 520, 1253, 1009, 110, 23.55%, 0, 0, 2, 40.42, 195585, 769, 0, 0
5357, 0, 520, 1253, 1009, 110, 23.55%, 0, 0, 2, 41.25, 195789, 769, 0, 0
5362, 0, 520, 1253, 1009, 110, 23.55%, 0, 0, 2, 40.12, 195990, 769, 0, 0
5367, 0, 520, 1253, 1009, 110, 23.55%, 0, 0, 2, 41.22, 196190, 769, 0, 0
5372, 0, 520, 1253, 1009, 110, 23.55%, 0, 0, 2, 40.57, 196400, 769, 0, 0
5377, 0, 521, 1253, 1009, 110, 23.55%, 0, 0, 2, 40.96, 196609, 769, 0, 0
5382, 0, 521, 1253, 1009, 110, 23.55%, 0, 0, 2, 42.56, 196831, 769, 0, 0
5387, 0, 521, 1253, 1009, 110, 23.55%, 0, 0, 2, 42.85, 197050, 769, 0, 0
5393, 0, 521, 1253, 1009, 110, 23.55%, 0, 0, 2, 41.93, 197261, 769, 0, 0
5398, 0, 521, 1253, 1009, 110, 23.55%, 0, 0, 2, 42.11, 197477, 769, 0, 0
5403, 0, 521, 1253, 1009, 110, 23.55%, 0, 0, 2, 42.35, 197692, 769, 0, 0
5408, 0, 521, 1253, 1009, 110, 23.55%, 0, 0, 2, 42.37, 197912, 769, 0, 0
5413, 0, 521, 1253, 1009, 110, 23.55%, 0, 0, 2, 41.78, 198131, 769, 0, 0
5418, 0, 521, 1253, 1009, 110, 23.55%, 0, 0, 2, 40.50, 198340, 769, 0, 0
5424, 0, 521, 1253, 1009, 110, 23.55%, 0, 0, 2, 41.92, 198555, 769, 0, 0
5429, 0, 521, 1253, 1009, 110, 23.55%, 0, 0, 2, 44.13, 198783, 769, 0, 0
5434, 0, 521, 1253, 1009, 110, 23.55%, 0, 0, 2, 41.14, 198982, 769, 0, 0
5439, 0, 521, 1253, 1009, 110, 23.55%, 0, 0, 2, 41.68, 199191, 769, 0, 0
5444, 0, 521, 1253, 1009, 110, 23.55%, 0, 0, 2, 40.88, 199401, 769, 0, 0
5449, 0, 521, 1253, 1009, 110, 23.55%, 0, 0, 2, 41.14, 199613, 769, 0, 0
5454, 0, 521, 1253, 1009, 110, 23.55%, 0, 0, 2, 42.03, 199832, 769, 0, 0
5459, 0, 523, 1253, 1009, 110, 23.55%, 0, 0, 2, 40.42, 200036, 769, 0, 0
5464, 0, 523, 1253, 1009, 110, 23.55%, 0, 0, 2, 37.25, 200223, 769, 0, 0
5470, 0, 523, 1253, 1009, 110, 23.55%, 0, 0, 2, 39.57, 200428, 769, 0, 0
5475, 0, 523, 1253, 1009, 110, 23.55%, 0, 0, 2, 38.48, 200621, 769, 0, 0
5480, 0, 523, 1253, 1009, 110, 23.55%, 0, 0, 2, 37.65, 200819, 769, 0, 0
5485, 0, 523, 1253, 1009, 110, 23.55%, 0, 0, 2, 37.13, 201012, 769, 0, 0
5490, 0, 523, 1253, 1009, 110, 23.55%, 0, 0, 2, 38.77, 201215, 769, 0, 0
5495, 0, 523, 1253, 1009, 110, 23.55%, 0, 0, 2, 39.02, 201420, 769, 0, 0
5500, 0, 523, 1253, 1009, 110, 23.55%, 0, 0, 2, 37.87, 201610, 769, 0, 0
5506, 0, 523, 1253, 1009, 110, 23.55%, 0, 0, 2, 39.67, 201810, 769, 0, 0
5511, 0, 523, 1253, 1009, 110, 23.55%, 0, 0, 2, 38.23, 202003, 769, 0, 0
5516, 0, 523, 1253, 1009, 110, 23.55%, 0, 0, 2, 37.21, 202193, 769, 0, 0
5521, 0, 523, 1253, 1009, 110, 23.55%, 0, 0, 2, 37.88, 202389, 769, 0, 0
5526, 0, 523, 1253, 1009, 110, 23.55%, 0, 0, 2, 38.07, 202583, 769, 0, 0
5531, 0, 523, 1253, 1009, 110, 23.55%, 0, 0, 2, 39.00, 202784, 769, 0, 0
5536, 0, 523, 1253, 1009, 110, 23.55%, 0, 0, 2, 38.25, 202983, 769, 0, 0
5541, 0, 526, 1253, 1009, 110, 23.55%, 0, 0, 2, 38.65, 203185, 769, 0, 0
5546, 0, 526, 1253, 1009, 110, 23.55%, 0, 0, 2, 37.51, 203373, 769, 0, 0
5551, 0, 526, 1253, 1009, 110, 23.55%, 0, 0, 2, 36.03, 203547, 769, 0, 0
5557, 0, 526, 1253, 1009, 110, 23.55%, 0, 0, 2, 34.65, 203719, 769, 0, 0
5562, 0, 526, 1253, 1009, 110, 23.55%, 0, 0, 2, 36.00, 203900, 769, 0, 0
5567, 0, 526, 1253, 1009, 110, 23.55%, 0, 0, 2, 36.17, 204078, 769, 0, 0
5572, 0, 526, 1253, 1009, 110, 23.55%, 0, 0, 2, 35.13, 204257, 769, 0, 0
5577, 0, 526, 1253, 1009, 110, 23.55%, 0, 0, 2, 35.47, 204441, 769, 0, 0
5582, 0, 526, 1253, 1009, 110, 23.55%, 0, 0, 2, 35.13, 204621, 769, 0, 0
5587, 0, 526, 1253, 1009, 110, 23.55%, 0, 0, 2, 34.19, 204803, 769, 0, 0
5593, 0, 526, 1253, 1009, 110, 23.55%, 0, 0, 2, 34.67, 204979, 769, 0, 0
5598, 0, 526, 1253, 1009, 110, 23.55%, 0, 0, 2, 33.12, 205155, 769, 0, 0
5603, 0, 526, 1253, 1009, 110, 23.55%, 0, 0, 2, 34.69, 205338, 769, 0, 0
5608, 0, 526, 1253, 1009, 110, 23.55%, 0, 0, 2, 36.27, 205526, 769, 0, 0
5613, 0, 526, 1253, 1009, 110, 23.55%, 0, 0, 2, 35.26, 205704, 769, 0, 0
5618, 0, 526, 1253, 1009, 110, 23.55%, 0, 0, 2, 36.66, 205890, 769, 0, 0
5623, 0, 526, 1253, 1009, 110, 23.55%, 0, 0, 2, 35.12, 206067, 769, 0, 0
5628, 0, 526, 1253, 1009, 110, 23.55%, 0, 0, 2, 36.12, 206251, 769, 0, 0
5634, 0, 527, 1254, 1010, 110, 23.55%, 0, 0, 2, 35.75, 206432, 769, 0, 0
5639, 0, 527, 1265, 1021, 110, 23.58%, 0, 0, 2, 28.64, 206535, 770, 0, 0
5644, 0, 527, 1273, 1029, 111, 23.61%, 0, 0, 2, 29.62, 206655, 771, 0, 0
5649, 0, 527, 1273, 1029, 111, 23.61%, 0, 0, 2, 40.84, 206881, 771, 0, 0
5654, 0, 527, 1273, 1029, 111, 23.61%, 0, 0, 2, 44.12, 207108, 771, 0, 0
5659, 0, 527, 1273, 1029, 111, 23.61%, 0, 0, 2, 45.30, 207342, 771, 0, 0
5665, 0, 527, 1273, 1029, 111, 23.61%, 0, 0, 2, 46.16, 207579, 771, 0, 0
5670, 0, 527, 1273, 1029, 111, 23.61%, 0, 0, 2, 45.61, 207809, 771, 0, 0
5675, 0, 527, 1273, 1029, 111, 23.61%, 0, 0, 2, 44.14, 208032, 771, 0, 0
5680, 0, 527, 1273, 1029, 111, 23.61%, 0, 0, 2, 44.79, 208259, 771, 0, 0
5685, 0, 527, 1273, 1029, 111, 23.61%, 0, 0, 2, 44.64, 208491, 771, 0, 0
5690, 0, 527, 1273, 1029, 111, 23.61%, 0, 0, 2, 44.44, 208722, 771, 0, 0
5695, 0, 527, 1273, 1029, 111, 23.61%, 0, 0, 2, 45.64, 208958, 771, 0, 0
5700, 0, 527, 1273, 1029, 111, 23.61%, 0, 0, 2, 45.65, 209192, 771, 0, 0
5706, 0, 527, 1273, 1029, 111, 23.61%, 0, 0, 2, 45.86, 209431, 771, 0, 0
5711, 0, 527, 1273, 1029, 111, 23.61%, 0, 0, 2, 45.42, 209663, 771, 0, 0
5716, 0, 528, 1273, 1029, 111, 23.61%, 0, 0, 2, 45.23, 209895, 771, 0, 0
5721, 0, 528, 1273, 1029, 111, 23.61%, 0, 0, 2, 41.65, 210111, 771, 0, 0
5726, 0, 528, 1273, 1029, 111, 23.61%, 0, 0, 2, 41.10, 210320, 771, 0, 0
5731, 0, 528, 1273, 1029, 111, 23.61%, 0, 0, 2, 41.42, 210536, 771, 0, 0
5736, 0, 528, 1273, 1029, 111, 23.61%, 0, 0, 2, 42.87, 210757, 771, 0, 0
5741, 0, 528, 1273, 1029, 111, 23.61%, 0, 0, 2, 43.49, 210979, 771, 0, 0
5746, 0, 528, 1273, 1029, 111, 23.61%, 0, 0, 2, 44.94, 211202, 771, 0, 0
5751, 0, 528, 1273, 1029, 111, 23.61%, 0, 0, 2, 43.15, 211419, 771, 0, 0
5757, 0, 528, 1273, 1029, 111, 23.61%, 0, 0, 2, 41.74, 211633, 771, 0, 0
5762, 0, 528, 1273, 1029, 111, 23.61%, 0, 0, 2, 44.00, 211866, 771, 0, 0
5767, 0, 528, 1273, 1029, 111, 23.61%, 0, 0, 2, 42.40, 212079, 771, 0, 0
5772, 0, 528, 1273, 1029, 111, 23.61%, 0, 0, 2, 42.30, 212293, 771, 0, 0
5777, 0, 528, 1273, 1029, 111, 23.61%, 0, 0, 2, 43.76, 212518, 771, 0, 0
5782, 0, 528, 1273, 1029, 111, 23.61%, 0, 0, 2, 43.31, 212735, 771, 0, 0
5787, 0, 528, 1273, 1029, 111, 23.61%, 0, 0, 2, 44.76, 212963, 771, 0, 0
5793, 0, 529, 1273, 1029, 111, 23.61%, 0, 0, 2, 44.76, 213193, 771, 0, 0
5798, 0, 529, 1273, 1029, 111, 23.61%, 0, 0, 2, 51.68, 213466, 771, 0, 0
5803, 0, 529, 1273, 1029, 111, 23.61%, 0, 0, 2, 52.89, 213737, 771, 0, 0
5808, 0, 529, 1273, 1029, 111, 23.61%, 0, 0, 2, 52.59, 214012, 771, 0, 0
5813, 0, 529, 1273, 1029, 111, 23.61%, 0, 0, 2, 53.16, 214284, 771, 0, 0
5818, 0, 529, 1273, 1029, 111, 23.61%, 0, 0, 2, 50.09, 214544, 771, 0, 0
5823, 0, 530, 1273, 1029, 111, 23.61%, 0, 0, 2, 52.02, 214814, 771, 0, 0
5828, 0, 530, 1273, 1029, 111, 23.61%, 0, 0, 2, 34.95, 214963, 771, 0, 0
5833, 0, 530, 1273, 1029, 111, 23.61%, 0, 0, 2, 30.30, 215110, 771, 0, 0
5838, 0, 530, 1273, 1029, 111, 23.61%, 0, 0, 2, 30.55, 215266, 771, 0, 0
5844, 0, 530, 1273, 1029, 111, 23.61%, 0, 0, 2, 29.94, 215417, 771, 0, 0
5849, 0, 530, 1273, 1029, 111, 23.61%, 0, 0, 2, 29.80, 215568, 771, 0, 0
5854, 0, 530, 1273, 1029, 111, 23.61%, 0, 0, 2, 30.21, 215718, 771, 0, 0
5859, 0, 530, 1273, 1029, 111, 23.61%, 0, 0, 2, 30.30, 215871, 771, 0, 0
5864, 0, 530, 1273, 1029, 111, 23.61%, 0, 0, 2, 29.14, 216018, 771, 0, 0
5869, 0, 530, 1273, 1029, 111, 23.61%, 0, 0, 2, 29.29, 216166, 771, 0, 0
5874, 0, 530, 1273, 1029, 111, 23.61%, 0, 0, 2, 29.40, 216319, 771, 0, 0
5879, 0, 530, 1273, 1029, 111, 23.61%, 0, 0, 2, 30.34, 216469, 771, 0, 0
5884, 0, 530, 1273, 1029, 111, 23.61%, 0, 0, 2, 30.49, 216627, 771, 0, 0
5890, 0, 530, 1273, 1029, 111, 23.61%, 0, 0, 2, 30.22, 216787, 771, 0, 0
5895, 0, 530, 1273, 1029, 111, 23.61%, 0, 0, 2, 30.09, 216937, 771, 0, 0
5900, 0, 530, 1273, 1029, 111, 23.61%, 0, 0, 2, 28.69, 217081, 771, 0, 0
5905, 0, 530, 1273, 1029, 111, 23.61%, 0, 0, 2, 30.70, 217236, 771, 0, 0
5910, 0, 530, 1273, 1029, 111, 23.61%, 0, 0, 2, 29.40, 217379, 771, 0, 0
5915, 0, 530, 1273, 1029, 111, 23.61%, 0, 0, 2, 30.16, 217533, 771, 0, 0
5920, 0, 530, 1273, 1029, 111, 23.61%, 0, 0, 2, 29.91, 217686, 771, 0, 0
5925, 0, 530, 1273, 1029, 111, 23.61%, 0, 0, 2, 30.53, 217840, 771, 0, 0
5930, 0, 530, 1273, 1029, 111, 23.61%, 0, 0, 2, 29.57, 217987, 771, 0, 0
5935, 0, 534, 1273, 1029, 111, 23.61%, 0, 0, 2, 30.79, 218142, 771, 0, 0
5940, 0, 534, 1273, 1029, 111, 23.61%, 0, 0, 2, 33.68, 218319, 771, 0, 0
5945, 0, 534, 1273, 1029, 111, 23.61%, 0, 0, 2, 32.34, 218489, 771, 0, 0
5951, 0, 534, 1273, 1029, 111, 23.61%, 0, 0, 2, 32.58, 218658, 771, 0, 0
5956, 0, 534, 1273, 1029, 111, 23.61%, 0, 0, 2, 32.96, 218825, 771, 0, 0
5961, 0, 534, 1273, 1029, 111, 23.61%, 0, 0, 2, 33.96, 218994, 771, 0, 0
5966, 0, 534, 1273, 1029, 111, 23.61%, 0, 0, 2, 32.91, 219164, 771, 0, 0
5971, 0, 534, 1273, 1029, 111, 23.61%, 0, 0, 2, 32.97, 219332, 771, 0, 0
5976, 0, 534, 1273, 1029, 111, 23.61%, 0, 0, 2, 33.60, 219503, 771, 0, 0
5981, 0, 534, 1273, 1029, 111, 23.61%, 0, 0, 2, 32.24, 219664, 771, 0, 0
5986, 0, 534, 1273, 1029, 111, 23.61%, 0, 0, 2, 32.86, 219837, 771, 0, 0
5991, 0, 534, 1273, 1029, 111, 23.61%, 0, 0, 2, 31.82, 219998, 771, 0, 0
5997, 0, 534, 1273, 1029, 111, 23.61%, 0, 0, 2, 31.65, 220164, 771, 0, 0
6002, 0, 534, 1273, 1029, 111, 23.61%, 0, 0, 2, 33.45, 220342, 771, 0, 0
6007, 0, 534, 1273, 1029, 111, 23.61%, 0, 0, 2, 34.34, 220513, 771, 0, 0
6012, 0, 534, 1273, 1029, 111, 23.61%, 0, 0, 2, 33.62, 220684, 771, 0, 0
6017, 0, 534, 1273, 1029, 111, 23.61%, 0, 0, 2, 33.32, 220855, 771, 0, 0
6022, 0, 534, 1273, 1029, 111, 23.61%, 0, 0, 2, 33.73, 221019, 771, 0, 0
6027, 0, 534, 1273, 1029, 111, 23.61%, 0, 0, 2, 31.10, 221173, 771, 0, 0
6032, 0, 534, 1273, 1029, 111, 23.61%, 0, 0, 2, 34.13, 221350, 771, 0, 0
6037, 0, 536, 1273, 1029, 111, 23.61%, 0, 0, 2, 42.43, 221579, 771, 0, 0
6042, 0, 536, 1273, 1029, 111, 23.61%, 0, 0, 2, 44.37, 221806, 771, 0, 0
6048, 0, 536, 1273, 1029, 111, 23.61%, 0, 0, 2, 44.72, 222034, 771, 0, 0
6053, 0, 536, 1273, 1029, 111, 23.61%, 0, 0, 2, 44.02, 222265, 771, 0, 0
6058, 0, 536, 1273, 1029, 111, 23.61%, 0, 0, 2, 44.14, 222488, 771, 0, 0
6063, 0, 536, 1273, 1029, 111, 23.61%, 0, 0, 2, 44.02, 222715, 771, 0, 0
6068, 0, 536, 1273, 1029, 111, 23.61%, 0, 0, 2, 45.09, 222950, 771, 0, 0
6073, 0, 536, 1273, 1029, 111, 23.61%, 0, 0, 2, 44.50, 223168, 771, 0, 0
6078, 0, 536, 1273, 1029, 111, 23.61%, 0, 0, 2, 43.30, 223390, 771, 0, 0
6083, 0, 536, 1273, 1029, 111, 23.61%, 0, 0, 2, 44.84, 223623, 771, 0, 0
6088, 0, 536, 1273, 1029, 111, 23.61%, 0, 0, 2, 44.55, 223852, 771, 0, 0
6094, 0, 536, 1273, 1029, 111, 23.61%, 0, 0, 2, 44.36, 224077, 771, 0, 0
6099, 0, 536, 1273, 1029, 111, 23.61%, 0, 0, 2, 44.28, 224306, 771, 0, 0
6104, 0, 536, 1273, 1029, 111, 23.61%, 0, 0, 2, 44.73, 224532, 771, 0, 0
6109, 0, 542, 1273, 1029, 111, 23.61%, 0, 0, 2, 45.08, 224763, 771, 0, 0
6114, 0, 542, 1273, 1029, 111, 23.61%, 0, 0, 2, 44.61, 224990, 771, 0, 0
6119, 0, 542, 1273, 1029, 111, 23.61%, 0, 0, 2, 43.50, 225214, 771, 0, 0
6124, 0, 542, 1273, 1029, 111, 23.61%, 0, 0, 2, 43.43, 225436, 771, 0, 0
6129, 0, 542, 1273, 1029, 111, 23.61%, 0, 0, 2, 44.92, 225663, 771, 0, 0
6134, 0, 542, 1273, 1029, 111, 23.61%, 0, 0, 2, 44.78, 225891, 771, 0, 0
6140, 0, 542, 1273, 1029, 111, 23.61%, 0, 0, 2, 45.14, 226120, 771, 0, 0
6145, 0, 542, 1273, 1029, 111, 23.61%, 0, 0, 2, 44.27, 226345, 771, 0, 0
6150, 0, 542, 1273, 1029, 111, 23.61%, 0, 0, 2, 43.60, 226569, 771, 0, 0
6155, 0, 542, 1273, 1029, 111, 23.61%, 0, 0, 2, 43.11, 226791, 771, 0, 0
6160, 0, 542, 1273, 1029, 111, 23.61%, 0, 0, 2, 42.72, 227009, 771, 0, 0
6165, 0, 542, 1273, 1029, 111, 23.61%, 0, 0, 2, 44.06, 227239, 771, 0, 0
6170, 0, 542, 1273, 1029, 111, 23.61%, 0, 0, 2, 43.67, 227463, 771, 0, 0
6176, 0, 542, 1273, 1029, 111, 23.61%, 0, 0, 2, 43.19, 227683, 771, 0, 0
6181, 0, 542, 1273, 1029, 111, 23.61%, 0, 0, 2, 42.94, 227904, 771, 0, 0
6186, 0, 544, 1273, 1029, 111, 23.61%, 0, 0, 2, 38.72, 228094, 771, 0, 0
6191, 0, 544, 1273, 1029, 111, 23.61%, 0, 0, 2, 38.59, 228295, 771, 0, 0
6196, 0, 544, 1273, 1029, 111, 23.61%, 0, 0, 2, 38.00, 228482, 771, 0, 0
6201, 0, 544, 1273, 1029, 111, 23.61%, 0, 0, 2, 39.05, 228679, 771, 0, 0
6206, 0, 544, 1273, 1029, 111, 23.61%, 0, 0, 2, 38.72, 228875, 771, 0, 0
6211, 0, 544, 1273, 1029, 111, 23.61%, 0, 0, 2, 38.34, 229072, 771, 0, 0
6217, 0, 544, 1273, 1029, 111, 23.61%, 0, 0, 2, 36.95, 229264, 771, 0, 0
6222, 0, 544, 1273, 1029, 111, 23.61%, 0, 0, 2, 36.75, 229456, 771, 0, 0
6227, 0, 544, 1273, 1029, 111, 23.61%, 0, 0, 2, 37.70, 229645, 771, 0, 0
6232, 0, 544, 1273, 1029, 111, 23.61%, 0, 0, 2, 37.77, 229840, 771, 0, 0
6237, 0, 544, 1273, 1029, 111, 23.61%, 0, 0, 2, 37.84, 230029, 771, 0, 0
6242, 0, 544, 1273, 1029, 111, 23.61%, 0, 0, 2, 38.14, 230227, 771, 0, 0
6247, 0, 544, 1273, 1029, 111, 23.61%, 0, 0, 2, 38.47, 230427, 771, 0, 0
6252, 0, 544, 1273, 1029, 111, 23.61%, 0, 0, 2, 37.96, 230624, 771, 0, 0
6258, 0, 544, 1273, 1029, 111, 23.61%, 0, 0, 2, 38.99, 230826, 771, 0, 0
6263, 0, 544, 1273, 1029, 111, 23.61%, 0, 0, 2, 38.26, 231023, 771, 0, 0
6268, 0, 548, 1273, 1029, 111, 23.61%, 0, 0, 2, 37.85, 231214, 771, 0, 0
6273, 0, 548, 1273, 1029, 111, 23.61%, 0, 0, 2, 34.19, 231384, 771, 0, 0
6278, 0, 548, 1273, 1029, 111, 23.61%, 0, 0, 2, 34.11, 231557, 771, 0, 0
6283, 0, 548, 1273, 1029, 111, 23.61%, 0, 0, 2, 33.35, 231729, 771, 0, 0
6288, 0, 548, 1273, 1029, 111, 23.61%, 0, 0, 2, 34.79, 231905, 771, 0, 0
6293, 0, 548, 1273, 1029, 111, 23.61%, 0, 0, 2, 32.37, 232067, 771, 0, 0
6298, 0, 548, 1273, 1029, 111, 23.61%, 0, 0, 2, 34.67, 232245, 771, 0, 0
6304, 0, 548, 1273, 1029, 111, 23.61%, 0, 0, 2, 33.49, 232411, 771, 0, 0
6309, 0, 548, 1273, 1029, 111, 23.61%, 0, 0, 2, 33.75, 232585, 771, 0, 0
6314, 0, 548, 1273, 1029, 111, 23.61%, 0, 0, 2, 34.76, 232759, 771, 0, 0
6319, 0, 548, 1273, 1029, 111, 23.61%, 0, 0, 2, 33.28, 232926, 771, 0, 0
6324, 0, 548, 1273, 1029, 111, 23.61%, 0, 0, 2, 32.03, 233091, 771, 0, 0
6329, 0, 548, 1273, 1029, 111, 23.61%, 0, 0, 2, 34.10, 233270, 771, 0, 0
6334, 0, 548, 1273, 1029, 111, 23.61%, 0, 0, 2, 34.00, 233443, 771, 0, 0
6339, 0, 548, 1273, 1029, 111, 23.61%, 0, 0, 2, 34.61, 233617, 771, 0, 0
6344, 0, 548, 1273, 1029, 111, 23.61%, 0, 0, 2, 33.89, 233790, 771, 0, 0
6349, 0, 548, 1273, 1029, 111, 23.61%, 0, 0, 2, 33.73, 233963, 771, 0, 0
6355, 0, 548, 1273, 1029, 111, 23.61%, 0, 0, 2, 33.49, 234133, 771, 0, 0
6360, 0, 548, 1273, 1029, 111, 23.61%, 0, 0, 2, 35.66, 234315, 771, 0, 0
6365, 0, 549, 1273, 1029, 111, 23.61%, 0, 0, 2, 36.63, 234499, 771, 0, 0
6370, 0, 549, 1273, 1029, 111, 23.61%, 0, 0, 2, 41.31, 234711, 771, 0, 0
6375, 0, 549, 1273, 1029, 111, 23.61%, 0, 0, 2, 44.18, 234938, 771, 0, 0
6380, 0, 549, 1273, 1029, 111, 23.61%, 0, 0, 2, 43.76, 235162, 771, 0, 0
6385, 0, 549, 1273, 1029, 111, 23.61%, 0, 0, 2, 43.16, 235379, 771, 0, 0
6390, 0, 549, 1273, 1029, 111, 23.61%, 0, 0, 2, 42.73, 235598, 771, 0, 0
6395, 0, 549, 1273, 1029, 111, 23.61%, 0, 0, 2, 42.90, 235820, 771, 0, 0
6400, 0, 549, 1273, 1029, 111, 23.61%, 0, 0, 2, 42.57, 236037, 771, 0, 0
6405, 0, 549, 1273, 1029, 111, 23.61%, 0, 0, 2, 43.30, 236259, 771, 0, 0
6410, 0, 549, 1273, 1029, 111, 23.61%, 0, 0, 2, 43.99, 236481, 771, 0, 0
6416, 0, 549, 1273, 1029, 111, 23.61%, 0, 0, 2, 44.27, 236709, 771, 0, 0
6421, 0, 549, 1273, 1029, 111, 23.61%, 0, 0, 2, 42.80, 236928, 771, 0, 0
6426, 0, 549, 1273, 1029, 111, 23.61%, 0, 0, 2, 42.79, 237149, 771, 0, 0
6431, 0, 549, 1273, 1029, 111, 23.61%, 0, 0, 2, 42.70, 237370, 771, 0, 0
6436, 0, 549, 1273, 1029, 111, 23.61%, 0, 0, 2, 42.67, 237588, 771, 0, 0
6441, 0, 553, 1273, 1029, 111, 23.61%, 0, 0, 2, 42.65, 237810, 771, 0, 0
6447, 0, 553, 1273, 1029, 111, 23.61%, 0, 0, 2, 45.83, 238052, 771, 0, 0
6452, 0, 553, 1273, 1029, 111, 23.61%, 0, 0, 2, 46.91, 238290, 771, 0, 0
6457, 0, 553, 1273, 1029, 111, 23.61%, 0, 0, 2, 46.54, 238529, 771, 0, 0
6462, 0, 553, 1273, 1029, 111, 23.61%, 0, 0, 2, 47.48, 238760, 771, 0, 0
6467, 0, 553, 1273, 1029, 111, 23.61%, 0, 0, 2, 47.13, 238998, 771, 0, 0
6472, 0, 553, 1273, 1029, 111, 23.61%, 0, 0, 2, 47.31, 239241, 771, 0, 0
6477, 0, 555, 1273, 1029, 111, 23.61%, 0, 0, 2, 39.92, 239447, 771, 0, 0
6482, 0, 555, 1273, 1029, 111, 23.61%, 0, 0, 2, 33.74, 239607, 771, 0, 0
6488, 0, 555, 1273, 1029, 111, 23.61%, 0, 0, 2, 35.66, 239793, 771, 0, 0
6493, 0, 555, 1273, 1029, 111, 23.61%, 0, 0, 2, 34.98, 239970, 771, 0, 0
6498, 0, 555, 1273, 1029, 111, 23.61%, 0, 0, 2, 35.12, 240146, 771, 0, 0
6503, 0, 555, 1273, 1029, 111, 23.61%, 0, 0, 2, 34.65, 240325, 771, 0, 0
6508, 0, 555, 1273, 1029, 111, 23.61%, 0, 0, 2, 33.24, 240494, 771, 0, 0
6513, 0, 555, 1273, 1029, 111, 23.61%, 0, 0, 2, 35.55, 240673, 771, 0, 0
6518, 0, 555, 1273, 1029, 111, 23.61%, 0, 0, 2, 35.12, 240845, 771, 0, 0
6523, 0, 555, 1273, 1029, 111, 23.61%, 0, 0, 2, 34.87, 241026, 771, 0, 0
6526, 0, 556, 1273, 1029, 111, 23.61%, 0, 0, 2, 34.68, 241116, 771, 0, 0
