# relative_time, cycles_done, cur_item, corpus_count, pending_total, pending_favs, map_size, saved_crashes, saved_hangs, max_depth, execs_per_sec, total_execs, edges_found, total_crashes, servers_count
62, 0, 1, 166, 165, 17, 8.95%, 0, 0, 2, 89.11, 2423, 1934, 0, 0
68, 0, 1, 167, 166, 17, 8.95%, 0, 0, 2, 20.67, 2624, 1934, 0, 0
73, 0, 1, 174, 173, 17, 8.98%, 0, 0, 2, 29.95, 2803, 1941, 0, 0
78, 0, 1, 181, 180, 17, 8.99%, 0, 0, 2, 38.57, 2981, 1943, 0, 0
83, 0, 1, 185, 184, 17, 9.55%, 0, 0, 2, 39.17, 3162, 2063, 0, 0
88, 0, 1, 190, 189, 17, 9.69%, 0, 0, 2, 35.10, 3322, 2093, 0, 0
93, 0, 1, 195, 194, 17, 9.73%, 0, 0, 2, 38.64, 3516, 2102, 0, 0
98, 0, 1, 202, 201, 17, 9.78%, 0, 0, 2, 49.94, 3774, 2114, 0, 0
103, 0, 1, 203, 202, 17, 9.80%, 0, 0, 2, 10.15, 3968, 2118, 0, 0
108, 0, 1, 206, 205, 17, 9.83%, 0, 1, 2, 50.71, 4156, 2124, 0, 0
114, 0, 1, 211, 210, 17, 9.85%, 0, 1, 2, 88.65, 4382, 2128, 0, 0
119, 0, 7, 217, 214, 102, 9.90%, 0, 1, 2, 88.93, 4856, 2139, 0, 0
124, 0, 8, 225, 221, 103, 10.01%, 0, 1, 2, 77.97, 5239, 2162, 0, 0
129, 0, 8, 239, 235, 103, 10.14%, 0, 1, 2, 75.04, 5622, 2191, 0, 0
134, 0, 8, 251, 247, 103, 10.42%, 0, 1, 2, 75.38, 5999, 2251, 0, 0
139, 0, 8, 258, 254, 103, 10.55%, 0, 1, 2, 75.50, 6380, 2280, 0, 0
144, 0, 8, 265, 261, 103, 10.62%, 0, 1, 2, 75.72, 6763, 2294, 0, 0
149, 0, 8, 270, 266, 103, 10.63%, 0, 1, 2, 75.67, 7151, 2298, 0, 0
154, 0, 8, 272, 268, 103, 10.64%, 0, 1, 2, 76.90, 7549, 2300, 0, 0
160, 0, 8, 275, 271, 103, 10.66%, 0, 1, 2, 76.75, 7935, 2303, 0, 0
165, 0, 8, 282, 278, 103, 10.82%, 0, 1, 2, 76.00, 8335, 2338, 0, 0
170, 0, 8, 283, 279, 103, 10.82%, 0, 1, 2, 75.59, 8715, 2339, 0, 0
175, 0, 8, 284, 280, 103, 10.82%, 0, 1, 2, 75.60, 9094, 2339, 0, 0
180, 0, 8, 288, 284, 103, 10.84%, 0, 1, 2, 75.85, 9476, 2343, 0, 0
185, 0, 8, 288, 284, 103, 10.84%, 0, 1, 2, 75.76, 9857, 2343, 0, 0
190, 0, 8, 291, 287, 103, 10.87%, 0, 1, 2, 76.51, 10247, 2349, 0, 0
195, 0, 8, 292, 288, 103, 10.88%, 0, 1, 2, 76.03, 10633, 2350, 0, 0
200, 0, 8, 296, 292, 103, 10.91%, 0, 1, 2, 76.01, 11025, 2358, 0, 0
205, 0, 8, 298, 294, 103, 10.93%, 0, 1, 2, 75.91, 11415, 2361, 0, 0
210, 0, 8, 299, 295, 103, 10.93%, 0, 1, 2, 75.64, 11798, 2361, 0, 0
215, 0, 8, 299, 295, 103, 10.93%, 0, 1, 2, 75.71, 12179, 2361, 0, 0
221, 0, 8, 301, 297, 103, 10.94%, 0, 1, 2, 75.64, 12568, 2363, 0, 0
226, 0, 8, 301, 297, 103, 10.94%, 0, 1, 2, 77.26, 12968, 2363, 0, 0
231, 0, 8, 302, 298, 103, 10.94%, 0, 1, 2, 77.76, 13368, 2364, 0, 0
236, 0, 8, 302, 298, 103, 10.94%, 0, 1, 2, 76.56, 13750, 2364, 0, 0
241, 0, 8, 302, 298, 103, 10.94%, 0, 1, 2, 76.03, 14134, 2364, 0, 0
246, 0, 8, 302, 298, 103, 10.94%, 0, 1, 2, 77.23, 14534, 2364, 0, 0
251, 0, 8, 304, 300, 103, 10.96%, 0, 1, 2, 77.17, 14934, 2368, 0, 0
256, 0, 8, 305, 301, 103, 10.96%, 0, 1, 2, 76.21, 15317, 2368, 0, 0
261, 0, 8, 306, 302, 103, 10.96%, 0, 1, 2, 75.74, 15703, 2368, 0, 0
266, 0, 8, 307, 303, 103, 10.97%, 0, 1, 2, 76.04, 16086, 2371, 0, 0
272, 0, 17, 335, 330, 159, 11.27%, 0, 1, 2, 75.56, 16469, 2435, 0, 0
277, 0, 17, 349, 344, 159, 11.36%, 0, 1, 2, 75.92, 16861, 2454, 0, 0
282, 0, 17, 354, 349, 159, 11.38%, 0, 1, 2, 76.42, 17250, 2460, 0, 0
287, 0, 17, 360, 355, 159, 11.41%, 0, 1, 2, 76.36, 17641, 2465, 0, 0
292, 0, 17, 365, 360, 159, 11.42%, 0, 1, 2, 76.18, 18032, 2468, 0, 0
297, 0, 17, 373, 368, 159, 11.46%, 0, 1, 2, 75.65, 18420, 2476, 0, 0
302, 0, 17, 379, 374, 159, 11.47%, 0, 1, 2, 76.14, 18814, 2479, 0, 0
308, 0, 17, 382, 377, 159, 11.49%, 0, 1, 2, 76.50, 19211, 2482, 0, 0
313, 0, 17, 385, 380, 159, 11.50%, 0, 1, 2, 75.88, 19600, 2484, 0, 0
318, 0, 17, 386, 381, 159, 11.50%, 0, 1, 2, 76.11, 19985, 2484, 0, 0
323, 0, 17, 389, 384, 159, 11.50%, 0, 1, 2, 75.77, 20379, 2484, 0, 0
328, 0, 17, 393, 388, 159, 11.53%, 0, 1, 2, 75.90, 20773, 2492, 0, 0
333, 0, 17, 393, 388, 159, 11.53%, 0, 1, 2, 75.73, 21153, 2492, 0, 0
338, 0, 17, 393, 388, 159, 11.53%, 0, 1, 2, 76.37, 21536, 2492, 0, 0
343, 0, 17, 395, 390, 159, 11.54%, 0, 1, 2, 77.13, 21929, 2493, 0, 0
348, 0, 17, 398, 393, 159, 11.55%, 0, 1, 2, 76.13, 22318, 2496, 0, 0
353, 0, 17, 401, 396, 159, 11.58%, 0, 1, 2, 75.91, 22705, 2503, 0, 0
359, 0, 17, 404, 399, 159, 11.63%, 0, 1, 2, 75.83, 23089, 2513, 0, 0
364, 0, 17, 407, 402, 159, 11.64%, 0, 1, 2, 76.19, 23485, 2515, 0, 0
369, 0, 17, 408, 403, 159, 11.65%, 0, 1, 2, 75.78, 23866, 2517, 0, 0
374, 0, 17, 409, 404, 159, 11.69%, 0, 1, 2, 75.79, 24245, 2526, 0, 0
379, 0, 17, 411, 406, 159, 11.69%, 0, 1, 2, 75.63, 24630, 2527, 0, 0
384, 0, 17, 413, 408, 159, 11.69%, 0, 1, 2, 75.39, 25009, 2527, 0, 0
389, 0, 17, 415, 410, 159, 11.70%, 0, 1, 2, 75.83, 25394, 2529, 0, 0
394, 0, 17, 415, 410, 159, 11.70%, 0, 1, 2, 75.88, 25786, 2529, 0, 0
399, 0, 17, 417, 412, 159, 11.86%, 0, 1, 2, 75.61, 26177, 2563, 0, 0
404, 0, 17, 420, 415, 159, 11.87%, 0, 1, 2, 75.58, 26561, 2565, 0, 0
409, 0, 17, 422, 417, 159, 11.87%, 0, 1, 2, 75.60, 26942, 2566, 0, 0
414, 0, 17, 425, 420, 159, 11.88%, 0, 1, 2, 75.57, 27322, 2568, 0, 0
419, 0, 17, 425, 420, 159, 11.88%, 0, 1, 2, 75.84, 27702, 2568, 0, 0
424, 0, 17, 425, 420, 159, 11.88%, 0, 1, 2, 76.13, 28083, 2568, 0, 0
429, 0, 102, 426, 418, 225, 11.88%, 0, 1, 3, 79.81, 28498, 2568, 0, 0
435, 0, 102, 428, 420, 225, 11.88%, 0, 1, 3, 41.83, 28646, 2568, 0, 0
440, 0, 102, 429, 421, 225, 11.88%, 0, 1, 3, 31.72, 28788, 2568, 0, 0
445, 0, 102, 429, 421, 225, 11.88%, 0, 1, 3, 30.06, 28938, 2568, 0, 0
450, 0, 102, 429, 421, 225, 11.88%, 0, 1, 3, 29.82, 29087, 2568, 0, 0
455, 0, 20, 431, 422, 225, 11.93%, 0, 1, 3, 38.75, 29287, 2579, 0, 0
460, 0, 20, 434, 425, 225, 11.95%, 0, 1, 3, 68.72, 29683, 2583, 0, 0
465, 0, 32, 434, 423, 227, 11.95%, 0, 1, 3, 74.98, 30080, 2583, 0, 0
470, 0, 32, 434, 423, 227, 11.95%, 0, 1, 3, 75.96, 30464, 2583, 0, 0
475, 0, 32, 434, 423, 227, 11.95%, 0, 1, 3, 76.52, 30848, 2583, 0, 0
482, 0, 139, 435, 423, 226, 11.95%, 0, 1, 3, 79.34, 31430, 2583, 0, 0
487, 0, 139, 435, 423, 226, 11.95%, 0, 1, 3, 41.82, 31581, 2583, 0, 0
492, 0, 139, 437, 425, 226, 11.96%, 0, 1, 3, 29.46, 31717, 2584, 0, 0
497, 0, 139, 437, 425, 226, 11.96%, 0, 1, 3, 29.16, 31867, 2584, 0, 0
502, 0, 139, 437, 425, 226, 11.96%, 0, 1, 3, 28.76, 32011, 2584, 0, 0
507, 0, 139, 437, 425, 226, 11.96%, 0, 1, 3, 28.70, 32155, 2584, 0, 0
512, 0, 139, 437, 425, 226, 11.96%, 0, 1, 3, 31.93, 32313, 2584, 0, 0
518, 0, 23, 440, 427, 226, 11.98%, 0, 1, 3, 66.33, 32700, 2589, 0, 0
523, 0, 26, 450, 436, 228, 12.08%, 0, 1, 3, 73.73, 33090, 2610, 0, 0
528, 0, 26, 453, 439, 228, 12.13%, 0, 1, 3, 75.53, 33474, 2621, 0, 0
533, 0, 26, 456, 442, 228, 12.17%, 0, 1, 3, 75.95, 33857, 2629, 0, 0
538, 0, 26, 456, 442, 228, 12.17%, 0, 1, 3, 76.11, 34240, 2629, 0, 0
543, 0, 26, 460, 446, 228, 12.18%, 0, 1, 3, 76.37, 34626, 2632, 0, 0
548, 0, 26, 462, 448, 228, 12.18%, 0, 1, 3, 76.32, 35010, 2632, 0, 0
553, 0, 26, 466, 452, 228, 12.18%, 0, 1, 3, 76.60, 35395, 2633, 0, 0
558, 0, 26, 470, 456, 228, 12.22%, 0, 1, 3, 76.21, 35786, 2641, 0, 0
563, 0, 26, 471, 457, 228, 12.22%, 0, 1, 3, 77.61, 36191, 2641, 0, 0
568, 0, 26, 472, 458, 228, 12.22%, 0, 1, 3, 76.92, 36575, 2641, 0, 0
573, 0, 26, 473, 459, 228, 12.22%, 0, 1, 3, 76.35, 36962, 2641, 0, 0
578, 0, 26, 474, 460, 228, 12.24%, 0, 1, 3, 76.30, 37345, 2646, 0, 0
583, 0, 26, 476, 462, 228, 12.27%, 0, 1, 3, 76.57, 37730, 2651, 0, 0
588, 0, 26, 477, 463, 228, 12.27%, 0, 1, 3, 76.33, 38120, 2651, 0, 0
594, 0, 26, 478, 464, 228, 12.27%, 0, 1, 3, 76.49, 38510, 2651, 0, 0
599, 0, 26, 479, 465, 228, 12.27%, 0, 1, 3, 76.63, 38910, 2652, 0, 0
604, 0, 26, 482, 468, 228, 12.31%, 0, 1, 3, 76.35, 39295, 2659, 0, 0
609, 0, 26, 483, 469, 228, 12.31%, 0, 1, 3, 76.46, 39681, 2661, 0, 0
614, 0, 26, 484, 470, 228, 12.34%, 0, 1, 3, 76.19, 40064, 2666, 0, 0
619, 0, 30, 501, 486, 244, 12.55%, 0, 1, 3, 77.57, 40458, 2713, 0, 0
624, 0, 31, 501, 485, 260, 12.55%, 0, 1, 3, 76.57, 40846, 2713, 0, 0
629, 0, 31, 505, 489, 260, 12.59%, 0, 1, 3, 76.34, 41233, 2721, 0, 0
634, 0, 31, 510, 494, 260, 12.74%, 0, 1, 3, 76.67, 41627, 2753, 0, 0
639, 0, 31, 513, 497, 260, 12.80%, 0, 1, 3, 76.47, 42009, 2765, 0, 0
644, 0, 31, 513, 497, 260, 12.80%, 0, 1, 3, 76.38, 42391, 2765, 0, 0
649, 0, 31, 515, 499, 260, 12.84%, 0, 1, 3, 77.23, 42792, 2775, 0, 0
654, 0, 31, 519, 503, 260, 12.87%, 0, 1, 3, 77.31, 43184, 2781, 0, 0
660, 0, 36, 520, 501, 276, 12.87%, 0, 1, 3, 82.09, 43624, 2782, 0, 0
665, 0, 39, 520, 499, 274, 12.87%, 0, 1, 3, 86.26, 44230, 2782, 0, 0
670, 0, 39, 521, 500, 274, 12.87%, 0, 1, 3, 45.94, 44388, 2782, 0, 0
675, 0, 39, 524, 503, 274, 12.89%, 0, 1, 3, 32.02, 44523, 2785, 0, 0
680, 0, 39, 524, 503, 274, 12.89%, 0, 1, 3, 29.65, 44673, 2785, 0, 0
685, 0, 39, 526, 505, 274, 12.89%, 0, 1, 3, 29.04, 44823, 2785, 0, 0
690, 0, 39, 526, 505, 274, 12.89%, 0, 1, 3, 28.62, 44967, 2785, 0, 0
695, 0, 39, 527, 506, 274, 12.89%, 0, 1, 3, 25.72, 45100, 2785, 0, 0
701, 0, 39, 535, 514, 274, 13.06%, 0, 1, 3, 27.44, 45245, 2822, 0, 0
706, 0, 39, 543, 522, 274, 13.33%, 0, 1, 3, 28.29, 45391, 2881, 0, 0
711, 0, 39, 544, 523, 274, 13.34%, 0, 1, 3, 28.44, 45535, 2882, 0, 0
716, 0, 39, 548, 527, 274, 13.36%, 0, 1, 3, 28.54, 45689, 2888, 0, 0
721, 0, 39, 553, 532, 274, 13.40%, 0, 1, 3, 28.66, 45833, 2895, 0, 0
726, 0, 39, 555, 534, 274, 13.40%, 0, 1, 3, 28.92, 46028, 2895, 0, 0
732, 0, 39, 555, 534, 274, 13.40%, 0, 1, 3, 28.79, 46178, 2895, 0, 0
737, 0, 39, 555, 534, 274, 13.40%, 0, 1, 3, 76.27, 46574, 2895, 0, 0
742, 0, 39, 561, 540, 274, 13.55%, 0, 1, 3, 47.50, 46793, 2927, 0, 0
747, 0, 39, 562, 541, 274, 13.56%, 0, 1, 3, 33.06, 46945, 2930, 0, 0
752, 0, 39, 562, 541, 274, 13.56%, 0, 1, 3, 48.21, 47169, 2930, 0, 0
757, 0, 39, 562, 541, 274, 13.56%, 0, 1, 3, 68.53, 47554, 2930, 0, 0
763, 0, 46, 563, 541, 296, 13.57%, 0, 1, 3, 64.01, 47986, 2932, 0, 0
768, 0, 46, 565, 543, 296, 13.57%, 0, 1, 3, 37.80, 48147, 2932, 0, 0
773, 0, 46, 565, 543, 296, 13.57%, 0, 1, 3, 29.95, 48284, 2932, 0, 0
779, 0, 46, 565, 543, 296, 13.57%, 0, 1, 3, 29.68, 48439, 2932, 0, 0
784, 0, 46, 565, 543, 296, 13.57%, 0, 1, 3, 29.52, 48589, 2932, 0, 0
789, 0, 46, 565, 543, 296, 13.57%, 0, 1, 3, 29.39, 48739, 2932, 0, 0
794, 0, 46, 567, 545, 296, 13.57%, 0, 1, 3, 38.87, 48927, 2932, 0, 0
799, 0, 46, 568, 546, 296, 13.57%, 0, 1, 3, 38.12, 49113, 2932, 0, 0
804, 0, 46, 569, 547, 296, 13.57%, 0, 1, 3, 40.86, 49314, 2932, 0, 0
809, 0, 46, 571, 549, 296, 13.58%, 0, 1, 3, 41.67, 49532, 2935, 0, 0
814, 0, 46, 571, 549, 296, 13.58%, 0, 1, 3, 36.72, 49706, 2935, 0, 0
819, 0, 46, 571, 549, 296, 13.58%, 0, 1, 3, 41.21, 49897, 2935, 0, 0
824, 0, 46, 573, 551, 296, 13.59%, 0, 1, 3, 43.53, 50105, 2936, 0, 0
830, 0, 48, 573, 550, 298, 13.59%, 0, 1, 3, 333.14, 50820, 2936, 0, 0
835, 0, 58, 573, 548, 296, 13.59%, 0, 1, 3, 44.44, 51810, 2936, 0, 0
841, 0, 58, 574, 549, 296, 13.59%, 0, 1, 3, 33.53, 51964, 2936, 0, 0
846, 0, 58, 575, 550, 296, 13.60%, 0, 1, 3, 28.01, 52092, 2938, 0, 0
851, 0, 58, 575, 550, 296, 13.60%, 0, 1, 3, 28.67, 52238, 2938, 0, 0
856, 0, 58, 575, 550, 296, 13.60%, 0, 1, 3, 28.41, 52382, 2938, 0, 0
861, 0, 58, 575, 550, 296, 13.60%, 0, 1, 3, 28.57, 52526, 2938, 0, 0
866, 0, 63, 576, 550, 296, 13.60%, 0, 1, 3, 38.94, 52849, 2938, 0, 0
871, 0, 63, 577, 551, 296, 13.60%, 0, 1, 3, 31.75, 52999, 2938, 0, 0
876, 0, 63, 578, 552, 296, 13.60%, 0, 1, 3, 27.48, 53139, 2939, 0, 0
882, 0, 63, 578, 552, 296, 13.60%, 0, 1, 3, 29.14, 53293, 2939, 0, 0
887, 0, 63, 578, 552, 296, 13.60%, 0, 1, 3, 29.62, 53443, 2939, 0, 0
892, 0, 63, 578, 552, 296, 13.60%, 0, 1, 3, 29.81, 53596, 2939, 0, 0
898, 0, 68, 580, 553, 296, 13.60%, 0, 1, 3, 81.84, 54165, 2939, 0, 0
903, 0, 68, 580, 553, 296, 13.60%, 0, 1, 3, 42.56, 54322, 2939, 0, 0
909, 0, 68, 580, 553, 296, 13.60%, 0, 1, 3, 30.58, 54456, 2939, 0, 0
914, 0, 68, 580, 553, 296, 13.60%, 0, 1, 3, 29.16, 54603, 2939, 0, 0
919, 0, 68, 580, 553, 296, 13.60%, 0, 1, 3, 28.78, 54747, 2939, 0, 0
924, 0, 68, 580, 553, 296, 13.60%, 0, 1, 3, 33.74, 54908, 2939, 0, 0
929, 0, 120, 580, 552, 295, 13.60%, 0, 1, 3, 36.11, 55262, 2939, 0, 0
934, 0, 120, 582, 554, 295, 13.61%, 0, 1, 3, 30.92, 55409, 2941, 0, 0
939, 0, 120, 583, 555, 295, 13.61%, 0, 1, 3, 28.36, 55545, 2941, 0, 0
944, 0, 120, 583, 555, 295, 13.61%, 0, 1, 3, 28.53, 55689, 2941, 0, 0
949, 0, 120, 583, 555, 295, 13.61%, 0, 1, 3, 28.60, 55833, 2941, 0, 0
954, 0, 120, 583, 555, 295, 13.61%, 0, 1, 3, 29.02, 55983, 2941, 0, 0
959, 0, 69, 583, 554, 296, 13.61%, 0, 1, 3, 37.49, 56300, 2941, 0, 0
964, 0, 69, 583, 554, 296, 13.61%, 0, 1, 3, 31.38, 56450, 2941, 0, 0
970, 0, 69, 584, 555, 296, 13.61%, 0, 1, 3, 28.99, 56587, 2941, 0, 0
975, 0, 69, 584, 555, 296, 13.61%, 0, 1, 3, 29.14, 56737, 2941, 0, 0
980, 0, 69, 584, 555, 296, 13.61%, 0, 1, 3, 29.14, 56887, 2941, 0, 0
986, 0, 77, 584, 554, 295, 13.61%, 0, 1, 3, 50.02, 57260, 2941, 0, 0
991, 0, 77, 584, 554, 295, 13.61%, 0, 1, 3, 34.88, 57412, 2941, 0, 0
997, 0, 77, 584, 554, 295, 13.61%, 0, 1, 3, 29.89, 57554, 2941, 0, 0
1002, 0, 77, 584, 554, 295, 13.61%, 0, 1, 3, 29.48, 57706, 2941, 0, 0
1007, 0, 77, 584, 554, 295, 13.61%, 0, 1, 3, 29.56, 57856, 2941, 0, 0
1012, 0, 77, 584, 554, 295, 13.61%, 0, 1, 3, 35.39, 58028, 2941, 0, 0
1017, 0, 78, 586, 554, 294, 13.63%, 0, 1, 3, 7.73, 58421, 2946, 0, 0
1022, 0, 78, 587, 555, 294, 13.63%, 0, 1, 3, 24.51, 58573, 2946, 0, 0
1027, 0, 78, 589, 557, 294, 13.64%, 0, 1, 3, 26.26, 58705, 2947, 0, 0
1033, 0, 78, 589, 557, 294, 13.64%, 0, 1, 3, 28.16, 58850, 2947, 0, 0
1038, 0, 78, 589, 557, 294, 13.64%, 0, 1, 3, 28.71, 58994, 2947, 0, 0
1043, 0, 78, 589, 557, 294, 13.64%, 0, 1, 3, 30.51, 59151, 2947, 0, 0
1048, 0, 80, 589, 556, 294, 13.64%, 0, 1, 3, 12.46, 59491, 2947, 0, 0
1053, 0, 80, 589, 556, 294, 13.64%, 0, 1, 3, 24.82, 59635, 2947, 0, 0
1058, 0, 80, 589, 556, 294, 13.64%, 0, 1, 3, 27.12, 59772, 2947, 0, 0
1063, 0, 80, 589, 556, 294, 13.64%, 0, 1, 3, 28.27, 59916, 2947, 0, 0
1068, 0, 80, 589, 556, 294, 13.64%, 0, 1, 3, 28.20, 60059, 2947, 0, 0
1074, 0, 80, 591, 558, 294, 13.64%, 0, 1, 3, 28.06, 60208, 2948, 0, 0
1079, 0, 80, 591, 558, 294, 13.64%, 0, 1, 3, 24.73, 60329, 2948, 0, 0
1084, 0, 80, 595, 562, 294, 13.67%, 0, 1, 3, 27.73, 60475, 2953, 0, 0
1089, 0, 80, 595, 562, 294, 13.67%, 0, 1, 3, 28.43, 60619, 2953, 0, 0
1094, 0, 80, 596, 563, 294, 13.67%, 0, 1, 3, 28.57, 60767, 2953, 0, 0
1099, 0, 80, 596, 563, 294, 13.67%, 0, 1, 3, 28.89, 60912, 2953, 0, 0
1104, 0, 80, 596, 563, 294, 13.67%, 0, 1, 3, 42.12, 61106, 2953, 0, 0
1109, 0, 80, 596, 563, 294, 13.67%, 0, 1, 3, 41.47, 61365, 2953, 0, 0
1114, 0, 80, 596, 563, 294, 13.67%, 0, 1, 3, 42.28, 61559, 2953, 0, 0
1119, 0, 80, 596, 563, 294, 13.67%, 0, 1, 3, 52.24, 61872, 2953, 0, 0
1124, 0, 80, 596, 563, 294, 13.67%, 0, 1, 3, 44.55, 62089, 2953, 0, 0
1129, 0, 81, 596, 562, 294, 13.67%, 0, 1, 3, 42.01, 62409, 2953, 0, 0
1135, 0, 81, 596, 562, 294, 13.67%, 0, 1, 3, 31.72, 62561, 2953, 0, 0
1140, 0, 81, 598, 564, 294, 13.67%, 0, 1, 3, 29.89, 62702, 2955, 0, 0
1145, 0, 81, 598, 564, 294, 13.67%, 0, 1, 3, 29.54, 62853, 2955, 0, 0
1150, 0, 81, 598, 564, 294, 13.67%, 0, 1, 3, 29.61, 63008, 2955, 0, 0
1155, 0, 81, 600, 566, 294, 13.68%, 0, 1, 3, 42.15, 63231, 2956, 0, 0
1160, 0, 81, 601, 567, 294, 13.68%, 0, 1, 3, 42.41, 63420, 2956, 0, 0
1165, 0, 81, 604, 570, 294, 13.69%, 0, 1, 3, 49.83, 63678, 2958, 0, 0
1170, 0, 81, 604, 570, 294, 13.69%, 0, 1, 3, 2.41, 63871, 2958, 0, 0
1176, 0, 81, 606, 572, 294, 13.69%, 0, 1, 3, 65.22, 64110, 2959, 0, 0
1181, 0, 81, 607, 573, 294, 13.69%, 0, 1, 3, 54.68, 64340, 2959, 0, 0
1186, 0, 81, 610, 576, 294, 13.70%, 0, 1, 3, 49.27, 64543, 2961, 0, 0
1191, 0, 86, 611, 576, 300, 13.70%, 0, 1, 3, 45.26, 64866, 2961, 0, 0
1196, 0, 86, 611, 576, 300, 13.70%, 0, 1, 3, 33.29, 65013, 2961, 0, 0
1201, 0, 86, 611, 576, 300, 13.70%, 0, 1, 3, 29.59, 65153, 2961, 0, 0
1206, 0, 86, 611, 576, 300, 13.70%, 0, 1, 3, 29.47, 65303, 2961, 0, 0
1211, 0, 86, 611, 576, 300, 13.70%, 0, 1, 3, 29.38, 65453, 2961, 0, 0
1216, 0, 86, 611, 576, 300, 13.70%, 0, 1, 3, 40.57, 65642, 2961, 0, 0
1222, 0, 86, 624, 588, 299, 13.76%, 0, 1, 3, 37.28, 65801, 2973, 0, 0
1227, 0, 86, 646, 610, 299, 13.81%, 0, 1, 3, 40.42, 66004, 2984, 0, 0
1232, 0, 86, 671, 635, 299, 13.82%, 0, 1, 3, 41.58, 66207, 2986, 0, 0
1237, 0, 86, 696, 660, 299, 13.85%, 0, 1, 3, 44.78, 66415, 2992, 0, 0
1242, 0, 86, 714, 678, 299, 13.90%, 0, 1, 3, 36.09, 66568, 3004, 0, 0
1247, 0, 86, 728, 692, 299, 13.97%, 0, 1, 3, 30.36, 66698, 3018, 0, 0
1253, 0, 86, 746, 710, 299, 14.08%, 0, 1, 3, 29.43, 66850, 3042, 0, 0
1258, 0, 86, 761, 725, 299, 14.10%, 0, 1, 3, 29.57, 66978, 3047, 0, 0
1263, 0, 86, 792, 756, 299, 14.11%, 0, 1, 3, 45.35, 67230, 3050, 0, 0
1268, 0, 86, 808, 772, 299, 14.20%, 0, 1, 3, 33.75, 67363, 3068, 0, 0
1274, 0, 86, 829, 793, 299, 14.21%, 0, 1, 3, 37.35, 67539, 3071, 0, 0
1279, 0, 86, 862, 826, 299, 14.60%, 0, 1, 3, 50.93, 67805, 3154, 0, 0
1284, 0, 86, 889, 853, 299, 14.62%, 0, 1, 3, 49.72, 68021, 3160, 0, 0
1289, 0, 86, 910, 874, 299, 14.65%, 0, 1, 3, 42.50, 68191, 3165, 0, 0
1294, 0, 86, 929, 893, 299, 14.77%, 0, 1, 3, 37.88, 68345, 3191, 0, 0
1299, 0, 89, 935, 899, 359, 14.77%, 0, 1, 3, 38.14, 68643, 3192, 0, 0
1304, 0, 89, 935, 899, 359, 14.77%, 0, 1, 3, 31.54, 68791, 3192, 0, 0
1309, 0, 89, 935, 899, 359, 14.77%, 0, 1, 3, 28.91, 68930, 3192, 0, 0
1315, 0, 89, 935, 899, 359, 14.77%, 0, 1, 3, 29.37, 69080, 3192, 0, 0
1320, 0, 89, 935, 899, 359, 14.77%, 0, 1, 3, 29.51, 69230, 3192, 0, 0
1325, 0, 89, 935, 899, 359, 14.77%, 0, 1, 3, 29.51, 69380, 3192, 0, 0
1330, 0, 278, 935, 897, 357, 14.77%, 0, 1, 3, 48.99, 69668, 3192, 0, 0
1335, 0, 107, 935, 896, 356, 14.77%, 0, 1, 3, 47.08, 70029, 3192, 0, 0
1340, 0, 107, 935, 896, 356, 14.77%, 0, 1, 3, 33.32, 70178, 3192, 0, 0
1345, 0, 107, 935, 896, 356, 14.77%, 0, 1, 3, 29.25, 70317, 3192, 0, 0
1350, 0, 107, 935, 896, 356, 14.77%, 0, 1, 3, 29.44, 70467, 3192, 0, 0
1355, 0, 107, 935, 896, 356, 14.77%, 0, 1, 3, 29.55, 70619, 3192, 0, 0
1360, 0, 107, 935, 896, 356, 14.77%, 0, 1, 3, 29.52, 70769, 3192, 0, 0
1366, 0, 459, 935, 892, 352, 14.77%, 0, 1, 3, 59.15, 71126, 3192, 0, 0
1371, 0, 549, 935, 891, 351, 14.77%, 0, 1, 3, 65.63, 71634, 3192, 0, 0
1376, 0, 549, 937, 893, 351, 14.77%, 0, 1, 3, 39.94, 71791, 3192, 0, 0
1381, 0, 549, 937, 893, 351, 14.77%, 0, 1, 3, 31.47, 71930, 3192, 0, 0
1386, 0, 549, 937, 893, 351, 14.77%, 0, 1, 3, 32.14, 72088, 3192, 0, 0
1391, 0, 92, 937, 892, 351, 14.77%, 0, 1, 3, 33.21, 72395, 3192, 0, 0
1396, 0, 92, 937, 892, 351, 14.77%, 0, 1, 3, 29.73, 72540, 3192, 0, 0
1401, 0, 92, 938, 893, 351, 14.77%, 0, 1, 3, 29.14, 72684, 3192, 0, 0
1407, 0, 92, 938, 893, 351, 14.77%, 0, 1, 3, 29.47, 72834, 3192, 0, 0
1412, 0, 92, 938, 893, 351, 14.77%, 0, 1, 3, 29.82, 72986, 3192, 0, 0
1417, 0, 92, 938, 893, 351, 14.77%, 0, 1, 3, 37.69, 73167, 3192, 0, 0
1422, 0, 104, 938, 892, 351, 14.77%, 0, 1, 3, 37.88, 73514, 3192, 0, 0
1427, 0, 104, 938, 892, 351, 14.77%, 0, 1, 3, 28.72, 73646, 3192, 0, 0
1432, 0, 104, 938, 892, 351, 14.77%, 0, 1, 3, 28.91, 73793, 3192, 0, 0
1437, 0, 104, 938, 892, 351, 14.77%, 0, 1, 3, 28.65, 73937, 3192, 0, 0
1442, 0, 104, 938, 892, 351, 14.77%, 0, 1, 3, 28.65, 74081, 3192, 0, 0
1447, 0, 163, 938, 891, 350, 14.77%, 0, 1, 3, 163.77, 74416, 3192, 0, 0
1452, 0, 163, 938, 891, 350, 14.77%, 0, 1, 3, 27.16, 74565, 3192, 0, 0
1457, 0, 163, 938, 891, 350, 14.77%, 0, 1, 3, 27.92, 74705, 3192, 0, 0
1462, 0, 163, 938, 891, 350, 14.77%, 0, 1, 3, 29.02, 74855, 3192, 0, 0
1468, 0, 163, 938, 891, 350, 14.77%, 0, 1, 3, 29.28, 75005, 3192, 0, 0
1473, 0, 163, 938, 891, 350, 14.77%, 0, 1, 3, 29.55, 75156, 3192, 0, 0
1478, 0, 601, 938, 890, 349, 14.77%, 0, 1, 3, 39.16, 75465, 3192, 0, 0
1483, 0, 601, 939, 891, 349, 14.77%, 0, 1, 3, 32.29, 75631, 3192, 0, 0
1488, 0, 601, 939, 891, 349, 14.77%, 0, 1, 3, 28.99, 75774, 3192, 0, 0
1493, 0, 601, 939, 891, 349, 14.77%, 0, 1, 3, 29.02, 75921, 3192, 0, 0
1498, 0, 601, 939, 891, 349, 14.77%, 0, 1, 3, 29.64, 76075, 3192, 0, 0
1503, 0, 601, 939, 891, 349, 14.77%, 0, 1, 3, 29.79, 76226, 3192, 0, 0
1508, 0, 114, 939, 890, 348, 14.77%, 0, 1, 3, 39.23, 76558, 3192, 0, 0
1514, 0, 114, 941, 892, 348, 14.77%, 0, 1, 3, 31.67, 76711, 3192, 0, 0
1519, 0, 114, 941, 892, 348, 14.77%, 0, 1, 3, 29.00, 76849, 3192, 0, 0
1524, 0, 114, 941, 892, 348, 14.77%, 0, 1, 3, 29.36, 77000, 3192, 0, 0
1529, 0, 114, 942, 893, 348, 14.79%, 0, 1, 3, 29.70, 77149, 3197, 0, 0
1534, 0, 114, 942, 893, 348, 14.79%, 0, 1, 3, 29.86, 77301, 3197, 0, 0
1539, 0, 122, 942, 892, 348, 14.79%, 0, 1, 3, 34.73, 77599, 3197, 0, 0
1544, 0, 122, 942, 892, 348, 14.79%, 0, 1, 3, 30.63, 77756, 3197, 0, 0
1549, 0, 122, 942, 892, 348, 14.79%, 0, 1, 3, 28.72, 77893, 3197, 0, 0
1554, 0, 122, 942, 892, 348, 14.79%, 0, 1, 3, 29.39, 78043, 3197, 0, 0
1559, 0, 122, 942, 892, 348, 14.79%, 0, 1, 3, 29.60, 78194, 3197, 0, 0
1564, 0, 122, 942, 892, 348, 14.79%, 0, 1, 3, 29.49, 78344, 3197, 0, 0
1572, 0, 124, 943, 890, 346, 14.80%, 0, 1, 3, 57.20, 78848, 3199, 0, 0
1577, 0, 124, 944, 891, 346, 14.81%, 0, 1, 3, 35.99, 79004, 3201, 0, 0
1582, 0, 124, 945, 892, 346, 14.90%, 0, 1, 3, 28.11, 79135, 3220, 0, 0
1587, 0, 124, 945, 892, 346, 14.90%, 0, 1, 3, 28.84, 79284, 3220, 0, 0
1592, 0, 124, 945, 892, 346, 14.90%, 0, 1, 3, 28.78, 79428, 3220, 0, 0
1597, 0, 124, 945, 892, 346, 14.90%, 0, 1, 3, 28.66, 79572, 3220, 0, 0
1602, 0, 124, 945, 892, 346, 14.90%, 0, 1, 3, 30.80, 79724, 3220, 0, 0
1607, 0, 124, 946, 893, 346, 14.90%, 0, 1, 3, 25.60, 79842, 3220, 0, 0
1612, 0, 124, 947, 894, 346, 14.90%, 0, 1, 3, 19.75, 79933, 3220, 0, 0
1617, 0, 124, 947, 894, 346, 14.90%, 0, 1, 3, 12.01, 79982, 3220, 0, 0
1622, 0, 124, 947, 894, 346, 14.90%, 0, 1, 3, 9.67, 80028, 3220, 0, 0
1627, 0, 124, 947, 894, 346, 14.90%, 0, 1, 3, 9.16, 80074, 3220, 0, 0
1632, 0, 124, 947, 894, 346, 14.90%, 0, 1, 3, 9.04, 80120, 3220, 0, 0
1637, 0, 124, 947, 894, 346, 14.90%, 0, 1, 3, 9.32, 80167, 3220, 0, 0
1643, 0, 124, 947, 894, 346, 14.90%, 0, 1, 3, 9.07, 80213, 3220, 0, 0
1648, 0, 124, 947, 894, 346, 14.90%, 0, 1, 3, 9.37, 80417, 3220, 0, 0
1653, 0, 124, 947, 894, 346, 14.90%, 0, 1, 3, 9.23, 80464, 3220, 0, 0
1658, 0, 124, 947, 894, 346, 14.90%, 0, 1, 3, 9.34, 80513, 3220, 0, 0
1663, 0, 124, 947, 894, 346, 14.90%, 0, 1, 3, 166.47, 80708, 3220, 0, 0
1668, 0, 124, 949, 896, 346, 14.90%, 0, 1, 3, 29.99, 80898, 3220, 0, 0
1673, 0, 124, 950, 897, 346, 14.90%, 0, 2, 3, 42.99, 81033, 3220, 0, 0
1678, 0, 124, 951, 898, 346, 14.94%, 0, 2, 3, 42.68, 81248, 3228, 0, 0
1683, 0, 124, 952, 899, 346, 14.94%, 0, 2, 3, 40.16, 81426, 3228, 0, 0
1689, 0, 124, 952, 899, 346, 14.94%, 0, 2, 3, 48.45, 81677, 3228, 0, 0
1694, 0, 124, 952, 899, 346, 14.94%, 0, 2, 3, 40.48, 81861, 3228, 0, 0
1699, 0, 124, 954, 901, 346, 14.94%, 0, 2, 3, 44.34, 82082, 3228, 0, 0
1704, 0, 124, 955, 902, 346, 14.95%, 0, 2, 3, 42.98, 82306, 3230, 0, 0
1709, 0, 124, 955, 902, 346, 14.95%, 0, 2, 3, 38.99, 82480, 3230, 0, 0
1715, 0, 124, 957, 904, 346, 15.01%, 0, 2, 3, 42.03, 82658, 3244, 0, 0
1720, 0, 124, 957, 904, 346, 15.01%, 0, 2, 3, 39.53, 82860, 3244, 0, 0
1725, 0, 124, 957, 904, 346, 15.01%, 0, 2, 3, 43.53, 83095, 3244, 0, 0
1730, 0, 124, 957, 904, 346, 15.01%, 0, 2, 3, 48.24, 83333, 3244, 0, 0
1735, 0, 124, 959, 906, 346, 15.01%, 0, 2, 3, 45.64, 83520, 3244, 0, 0
1740, 0, 124, 959, 906, 346, 15.01%, 0, 2, 3, 41.79, 83714, 3244, 0, 0
1745, 0, 124, 961, 908, 346, 15.01%, 0, 2, 3, 35.71, 83875, 3244, 0, 0
1750, 0, 124, 961, 908, 346, 15.01%, 0, 2, 3, 39.87, 84070, 3244, 0, 0
1755, 0, 124, 962, 909, 346, 15.01%, 0, 2, 3, 42.53, 84282, 3244, 0, 0
1760, 0, 124, 962, 909, 346, 15.01%, 0, 2, 3, 40.13, 84476, 3244, 0, 0
1766, 0, 124, 962, 909, 346, 15.01%, 0, 2, 3, 47.90, 84717, 3244, 0, 0
1771, 0, 124, 963, 910, 346, 15.01%, 0, 2, 3, 45.24, 84930, 3244, 0, 0
1776, 0, 124, 963, 910, 346, 15.01%, 0, 2, 3, 40.69, 85099, 3244, 0, 0
1781, 0, 124, 963, 910, 346, 15.01%, 0, 2, 3, 58.30, 85292, 3244, 0, 0
1786, 0, 124, 963, 910, 346, 15.01%, 0, 2, 3, 41.76, 85469, 3244, 0, 0
1791, 0, 124, 963, 910, 346, 15.01%, 0, 2, 3, 46.46, 85721, 3244, 0, 0
1796, 0, 124, 964, 911, 346, 15.01%, 0, 2, 3, 43.82, 85921, 3244, 0, 0
1801, 0, 124, 965, 912, 346, 15.01%, 0, 2, 3, 40.95, 86116, 3244, 0, 0
1806, 0, 124, 965, 912, 346, 15.01%, 0, 2, 3, 43.65, 86336, 3244, 0, 0
1812, 0, 124, 966, 913, 346, 15.01%, 0, 2, 3, 40.29, 86539, 3244, 0, 0
1818, 0, 127, 966, 911, 346, 15.01%, 0, 2, 3, 357.61, 87646, 3244, 0, 0
1823, 0, 127, 966, 911, 346, 15.01%, 0, 2, 3, 37.53, 87800, 3244, 0, 0
1829, 0, 127, 968, 913, 346, 15.02%, 0, 2, 3, 28.46, 87934, 3245, 0, 0
1834, 0, 127, 968, 913, 346, 15.02%, 0, 2, 3, 29.58, 88086, 3245, 0, 0
1839, 0, 127, 968, 913, 346, 15.02%, 0, 2, 3, 29.47, 88236, 3245, 0, 0
1844, 0, 127, 968, 913, 346, 15.02%, 0, 2, 3, 29.48, 88386, 3245, 0, 0
1851, 0, 130, 969, 913, 347, 15.02%, 0, 2, 3, 39.78, 88763, 3245, 0, 0
1856, 0, 130, 969, 913, 347, 15.02%, 0, 2, 3, 32.41, 88916, 3245, 0, 0
1861, 0, 130, 969, 913, 347, 15.02%, 0, 2, 3, 27.89, 89055, 3245, 0, 0
1866, 0, 130, 969, 913, 347, 15.02%, 0, 2, 3, 29.21, 89203, 3245, 0, 0
1871, 0, 130, 969, 913, 347, 15.02%, 0, 2, 3, 29.53, 89354, 3245, 0, 0
1876, 0, 130, 969, 913, 347, 15.02%, 0, 2, 3, 29.48, 89504, 3245, 0, 0
1881, 0, 138, 969, 912, 346, 15.02%, 0, 2, 3, 39.12, 89839, 3245, 0, 0
1886, 0, 138, 969, 912, 346, 15.02%, 0, 2, 3, 32.79, 89991, 3245, 0, 0
1891, 0, 138, 969, 912, 346, 15.02%, 0, 2, 3, 28.54, 90123, 3245, 0, 0
1896, 0, 138, 969, 912, 346, 15.02%, 0, 2, 3, 28.55, 90269, 3245, 0, 0
1901, 0, 138, 969, 912, 346, 15.02%, 0, 2, 3, 28.60, 90413, 3245, 0, 0
1906, 0, 138, 969, 912, 346, 15.02%, 0, 2, 3, 28.83, 90557, 3245, 0, 0
1913, 0, 800, 969, 911, 345, 15.02%, 0, 2, 3, 35.67, 90918, 3245, 0, 0
1919, 0, 800, 971, 913, 345, 15.02%, 0, 2, 3, 30.97, 91080, 3246, 0, 0
1924, 0, 800, 972, 914, 345, 15.03%, 0, 2, 3, 28.23, 91216, 3248, 0, 0
1929, 0, 800, 972, 914, 345, 15.03%, 0, 2, 3, 29.02, 91363, 3248, 0, 0
1934, 0, 800, 972, 914, 345, 15.03%, 0, 2, 3, 29.37, 91513, 3248, 0, 0
1939, 0, 800, 972, 914, 345, 15.03%, 0, 2, 3, 29.58, 91663, 3248, 0, 0
1944, 0, 143, 973, 914, 346, 15.03%, 0, 2, 3, 38.17, 92004, 3248, 0, 0
1949, 0, 143, 973, 914, 346, 15.03%, 0, 2, 3, 31.21, 92148, 3248, 0, 0
1954, 0, 143, 973, 914, 346, 15.03%, 0, 2, 3, 29.11, 92286, 3248, 0, 0
1959, 0, 143, 973, 914, 346, 15.03%, 0, 2, 3, 29.37, 92436, 3248, 0, 0
1964, 0, 143, 973, 914, 346, 15.03%, 0, 2, 3, 29.54, 92587, 3248, 0, 0
1969, 0, 143, 973, 914, 346, 15.03%, 0, 2, 3, 29.61, 92737, 3248, 0, 0
1974, 0, 149, 973, 913, 346, 15.03%, 0, 2, 3, 37.66, 93064, 3248, 0, 0
1979, 0, 149, 973, 913, 346, 15.03%, 0, 2, 3, 31.15, 93213, 3248, 0, 0
1985, 0, 149, 973, 913, 346, 15.03%, 0, 2, 3, 28.68, 93349, 3248, 0, 0
1990, 0, 149, 974, 914, 346, 15.07%, 0, 2, 3, 28.63, 93497, 3256, 0, 0
1995, 0, 149, 974, 914, 346, 15.07%, 0, 2, 3, 28.55, 93641, 3256, 0, 0
2000, 0, 149, 974, 914, 346, 15.07%, 0, 2, 3, 28.50, 93785, 3256, 0, 0
2005, 0, 154, 974, 913, 346, 15.07%, 0, 2, 3, 21.79, 94119, 3256, 0, 0
2010, 0, 154, 974, 913, 346, 15.07%, 0, 2, 3, 27.48, 94264, 3256, 0, 0
2015, 0, 154, 974, 913, 346, 15.07%, 0, 2, 3, 27.74, 94402, 3256, 0, 0
2020, 0, 154, 974, 913, 346, 15.07%, 0, 2, 3, 28.41, 94546, 3256, 0, 0
2025, 0, 154, 974, 913, 346, 15.07%, 0, 2, 3, 28.59, 94690, 3256, 0, 0
2030, 0, 154, 974, 913, 346, 15.07%, 0, 2, 3, 28.63, 94834, 3256, 0, 0
2035, 0, 155, 975, 912, 345, 15.07%, 0, 2, 3, 46.28, 95236, 3257, 0, 0
2040, 0, 155, 975, 912, 345, 15.07%, 0, 2, 3, 33.81, 95382, 3257, 0, 0
2045, 0, 155, 975, 912, 345, 15.07%, 0, 2, 3, 28.81, 95518, 3257, 0, 0
2050, 0, 155, 975, 912, 345, 15.07%, 0, 2, 3, 29.37, 95668, 3257, 0, 0
2056, 0, 155, 975, 912, 345, 15.07%, 0, 2, 3, 29.50, 95818, 3257, 0, 0
2063, 0, 160, 976, 912, 345, 15.07%, 0, 2, 3, 36.34, 96198, 3257, 0, 0
2068, 0, 160, 976, 912, 345, 15.07%, 0, 2, 3, 31.61, 96356, 3257, 0, 0
2073, 0, 160, 977, 913, 345, 15.07%, 0, 2, 3, 28.75, 96495, 3257, 0, 0
2078, 0, 160, 977, 913, 345, 15.07%, 0, 2, 3, 29.41, 96643, 3257, 0, 0
2083, 0, 160, 977, 913, 345, 15.07%, 0, 2, 3, 29.56, 96793, 3257, 0, 0
2088, 0, 160, 977, 913, 345, 15.07%, 0, 2, 3, 29.53, 96943, 3257, 0, 0
2095, 0, 171, 978, 913, 344, 15.07%, 0, 2, 3, 32.49, 97314, 3257, 0, 0
2100, 0, 171, 978, 913, 344, 15.07%, 0, 2, 3, 29.89, 97468, 3257, 0, 0
2105, 0, 171, 978, 913, 344, 15.07%, 0, 2, 3, 27.00, 97603, 3257, 0, 0
2110, 0, 171, 978, 913, 344, 15.07%, 0, 2, 3, 28.44, 97752, 3257, 0, 0
2115, 0, 171, 978, 913, 344, 15.07%, 0, 2, 3, 28.54, 97896, 3257, 0, 0
2120, 0, 171, 978, 913, 344, 15.07%, 0, 2, 3, 28.58, 98040, 3257, 0, 0
2128, 0, 177, 978, 912, 344, 15.07%, 0, 2, 3, 34.15, 98430, 3257, 0, 0
2133, 0, 177, 978, 912, 344, 15.07%, 0, 2, 3, 31.39, 98594, 3257, 0, 0
2138, 0, 177, 978, 912, 344, 15.07%, 0, 2, 3, 28.72, 98731, 3257, 0, 0
2143, 0, 177, 978, 912, 344, 15.07%, 0, 2, 3, 29.33, 98881, 3257, 0, 0
2148, 0, 177, 978, 912, 344, 15.07%, 0, 2, 3, 29.54, 99031, 3257, 0, 0
2153, 0, 840, 978, 911, 343, 15.07%, 0, 2, 3, 35.11, 99200, 3257, 0, 0
2158, 0, 184, 981, 913, 344, 15.09%, 0, 2, 3, 59.58, 99623, 3260, 0, 0
2163, 0, 184, 981, 913, 344, 15.09%, 0, 2, 3, 36.23, 99770, 3260, 0, 0
2168, 0, 184, 981, 913, 344, 15.09%, 0, 2, 3, 29.55, 99905, 3260, 0, 0
2173, 0, 184, 981, 913, 344, 15.09%, 0, 2, 3, 29.53, 100055, 3260, 0, 0
2179, 0, 184, 981, 913, 344, 15.09%, 0, 2, 3, 29.61, 100206, 3260, 0, 0
2184, 0, 184, 981, 913, 344, 15.09%, 0, 2, 3, 29.49, 100356, 3260, 0, 0
2189, 0, 188, 982, 913, 344, 15.09%, 0, 2, 3, 35.46, 100674, 3260, 0, 0
2194, 0, 188, 982, 913, 344, 15.09%, 0, 2, 3, 31.96, 100835, 3260, 0, 0
2199, 0, 188, 982, 913, 344, 15.09%, 0, 2, 3, 28.17, 100971, 3260, 0, 0
2204, 0, 188, 982, 913, 344, 15.09%, 0, 2, 3, 28.58, 101116, 3260, 0, 0
2209, 0, 188, 982, 913, 344, 15.09%, 0, 2, 3, 28.58, 101260, 3260, 0, 0
2214, 0, 188, 982, 913, 344, 15.09%, 0, 2, 3, 28.58, 101404, 3260, 0, 0
2219, 0, 444, 982, 911, 342, 15.09%, 0, 2, 3, 42.57, 101610, 3260, 0, 0
2224, 0, 743, 982, 909, 340, 15.09%, 0, 2, 3, 55.10, 101999, 3260, 0, 0
2229, 0, 743, 984, 911, 340, 15.09%, 0, 2, 3, 34.99, 102143, 3261, 0, 0
2235, 0, 743, 988, 915, 340, 15.11%, 0, 2, 3, 32.98, 102307, 3265, 0, 0
2240, 0, 743, 990, 917, 340, 15.11%, 0, 2, 3, 32.68, 102477, 3265, 0, 0
2245, 0, 743, 993, 920, 340, 15.12%, 0, 2, 3, 32.65, 102644, 3267, 0, 0
2250, 0, 743, 1002, 929, 340, 15.12%, 0, 2, 3, 32.93, 102812, 3267, 0, 0
2255, 0, 743, 1006, 933, 340, 15.12%, 0, 2, 3, 33.19, 102984, 3267, 0, 0
2260, 0, 743, 1007, 934, 340, 15.12%, 0, 2, 3, 31.67, 103141, 3267, 0, 0
2265, 0, 189, 1007, 933, 348, 15.12%, 0, 2, 3, 39.68, 103496, 3267, 0, 0
2271, 0, 189, 1007, 933, 348, 15.12%, 0, 2, 3, 31.65, 103643, 3267, 0, 0
2276, 0, 189, 1007, 933, 348, 15.12%, 0, 2, 3, 29.16, 103783, 3267, 0, 0
2281, 0, 189, 1007, 933, 348, 15.12%, 0, 2, 3, 29.61, 103936, 3267, 0, 0
2286, 0, 189, 1007, 933, 348, 15.12%, 0, 2, 3, 29.50, 104087, 3267, 0, 0
2291, 0, 189, 1007, 933, 348, 15.12%, 0, 2, 3, 29.50, 104237, 3267, 0, 0
2296, 0, 189, 1007, 933, 348, 15.12%, 0, 2, 3, 29.58, 104389, 3267, 0, 0
2301, 0, 189, 1007, 933, 348, 15.12%, 0, 2, 3, 29.69, 104540, 3267, 0, 0
2306, 0, 189, 1007, 933, 348, 15.12%, 0, 2, 3, 29.54, 104690, 3267, 0, 0
2311, 0, 189, 1007, 933, 348, 15.12%, 0, 2, 3, 29.80, 104841, 3267, 0, 0
2317, 0, 806, 1007, 932, 347, 15.12%, 0, 2, 3, 204.59, 105190, 3267, 0, 0
2322, 0, 806, 1007, 932, 347, 15.12%, 0, 2, 3, 24.68, 105342, 3267, 0, 0
2327, 0, 806, 1007, 932, 347, 15.12%, 0, 2, 3, 25.76, 105478, 3267, 0, 0
2332, 0, 806, 1007, 932, 347, 15.12%, 0, 2, 3, 27.98, 105622, 3267, 0, 0
2337, 0, 806, 1007, 932, 347, 15.12%, 0, 2, 3, 28.50, 105766, 3267, 0, 0
2342, 0, 806, 1007, 932, 347, 15.12%, 0, 2, 3, 28.59, 105910, 3267, 0, 0
2347, 0, 806, 1008, 933, 347, 15.12%, 0, 2, 3, 28.10, 106055, 3267, 0, 0
2352, 0, 806, 1008, 933, 347, 15.12%, 0, 2, 3, 27.45, 106185, 3267, 0, 0
2358, 0, 806, 1008, 933, 347, 15.12%, 0, 2, 3, 36.37, 106373, 3267, 0, 0
2363, 0, 806, 1008, 933, 347, 15.12%, 0, 2, 3, 28.92, 106673, 3267, 0, 0
2368, 0, 806, 1008, 933, 347, 15.12%, 0, 2, 3, 176.79, 107045, 3267, 0, 0
2373, 0, 195, 1008, 932, 347, 15.12%, 0, 2, 3, 23.87, 107380, 3267, 0, 0
2378, 0, 195, 1008, 932, 347, 15.12%, 0, 2, 3, 26.80, 107525, 3267, 0, 0
2383, 0, 195, 1008, 932, 347, 15.12%, 0, 2, 3, 29.00, 107672, 3267, 0, 0
2388, 0, 195, 1008, 932, 347, 15.12%, 0, 2, 3, 29.86, 107825, 3267, 0, 0
2394, 0, 195, 1008, 932, 347, 15.12%, 0, 2, 3, 30.02, 107981, 3267, 0, 0
2399, 0, 456, 1008, 931, 346, 15.12%, 0, 2, 3, 43.18, 108192, 3267, 0, 0
2404, 0, 198, 1009, 929, 344, 15.12%, 0, 2, 3, 72.49, 108672, 3268, 0, 0
2409, 0, 198, 1009, 929, 344, 15.12%, 0, 2, 3, 40.86, 108824, 3268, 0, 0
2414, 0, 198, 1011, 931, 344, 15.12%, 0, 2, 3, 30.48, 108961, 3268, 0, 0
2419, 0, 198, 1011, 931, 344, 15.12%, 0, 2, 3, 29.11, 109108, 3268, 0, 0
2424, 0, 198, 1011, 931, 344, 15.12%, 0, 2, 3, 28.75, 109252, 3268, 0, 0
2429, 0, 198, 1011, 931, 344, 15.12%, 0, 2, 3, 28.61, 109396, 3268, 0, 0
2435, 0, 198, 1012, 932, 344, 15.13%, 0, 2, 3, 30.04, 109551, 3270, 0, 0
2440, 0, 200, 1012, 931, 344, 15.13%, 0, 2, 3, 35.43, 109874, 3270, 0, 0
2445, 0, 200, 1012, 931, 344, 15.13%, 0, 2, 3, 30.85, 110019, 3270, 0, 0
2450, 0, 200, 1012, 931, 344, 15.13%, 0, 2, 3, 29.53, 110163, 3270, 0, 0
2455, 0, 200, 1012, 931, 344, 15.13%, 0, 2, 3, 29.61, 110312, 3270, 0, 0
2460, 0, 200, 1012, 931, 344, 15.13%, 0, 2, 3, 29.67, 110463, 3270, 0, 0
2465, 0, 200, 1012, 931, 344, 15.13%, 0, 2, 3, 29.36, 110614, 3270, 0, 0
2470, 0, 971, 1013, 931, 343, 15.13%, 0, 2, 3, 34.30, 110923, 3270, 0, 0
2475, 0, 971, 1013, 931, 343, 15.13%, 0, 2, 3, 29.11, 111065, 3270, 0, 0
2481, 0, 971, 1013, 931, 343, 15.13%, 0, 2, 3, 28.55, 111208, 3270, 0, 0
2486, 0, 971, 1013, 931, 343, 15.13%, 0, 2, 3, 29.02, 111358, 3270, 0, 0
2491, 0, 971, 1013, 931, 343, 15.13%, 0, 2, 3, 29.25, 111508, 3270, 0, 0
2498, 0, 204, 1015, 932, 344, 15.16%, 0, 2, 3, 39.81, 111917, 3277, 0, 0
2503, 0, 204, 1015, 932, 344, 15.16%, 0, 2, 3, 32.90, 112082, 3277, 0, 0
2508, 0, 204, 1015, 932, 344, 15.16%, 0, 2, 3, 28.62, 112217, 3277, 0, 0
2513, 0, 204, 1015, 932, 344, 15.16%, 0, 2, 3, 28.62, 112361, 3277, 0, 0
2518, 0, 204, 1015, 932, 344, 15.16%, 0, 2, 3, 28.81, 112505, 3277, 0, 0
2524, 0, 204, 1015, 932, 344, 15.16%, 0, 2, 3, 28.89, 112655, 3277, 0, 0
2529, 0, 206, 1017, 932, 344, 15.18%, 0, 2, 3, 50.97, 113084, 3280, 0, 0
2534, 0, 206, 1017, 932, 344, 15.18%, 0, 2, 3, 35.10, 113248, 3280, 0, 0
2540, 0, 206, 1017, 932, 344, 15.18%, 0, 2, 3, 29.28, 113388, 3280, 0, 0
2545, 0, 206, 1017, 932, 344, 15.18%, 0, 2, 3, 29.49, 113540, 3280, 0, 0
2550, 0, 206, 1017, 932, 344, 15.18%, 0, 2, 3, 29.53, 113690, 3280, 0, 0
2555, 0, 206, 1017, 932, 344, 15.18%, 0, 2, 3, 29.55, 113840, 3280, 0, 0
2561, 0, 207, 1018, 931, 342, 15.18%, 0, 2, 3, 45.40, 114231, 3280, 0, 0
2566, 0, 207, 1018, 931, 342, 15.18%, 0, 2, 3, 33.81, 114385, 3280, 0, 0
2571, 0, 207, 1018, 931, 342, 15.18%, 0, 2, 3, 28.97, 114524, 3280, 0, 0
2576, 0, 207, 1018, 931, 342, 15.18%, 0, 2, 3, 29.40, 114676, 3280, 0, 0
2581, 0, 207, 1018, 931, 342, 15.18%, 0, 2, 3, 29.54, 114827, 3280, 0, 0
2586, 0, 207, 1018, 931, 342, 15.18%, 0, 2, 3, 29.36, 114976, 3280, 0, 0
2593, 0, 621, 1019, 931, 341, 15.18%, 0, 2, 3, 31.51, 115308, 3280, 0, 0
2598, 0, 237, 1029, 938, 339, 15.19%, 0, 2, 3, 38.20, 115537, 3283, 0, 0
2603, 0, 237, 1039, 948, 339, 15.19%, 0, 2, 3, 29.81, 115632, 3283, 0, 0
2609, 0, 237, 1059, 968, 339, 15.24%, 0, 2, 3, 32.60, 115798, 3293, 0, 0
2614, 0, 237, 1077, 986, 339, 16.50%, 0, 2, 3, 31.02, 115943, 3565, 0, 0
2619, 0, 237, 1092, 1001, 339, 17.05%, 0, 2, 3, 28.22, 116072, 3685, 0, 0
2624, 0, 237, 1104, 1013, 339, 17.05%, 0, 2, 3, 25.56, 116181, 3685, 0, 0
2629, 0, 237, 1130, 1039, 339, 17.30%, 0, 2, 3, 47.33, 116400, 3738, 0, 0
2635, 0, 237, 1161, 1070, 339, 17.59%, 0, 2, 3, 62.43, 116649, 3801, 0, 0
2640, 0, 237, 1187, 1096, 339, 17.65%, 0, 2, 3, 50.86, 116858, 3815, 0, 0
2645, 0, 237, 1208, 1117, 339, 17.66%, 0, 2, 3, 40.72, 117027, 3816, 0, 0
2651, 0, 237, 1238, 1147, 339, 17.89%, 0, 2, 3, 54.14, 117273, 3865, 0, 0
2656, 0, 237, 1268, 1177, 339, 17.97%, 0, 2, 3, 50.65, 117513, 3884, 0, 0
2661, 0, 237, 1294, 1203, 339, 18.01%, 0, 2, 3, 49.44, 117724, 3892, 0, 0
2666, 0, 237, 1310, 1219, 339, 18.02%, 0, 2, 3, 38.54, 117855, 3895, 0, 0
2672, 0, 237, 1321, 1230, 339, 18.05%, 0, 2, 3, 28.04, 117944, 3900, 0, 0
2677, 0, 237, 1338, 1247, 339, 18.06%, 0, 2, 3, 30.21, 118082, 3903, 0, 0
2682, 0, 237, 1359, 1268, 339, 18.09%, 0, 2, 3, 33.68, 118252, 3909, 0, 0
2687, 0, 237, 1377, 1286, 339, 18.09%, 0, 2, 3, 30.92, 118397, 3909, 0, 0
2693, 0, 237, 1397, 1306, 339, 18.09%, 0, 2, 3, 31.04, 118559, 3909, 0, 0
2698, 0, 237, 1422, 1331, 339, 18.13%, 0, 2, 3, 39.36, 118760, 3918, 0, 0
2703, 0, 237, 1443, 1352, 339, 18.17%, 0, 2, 3, 39.35, 118930, 3927, 0, 0
2708, 0, 237, 1462, 1371, 339, 18.23%, 0, 2, 3, 37.90, 119089, 3940, 0, 0
2713, 0, 237, 1481, 1390, 339, 18.37%, 0, 2, 3, 32.13, 119241, 3970, 0, 0
2718, 0, 237, 1495, 1404, 339, 18.44%, 0, 2, 3, 26.62, 119353, 3985, 0, 0
2724, 0, 237, 1510, 1419, 339, 18.45%, 0, 2, 3, 26.58, 119480, 3986, 0, 0
2729, 0, 237, 1523, 1432, 339, 18.45%, 0, 2, 3, 25.29, 119586, 3986, 0, 0
2734, 0, 237, 1532, 1441, 339, 18.45%, 0, 2, 3, 21.25, 119658, 3986, 0, 0
2739, 0, 212, 1535, 1444, 458, 18.45%, 0, 2, 3, 122.57, 120111, 3986, 0, 0
2744, 0, 212, 1535, 1444, 458, 18.45%, 0, 2, 3, 27.78, 120263, 3986, 0, 0
2749, 0, 212, 1535, 1444, 458, 18.45%, 0, 2, 3, 29.10, 120413, 3986, 0, 0
2754, 0, 212, 1535, 1444, 458, 18.45%, 0, 2, 3, 30.02, 120566, 3986, 0, 0
2759, 0, 212, 1535, 1444, 458, 18.45%, 0, 2, 3, 27.14, 120701, 3986, 0, 0
2764, 0, 212, 1535, 1444, 458, 18.45%, 0, 2, 3, 29.26, 120856, 3986, 0, 0
2770, 0, 761, 1535, 1443, 457, 18.45%, 0, 2, 3, 35.70, 121187, 3986, 0, 0
2775, 0, 761, 1535, 1443, 457, 18.45%, 0, 2, 3, 31.24, 121341, 3986, 0, 0
2780, 0, 761, 1535, 1443, 457, 18.45%, 0, 2, 3, 27.62, 121477, 3986, 0, 0
2785, 0, 761, 1535, 1443, 457, 18.45%, 0, 2, 3, 28.54, 121625, 3986, 0, 0
2790, 0, 761, 1535, 1443, 457, 18.45%, 0, 2, 3, 28.50, 121769, 3986, 0, 0
2795, 0, 761, 1535, 1443, 457, 18.45%, 0, 2, 3, 28.58, 121913, 3986, 0, 0
2800, 0, 216, 1537, 1443, 457, 18.46%, 0, 2, 3, 55.83, 122344, 3988, 0, 0
2805, 0, 216, 1537, 1443, 457, 18.46%, 0, 2, 3, 35.59, 122504, 3988, 0, 0
2810, 0, 216, 1537, 1443, 457, 18.46%, 0, 2, 3, 33.10, 122663, 3988, 0, 0
2816, 0, 216, 1537, 1443, 457, 18.46%, 0, 2, 3, 32.97, 122831, 3988, 0, 0
2821, 0, 407, 1537, 1442, 456, 18.46%, 0, 2, 3, 39.93, 123036, 3988, 0, 0
2826, 0, 746, 1538, 1440, 454, 18.46%, 0, 2, 3, 60.24, 123462, 3989, 0, 0
2831, 0, 746, 1538, 1440, 454, 18.46%, 0, 2, 3, 52.58, 123618, 3989, 0, 0
2836, 0, 746, 1538, 1440, 454, 18.46%, 0, 2, 3, 50.18, 123770, 3989, 0, 0
2841, 0, 746, 1538, 1440, 454, 18.46%, 0, 2, 3, 36.42, 123938, 3989, 0, 0
2847, 0, 1066, 1539, 1439, 452, 18.46%, 0, 2, 3, 50.19, 124350, 3989, 0, 0
2853, 0, 1066, 1539, 1439, 452, 18.46%, 0, 2, 3, 34.36, 124503, 3989, 0, 0
2858, 0, 1066, 1539, 1439, 452, 18.46%, 0, 2, 3, 27.98, 124637, 3989, 0, 0
2863, 0, 1066, 1539, 1439, 452, 18.46%, 0, 2, 3, 29.49, 124794, 3989, 0, 0
2868, 0, 1066, 1539, 1439, 452, 18.46%, 0, 2, 3, 29.49, 124945, 3989, 0, 0
2873, 0, 1066, 1539, 1439, 452, 18.46%, 0, 2, 3, 29.86, 125101, 3989, 0, 0
2878, 0, 1066, 1539, 1439, 452, 18.46%, 0, 2, 3, 29.62, 125253, 3989, 0, 0
2883, 0, 1066, 1539, 1439, 452, 18.46%, 0, 2, 3, 29.55, 125403, 3989, 0, 0
2889, 0, 1066, 1541, 1441, 452, 18.46%, 0, 2, 3, 28.51, 125550, 3989, 0, 0
2894, 0, 1066, 1543, 1443, 452, 18.48%, 0, 2, 3, 27.34, 125683, 3994, 0, 0
2899, 0, 1066, 1548, 1448, 452, 18.53%, 0, 2, 3, 28.97, 125834, 4005, 0, 0
2904, 0, 1066, 1550, 1450, 452, 18.54%, 0, 2, 3, 29.60, 125984, 4007, 0, 0
2909, 0, 1066, 1550, 1450, 452, 18.54%, 0, 2, 3, 29.71, 126136, 4007, 0, 0
2914, 0, 1066, 1551, 1451, 452, 18.56%, 0, 2, 3, 29.69, 126288, 4011, 0, 0
2919, 0, 1066, 1551, 1451, 452, 18.56%, 0, 2, 3, 30.89, 126444, 4011, 0, 0
2924, 0, 1066, 1552, 1452, 452, 18.57%, 0, 2, 3, 30.99, 126598, 4012, 0, 0
2929, 0, 1066, 1552, 1452, 452, 18.57%, 0, 2, 3, 57.22, 126886, 4012, 0, 0
2935, 0, 1066, 1552, 1452, 452, 18.57%, 0, 2, 3, 42.85, 127131, 4012, 0, 0
2940, 0, 1066, 1553, 1453, 452, 18.57%, 0, 2, 3, 29.41, 127322, 4012, 0, 0
2945, 0, 1066, 1553, 1453, 452, 18.57%, 0, 2, 3, 29.49, 127472, 4012, 0, 0
2950, 0, 1066, 1556, 1456, 452, 18.61%, 0, 2, 3, 30.05, 127665, 4021, 0, 0
2955, 0, 1066, 1560, 1460, 452, 18.73%, 0, 2, 3, 30.04, 127821, 4048, 0, 0
2960, 0, 1066, 1560, 1460, 452, 18.73%, 0, 2, 3, 64.52, 128172, 4048, 0, 0
2965, 0, 1066, 1560, 1460, 452, 18.73%, 0, 2, 3, 73.87, 128556, 4048, 0, 0
2971, 0, 1066, 1561, 1461, 452, 18.73%, 0, 2, 3, 23.21, 128793, 4048, 0, 0
2976, 0, 1066, 1561, 1461, 452, 18.73%, 0, 2, 3, 41.56, 129033, 4048, 0, 0
2981, 0, 1066, 1561, 1461, 452, 18.73%, 0, 2, 3, 39.24, 129227, 4048, 0, 0
2986, 0, 1066, 1562, 1462, 452, 18.73%, 0, 2, 3, 42.90, 129411, 4048, 0, 0
2991, 0, 1066, 1564, 1464, 452, 18.73%, 0, 2, 3, 38.79, 129608, 4048, 0, 0
2996, 0, 1066, 1564, 1464, 452, 18.73%, 0, 2, 3, 35.52, 129789, 4048, 0, 0
3001, 0, 1066, 1564, 1464, 452, 18.73%, 0, 2, 3, 38.89, 129989, 4048, 0, 0
3006, 0, 1066, 1564, 1464, 452, 18.73%, 0, 2, 3, 43.65, 130205, 4048, 0, 0
3011, 0, 1066, 1564, 1464, 452, 18.73%, 0, 2, 3, 43.66, 130425, 4048, 0, 0
3016, 0, 1066, 1566, 1466, 452, 18.73%, 0, 2, 3, 44.14, 130627, 4048, 0, 0
3022, 0, 1066, 1566, 1466, 452, 18.73%, 0, 2, 3, 42.62, 130839, 4048, 0, 0
3027, 0, 1066, 1567, 1467, 452, 18.73%, 0, 2, 3, 39.18, 131009, 4048, 0, 0
3032, 0, 1066, 1567, 1467, 452, 18.73%, 0, 2, 3, 37.53, 131186, 4048, 0, 0
3037, 0, 1066, 1568, 1468, 452, 18.73%, 0, 2, 3, 43.27, 131398, 4048, 0, 0
3042, 0, 1066, 1568, 1468, 452, 18.73%, 0, 2, 3, 47.59, 131649, 4048, 0, 0
3047, 0, 1066, 1568, 1468, 452, 18.73%, 0, 2, 3, 44.22, 131844, 4048, 0, 0
3052, 0, 1066, 1568, 1468, 452, 18.73%, 0, 2, 3, 33.97, 132005, 4048, 0, 0
3057, 0, 1066, 1569, 1469, 452, 18.73%, 0, 2, 3, 40.83, 132201, 4048, 0, 0
3063, 0, 1066, 1569, 1469, 452, 18.73%, 0, 3, 3, 37.23, 132389, 4048, 0, 0
3068, 0, 1066, 1570, 1470, 452, 18.73%, 0, 3, 3, 35.80, 132572, 4048, 0, 0
3073, 0, 1066, 1571, 1471, 452, 18.73%, 0, 3, 3, 43.13, 132793, 4048, 0, 0
3079, 0, 1066, 1571, 1471, 452, 18.73%, 0, 3, 3, 40.40, 133002, 4048, 0, 0
3084, 0, 1066, 1571, 1471, 452, 18.73%, 0, 3, 3, 44.28, 133166, 4048, 0, 0
3089, 0, 1066, 1571, 1471, 452, 18.73%, 0, 3, 3, 42.17, 133372, 4048, 0, 0
3094, 0, 1066, 1572, 1472, 452, 18.73%, 0, 3, 3, 39.11, 133572, 4048, 0, 0
3099, 0, 1066, 1573, 1473, 452, 18.73%, 0, 3, 3, 39.60, 133774, 4048, 0, 0
3105, 0, 1066, 1573, 1473, 452, 18.73%, 0, 3, 3, 36.82, 133967, 4048, 0, 0
3110, 0, 1066, 1573, 1473, 452, 18.73%, 0, 3, 3, 40.25, 134158, 4048, 0, 0
3115, 0, 1066, 1573, 1473, 452, 18.73%, 0, 3, 3, 41.31, 134362, 4048, 0, 0
3120, 0, 1066, 1573, 1473, 452, 18.73%, 0, 3, 3, 38.19, 134547, 4048, 0, 0
3125, 0, 1066, 1573, 1473, 452, 18.73%, 0, 3, 3, 38.90, 134758, 4048, 0, 0
3130, 0, 1066, 1573, 1473, 452, 18.73%, 0, 3, 3, 42.21, 134959, 4048, 0, 0
3135, 0, 1066, 1574, 1474, 452, 18.73%, 0, 3, 3, 39.05, 135151, 4048, 0, 0
3141, 0, 1066, 1574, 1474, 452, 18.73%, 0, 3, 3, 38.85, 135348, 4048, 0, 0
3146, 0, 1066, 1574, 1474, 452, 18.73%, 0, 3, 3, 36.34, 135525, 4048, 0, 0
3151, 0, 1066, 1574, 1474, 452, 18.73%, 0, 3, 3, 41.88, 135753, 4048, 0, 0
3156, 0, 1066, 1574, 1474, 452, 18.73%, 0, 3, 3, 39.15, 135901, 4048, 0, 0
3161, 0, 1066, 1574, 1474, 452, 18.73%, 0, 3, 3, 40.95, 136112, 4048, 0, 0
3166, 0, 1066, 1574, 1474, 452, 18.73%, 0, 3, 3, 38.62, 136302, 4048, 0, 0
3171, 0, 1066, 1575, 1475, 452, 18.73%, 0, 3, 3, 37.46, 136472, 4048, 0, 0
3176, 0, 1066, 1575, 1475, 452, 18.73%, 0, 3, 3, 39.20, 136681, 4048, 0, 0
3181, 0, 1066, 1575, 1475, 452, 18.73%, 0, 3, 3, 39.92, 136898, 4048, 0, 0
3186, 0, 1066, 1575, 1475, 452, 18.73%, 0, 3, 3, 39.95, 137108, 4048, 0, 0
3191, 0, 1066, 1577, 1477, 452, 18.84%, 0, 3, 3, 40.56, 137301, 4071, 0, 0
3196, 0, 1066, 1577, 1477, 452, 18.84%, 0, 3, 3, 38.56, 137489, 4071, 0, 0
3203, 0, 1478, 1577, 1475, 456, 18.84%, 0, 3, 3, 45.88, 137878, 4071, 0, 0
3208, 0, 1478, 1577, 1475, 456, 18.84%, 0, 3, 3, 33.48, 138028, 4071, 0, 0
3213, 0, 1478, 1577, 1475, 456, 18.84%, 0, 3, 3, 27.91, 138163, 4071, 0, 0
3218, 0, 1478, 1577, 1475, 456, 18.84%, 0, 3, 3, 28.56, 138312, 4071, 0, 0
3223, 0, 1478, 1577, 1475, 456, 18.84%, 0, 3, 3, 28.56, 138456, 4071, 0, 0
3228, 0, 1478, 1577, 1475, 456, 18.84%, 0, 3, 3, 28.54, 138600, 4071, 0, 0
3234, 0, 1555, 1577, 1473, 454, 18.84%, 0, 3, 3, 46.75, 139002, 4071, 0, 0
3239, 0, 1555, 1577, 1473, 454, 18.84%, 0, 3, 3, 33.69, 139152, 4071, 0, 0
3244, 0, 1555, 1578, 1474, 454, 18.84%, 0, 3, 3, 27.80, 139291, 4072, 0, 0
3249, 0, 1555, 1578, 1474, 454, 18.84%, 0, 3, 3, 28.64, 139442, 4072, 0, 0
3254, 0, 1555, 1578, 1474, 454, 18.84%, 0, 3, 3, 28.60, 139586, 4072, 0, 0
3259, 0, 1555, 1578, 1474, 454, 18.84%, 0, 3, 3, 28.59, 139730, 4072, 0, 0
3264, 0, 1555, 1578, 1474, 454, 18.84%, 0, 3, 3, 28.60, 139874, 4072, 0, 0
3269, 0, 1555, 1578, 1474, 454, 18.84%, 0, 3, 3, 28.62, 140018, 4072, 0, 0
3274, 0, 837, 1580, 1473, 451, 18.85%, 0, 3, 3, 55.62, 140310, 4074, 0, 0
3280, 0, 970, 1581, 1472, 451, 18.86%, 0, 3, 3, 65.13, 140716, 4075, 0, 0
3285, 0, 970, 1582, 1473, 451, 18.86%, 0, 3, 3, 36.74, 140867, 4075, 0, 0
3290, 0, 970, 1582, 1473, 451, 18.86%, 0, 3, 3, 29.54, 141005, 4075, 0, 0
3295, 0, 970, 1582, 1473, 451, 18.86%, 0, 3, 3, 29.97, 141159, 4075, 0, 0
3300, 0, 970, 1582, 1473, 451, 18.86%, 0, 3, 3, 30.08, 141314, 4075, 0, 0
3305, 0, 970, 1584, 1475, 451, 18.88%, 0, 3, 3, 31.62, 141472, 4079, 0, 0
3310, 0, 1069, 1585, 1474, 451, 18.88%, 0, 3, 3, 44.66, 141831, 4080, 0, 0
3315, 0, 1069, 1585, 1474, 451, 18.88%, 0, 3, 3, 31.67, 141975, 4080, 0, 0
3321, 0, 1069, 1588, 1477, 451, 18.89%, 0, 3, 3, 29.37, 142119, 4081, 0, 0
3326, 0, 1069, 1588, 1477, 451, 18.89%, 0, 3, 3, 29.47, 142271, 4081, 0, 0
3331, 0, 1069, 1588, 1477, 451, 18.89%, 0, 3, 3, 29.44, 142421, 4081, 0, 0
3336, 0, 1069, 1588, 1477, 451, 18.89%, 0, 3, 3, 29.49, 142571, 4081, 0, 0
3341, 0, 1069, 1588, 1477, 451, 18.89%, 0, 3, 3, 29.49, 142722, 4081, 0, 0
3346, 0, 483, 1590, 1477, 450, 18.89%, 0, 3, 3, 53.76, 143144, 4083, 0, 0
3351, 0, 235, 1591, 1473, 447, 18.90%, 0, 3, 3, 64.76, 143497, 4085, 0, 0
3356, 0, 1559, 1591, 1472, 446, 18.90%, 0, 3, 3, 51.26, 143833, 4085, 0, 0
3361, 0, 1559, 1591, 1472, 446, 18.90%, 0, 3, 3, 34.62, 143978, 4085, 0, 0
3366, 0, 1559, 1592, 1473, 446, 18.91%, 0, 3, 3, 29.40, 144111, 4087, 0, 0
3372, 0, 1559, 1592, 1473, 446, 18.91%, 0, 3, 3, 28.82, 144255, 4087, 0, 0
3377, 0, 1559, 1592, 1473, 446, 18.91%, 0, 3, 3, 28.64, 144399, 4087, 0, 0
3382, 0, 1243, 1592, 1471, 445, 18.91%, 0, 3, 3, 39.51, 144597, 4087, 0, 0
3387, 0, 1430, 1595, 1473, 444, 18.91%, 0, 3, 3, 38.37, 144816, 4087, 0, 0
3392, 0, 1214, 1595, 1471, 443, 18.91%, 0, 3, 3, 51.50, 145067, 4087, 0, 0
3397, 0, 1481, 1595, 1470, 442, 18.91%, 0, 3, 3, 49.30, 145416, 4087, 0, 0
3402, 0, 1481, 1595, 1470, 442, 18.91%, 0, 3, 3, 34.15, 145561, 4087, 0, 0
3407, 0, 1481, 1595, 1470, 442, 18.91%, 0, 3, 3, 29.19, 145698, 4087, 0, 0
3413, 0, 1576, 1596, 1470, 441, 18.91%, 0, 3, 3, 36.82, 146021, 4087, 0, 0
3419, 0, 1576, 1597, 1471, 441, 18.91%, 0, 3, 3, 32.81, 146180, 4087, 0, 0
3424, 0, 1576, 1600, 1474, 441, 18.93%, 0, 3, 3, 28.83, 146321, 4090, 0, 0
3429, 0, 1576, 1600, 1474, 441, 18.93%, 0, 3, 3, 29.29, 146465, 4090, 0, 0
3434, 0, 1576, 1601, 1475, 441, 18.93%, 0, 3, 3, 31.72, 146624, 4090, 0, 0
3439, 0, 1576, 1605, 1479, 441, 19.04%, 0, 3, 3, 41.98, 146848, 4114, 0, 0
3444, 0, 1576, 1606, 1480, 441, 19.04%, 0, 3, 3, 48.91, 147093, 4114, 0, 0
3449, 0, 1576, 1606, 1480, 441, 19.04%, 0, 3, 3, 46.58, 147348, 4114, 0, 0
3454, 0, 1576, 1608, 1482, 441, 19.05%, 0, 3, 3, 53.87, 147603, 4116, 0, 0
3460, 0, 1576, 1610, 1484, 441, 19.06%, 0, 3, 3, 55.43, 147890, 4118, 0, 0
3465, 0, 1576, 1610, 1484, 441, 19.06%, 0, 4, 3, 8.31, 148004, 4118, 0, 0
3470, 0, 1550, 1610, 1482, 444, 19.06%, 0, 4, 3, 56.29, 148356, 4118, 0, 0
3475, 0, 1550, 1610, 1482, 444, 19.06%, 0, 4, 3, 34.93, 148498, 4118, 0, 0
3480, 0, 1550, 1611, 1483, 444, 19.06%, 0, 4, 3, 29.55, 148637, 4119, 0, 0
3485, 0, 1550, 1611, 1483, 444, 19.06%, 0, 4, 3, 28.86, 148781, 4119, 0, 0
3490, 0, 1550, 1611, 1483, 444, 19.06%, 0, 4, 3, 28.56, 148930, 4119, 0, 0
3496, 0, 245, 1611, 1482, 444, 19.06%, 0, 4, 3, 34.08, 149102, 4119, 0, 0
3501, 0, 753, 1611, 1480, 442, 19.06%, 0, 4, 3, 48.20, 149516, 4119, 0, 0
3506, 0, 753, 1611, 1480, 442, 19.06%, 0, 4, 3, 34.49, 149668, 4119, 0, 0
3511, 0, 753, 1611, 1480, 442, 19.06%, 0, 4, 3, 29.77, 149822, 4119, 0, 0
3516, 0, 753, 1615, 1484, 442, 19.10%, 0, 4, 3, 29.90, 149978, 4127, 0, 0
3521, 0, 753, 1616, 1485, 442, 19.31%, 0, 4, 3, 32.07, 150143, 4172, 0, 0
3527, 0, 753, 1618, 1487, 442, 19.33%, 0, 4, 3, 129.33, 150409, 4176, 0, 0
3532, 0, 753, 1619, 1488, 442, 19.34%, 0, 4, 3, 56.12, 150574, 4179, 0, 0
3537, 0, 753, 1620, 1489, 442, 19.35%, 0, 4, 3, 158.09, 150909, 4181, 0, 0
3542, 0, 914, 1620, 1487, 447, 19.35%, 0, 4, 3, 89.88, 151252, 4181, 0, 0
3547, 0, 967, 1622, 1487, 446, 19.36%, 0, 4, 3, 78.90, 151672, 4183, 0, 0
3552, 0, 967, 1622, 1487, 446, 19.36%, 0, 4, 3, 22.11, 151817, 4183, 0, 0
3557, 0, 967, 1622, 1487, 446, 19.36%, 0, 4, 3, 26.26, 151950, 4183, 0, 0
3562, 0, 967, 1622, 1487, 446, 19.36%, 0, 4, 3, 28.89, 152103, 4183, 0, 0
3568, 0, 1615, 1622, 1486, 445, 19.36%, 0, 4, 3, 31.60, 152422, 4183, 0, 0
3573, 0, 1615, 1622, 1486, 445, 19.36%, 0, 4, 3, 28.87, 152566, 4183, 0, 0
3578, 0, 1615, 1622, 1486, 445, 19.36%, 0, 4, 3, 32.89, 152737, 4183, 0, 0
3583, 0, 1615, 1622, 1486, 445, 19.36%, 0, 4, 3, 26.74, 152867, 4183, 0, 0
3588, 0, 1552, 1623, 1485, 443, 19.36%, 0, 4, 3, 52.02, 153297, 4183, 0, 0
3593, 0, 1552, 1624, 1486, 443, 19.36%, 0, 4, 3, 34.86, 153453, 4184, 0, 0
3599, 0, 1552, 1626, 1488, 443, 19.36%, 0, 4, 3, 28.09, 153597, 4184, 0, 0
3604, 0, 1552, 1626, 1488, 443, 19.36%, 0, 4, 3, 29.49, 153753, 4184, 0, 0
3609, 0, 1552, 1626, 1488, 443, 19.36%, 0, 4, 3, 29.60, 153904, 4184, 0, 0
3614, 0, 1552, 1626, 1488, 443, 19.36%, 0, 4, 3, 29.46, 154053, 4184, 0, 0
3619, 0, 252, 1627, 1488, 443, 19.36%, 0, 4, 3, 47.81, 154296, 4184, 0, 0
3624, 0, 1044, 1627, 1487, 442, 19.36%, 0, 4, 3, 46.07, 154627, 4184, 0, 0
3629, 0, 1044, 1630, 1490, 442, 19.36%, 0, 4, 3, 28.49, 154731, 4184, 0, 0
3635, 0, 1044, 1632, 1492, 442, 19.36%, 0, 4, 3, 20.99, 154820, 4184, 0, 0
3640, 0, 1044, 1634, 1494, 442, 19.36%, 0, 4, 3, 19.26, 154914, 4184, 0, 0
3645, 0, 1044, 1634, 1494, 442, 19.36%, 0, 4, 3, 17.94, 155002, 4184, 0, 0
3650, 0, 1044, 1634, 1494, 442, 19.36%, 0, 4, 3, 17.65, 155090, 4184, 0, 0
3655, 0, 1044, 1634, 1494, 442, 19.36%, 0, 4, 3, 18.54, 155182, 4184, 0, 0
3660, 0, 256, 1634, 1489, 439, 19.36%, 0, 4, 3, 76.18, 155551, 4184, 0, 0
3665, 0, 423, 1634, 1486, 436, 19.36%, 0, 4, 3, 73.94, 155928, 4184, 0, 0
3670, 0, 987, 1635, 1485, 435, 19.37%, 0, 4, 3, 65.04, 156315, 4186, 0, 0
3675, 0, 987, 1636, 1486, 435, 19.37%, 0, 4, 3, 18.45, 156464, 4186, 0, 0
3681, 0, 987, 1637, 1487, 435, 19.37%, 0, 4, 3, 27.91, 156620, 4186, 0, 0
3686, 0, 987, 1637, 1487, 435, 19.37%, 0, 4, 3, 30.76, 156781, 4186, 0, 0
3691, 0, 987, 1639, 1489, 435, 19.37%, 0, 4, 3, 31.47, 156941, 4186, 0, 0
3696, 0, 987, 1640, 1490, 435, 19.37%, 0, 4, 3, 31.08, 157097, 4186, 0, 0
3701, 0, 987, 1645, 1495, 435, 19.39%, 0, 4, 3, 28.17, 157242, 4189, 0, 0
3706, 0, 987, 1649, 1499, 435, 19.40%, 0, 4, 3, 30.70, 157401, 4192, 0, 0
3711, 0, 987, 1658, 1508, 435, 19.43%, 0, 4, 3, 31.36, 157566, 4199, 0, 0
3716, 0, 987, 1659, 1509, 435, 19.43%, 0, 4, 3, 48.59, 157794, 4199, 0, 0
3722, 0, 987, 1667, 1517, 435, 19.46%, 0, 4, 3, 37.81, 157970, 4206, 0, 0
3727, 0, 987, 1672, 1522, 435, 19.47%, 0, 4, 3, 33.88, 158137, 4207, 0, 0
3732, 0, 987, 1673, 1523, 435, 19.47%, 0, 4, 3, 107.27, 158497, 4207, 0, 0
3737, 0, 987, 1673, 1523, 435, 19.47%, 0, 5, 3, 52.77, 158623, 4207, 0, 0
3740, 0, 987, 1673, 1523, 435, 19.47%, 0, 5, 3, 45.30, 158768, 4207, 0, 0
3914, 0, 1462, 2136, 1986, 435, 19.99%, 0, 5, 3, 44.59, 162776, 4320, 0, 0
3919, 0, 1462, 2136, 1986, 435, 19.99%, 0, 5, 3, 31.56, 162914, 4320, 0, 0
3924, 0, 1462, 2136, 1986, 435, 19.99%, 0, 5, 3, 26.62, 163039, 4320, 0, 0
3929, 0, 1462, 2136, 1986, 435, 19.99%, 0, 5, 3, 28.05, 163178, 4320, 0, 0
3934, 0, 1462, 2136, 1986, 435, 19.99%, 0, 5, 3, 28.62, 163328, 4320, 0, 0
3939, 0, 1462, 2136, 1986, 435, 19.99%, 0, 5, 3, 28.32, 163472, 4320, 0, 0
3944, 0, 1462, 2136, 1986, 435, 19.99%, 0, 5, 3, 26.88, 163605, 4320, 0, 0
3949, 0, 1462, 2136, 1986, 435, 19.99%, 0, 5, 3, 40.35, 163789, 4320, 0, 0
3955, 0, 1674, 2136, 1985, 262, 19.99%, 0, 5, 3, 39.10, 164258, 4320, 0, 0
3960, 0, 1674, 2137, 1986, 262, 19.99%, 0, 5, 3, 28.44, 164365, 4320, 0, 0
3965, 0, 1674, 2137, 1986, 262, 19.99%, 0, 5, 3, 24.15, 164471, 4320, 0, 0
3970, 0, 1674, 2137, 1986, 262, 19.99%, 0, 5, 3, 22.51, 164581, 4320, 0, 0
3975, 0, 1674, 2137, 1986, 262, 19.99%, 0, 5, 3, 22.12, 164691, 4320, 0, 0
3980, 0, 1674, 2137, 1986, 262, 19.99%, 0, 5, 3, 38.71, 164883, 4320, 0, 0
3985, 0, 1674, 2137, 1986, 262, 19.99%, 0, 5, 3, 45.06, 165108, 4320, 0, 0
3990, 0, 1675, 2137, 1985, 262, 19.99%, 0, 5, 3, 11.07, 165358, 4320, 0, 0
3995, 0, 1675, 2137, 1985, 262, 19.99%, 0, 5, 3, 14.08, 165436, 4320, 0, 0
4001, 0, 1675, 2137, 1985, 262, 19.99%, 0, 5, 3, 14.36, 165507, 4320, 0, 0
4006, 0, 1675, 2138, 1986, 262, 19.99%, 0, 5, 3, 13.59, 165572, 4320, 0, 0
4011, 0, 1675, 2138, 1986, 262, 19.99%, 0, 5, 3, 11.79, 165631, 4320, 0, 0
4016, 0, 1675, 2138, 1986, 262, 19.99%, 0, 5, 3, 10.78, 165685, 4320, 0, 0
4021, 0, 1675, 2138, 1986, 262, 19.99%, 0, 5, 3, 10.53, 165739, 4320, 0, 0
4026, 0, 1675, 2138, 1986, 262, 19.99%, 0, 5, 3, 10.44, 165793, 4320, 0, 0
4032, 0, 1675, 2138, 1986, 262, 19.99%, 0, 5, 3, 10.42, 165847, 4320, 0, 0
4037, 0, 1675, 2138, 1986, 262, 19.99%, 0, 5, 3, 10.42, 165901, 4320, 0, 0
4042, 0, 1675, 2138, 1986, 262, 19.99%, 0, 5, 3, 10.36, 165954, 4320, 0, 0
4047, 0, 1675, 2138, 1986, 262, 19.99%, 0, 5, 3, 10.41, 166008, 4320, 0, 0
4053, 0, 1675, 2139, 1987, 262, 20.00%, 0, 5, 3, 10.41, 166067, 4321, 0, 0
4058, 0, 1675, 2139, 1987, 262, 20.00%, 0, 5, 3, 9.94, 166119, 4321, 0, 0
4063, 0, 1675, 2139, 1987, 262, 20.00%, 0, 5, 3, 24.66, 166252, 4321, 0, 0
4068, 0, 1675, 2140, 1988, 262, 20.00%, 0, 5, 3, 26.55, 166396, 4321, 0, 0
4073, 0, 1675, 2140, 1988, 262, 20.00%, 0, 5, 3, 30.08, 166544, 4321, 0, 0
4078, 0, 1675, 2141, 1989, 262, 20.00%, 0, 5, 3, 31.92, 166681, 4321, 0, 0
4083, 0, 1675, 2141, 1989, 262, 20.00%, 0, 5, 3, 29.71, 166824, 4321, 0, 0
4089, 0, 1675, 2141, 1989, 262, 20.00%, 0, 5, 3, 27.98, 166965, 4321, 0, 0
4094, 0, 1675, 2141, 1989, 262, 20.00%, 0, 5, 3, 30.87, 167124, 4321, 0, 0
4099, 0, 1675, 2141, 1989, 262, 20.00%, 0, 5, 3, 32.14, 167311, 4321, 0, 0
4104, 0, 1675, 2141, 1989, 262, 20.00%, 0, 5, 3, 34.82, 167493, 4321, 0, 0
4109, 0, 1675, 2141, 1989, 262, 20.00%, 0, 5, 3, 27.22, 167609, 4321, 0, 0
4114, 0, 1675, 2141, 1989, 262, 20.00%, 0, 5, 3, 34.57, 167791, 4321, 0, 0
4119, 0, 1675, 2142, 1990, 262, 20.00%, 0, 5, 3, 31.02, 167927, 4321, 0, 0
4124, 0, 1675, 2142, 1990, 262, 20.00%, 0, 5, 3, 29.19, 168075, 4321, 0, 0
4129, 0, 1675, 2142, 1990, 262, 20.00%, 0, 5, 3, 28.57, 168220, 4321, 0, 0
4134, 0, 1675, 2142, 1990, 262, 20.00%, 0, 5, 3, 34.35, 168397, 4321, 0, 0
4140, 0, 1675, 2142, 1990, 262, 20.00%, 0, 5, 3, 31.64, 168544, 4321, 0, 0
4145, 0, 1675, 2142, 1990, 262, 20.00%, 0, 5, 3, 32.33, 168705, 4321, 0, 0
4150, 0, 1675, 2142, 1990, 262, 20.00%, 0, 5, 3, 34.97, 168875, 4321, 0, 0
4155, 0, 1675, 2142, 1990, 262, 20.00%, 0, 5, 3, 32.56, 169030, 4321, 0, 0
4160, 0, 1675, 2142, 1990, 262, 20.00%, 0, 5, 3, 33.09, 169185, 4321, 0, 0
4165, 0, 1675, 2143, 1991, 262, 20.00%, 0, 5, 3, 33.33, 169337, 4321, 0, 0
4170, 0, 1675, 2143, 1991, 262, 20.00%, 0, 5, 3, 34.15, 169522, 4321, 0, 0
4176, 0, 1675, 2143, 1991, 262, 20.00%, 0, 5, 3, 39.50, 169727, 4321, 0, 0
4181, 0, 1675, 2144, 1992, 262, 20.00%, 0, 5, 3, 35.01, 169905, 4321, 0, 0
4186, 0, 1675, 2144, 1992, 262, 20.00%, 0, 5, 3, 31.89, 170056, 4321, 0, 0
4191, 0, 1675, 2144, 1992, 262, 20.00%, 0, 5, 3, 32.93, 170239, 4321, 0, 0
4196, 0, 1675, 2145, 1993, 262, 20.00%, 0, 5, 3, 36.25, 170440, 4321, 0, 0
4201, 0, 1675, 2145, 1993, 262, 20.00%, 0, 6, 3, 7.09, 170586, 4321, 0, 0
4206, 0, 1675, 2146, 1994, 262, 20.00%, 0, 6, 3, 26.56, 170749, 4321, 0, 0
4212, 0, 1675, 2146, 1994, 262, 20.00%, 0, 6, 3, 33.80, 170947, 4321, 0, 0
4217, 0, 1675, 2146, 1994, 262, 20.00%, 0, 6, 3, 33.72, 171111, 4321, 0, 0
4222, 0, 1675, 2146, 1994, 262, 20.00%, 0, 6, 3, 35.17, 171283, 4321, 0, 0
4227, 0, 1675, 2146, 1994, 262, 20.00%, 0, 6, 3, 33.96, 171456, 4321, 0, 0
4232, 0, 1675, 2146, 1994, 262, 20.00%, 0, 6, 3, 34.32, 171621, 4321, 0, 0
4237, 0, 1675, 2146, 1994, 262, 20.00%, 0, 6, 3, 29.99, 171770, 4321, 0, 0
4242, 0, 1675, 2147, 1995, 262, 20.00%, 0, 6, 3, 31.53, 171925, 4321, 0, 0
4247, 0, 1675, 2147, 1995, 262, 20.00%, 0, 6, 3, 33.36, 172095, 4321, 0, 0
4252, 0, 1675, 2147, 1995, 262, 20.00%, 0, 6, 3, 36.28, 172290, 4321, 0, 0
4257, 0, 1675, 2147, 1995, 262, 20.00%, 0, 6, 3, 34.63, 172464, 4321, 0, 0
4262, 0, 1675, 2147, 1995, 262, 20.00%, 0, 6, 3, 32.97, 172617, 4321, 0, 0
4267, 0, 1675, 2147, 1995, 262, 20.00%, 0, 6, 3, 37.89, 172811, 4321, 0, 0
4273, 0, 1675, 2147, 1995, 262, 20.00%, 0, 6, 3, 36.19, 172999, 4321, 0, 0
4278, 0, 1675, 2148, 1996, 262, 20.00%, 0, 6, 3, 32.33, 173149, 4321, 0, 0
4283, 0, 1675, 2148, 1996, 262, 20.00%, 0, 6, 3, 30.52, 173301, 4321, 0, 0
4288, 0, 1675, 2148, 1996, 262, 20.00%, 0, 6, 3, 26.51, 173439, 4321, 0, 0
4293, 0, 1676, 2148, 1995, 265, 20.00%, 0, 6, 3, 34.08, 173658, 4321, 0, 0
4298, 0, 1676, 2150, 1997, 265, 20.00%, 0, 6, 3, 20.76, 173718, 4321, 0, 0
4304, 0, 1676, 2150, 1997, 265, 20.00%, 0, 6, 3, 11.44, 173762, 4321, 0, 0
4309, 0, 1676, 2150, 1997, 265, 20.00%, 0, 6, 3, 9.20, 173806, 4321, 0, 0
4314, 0, 1676, 2150, 1997, 265, 20.00%, 0, 6, 3, 8.63, 173850, 4321, 0, 0
4319, 0, 1676, 2150, 1997, 265, 20.00%, 0, 6, 3, 10.52, 173904, 4321, 0, 0
4324, 0, 1676, 2151, 1998, 265, 20.00%, 0, 6, 3, 53.77, 174016, 4321, 0, 0
4329, 0, 1676, 2152, 1999, 265, 20.00%, 0, 6, 3, 32.53, 174130, 4321, 0, 0
4335, 0, 1676, 2154, 2001, 265, 20.00%, 0, 6, 3, 30.54, 174257, 4321, 0, 0
4340, 0, 1676, 2155, 2002, 265, 20.00%, 0, 6, 3, 30.33, 174392, 4321, 0, 0
4345, 0, 1676, 2155, 2002, 265, 20.00%, 0, 6, 3, 36.59, 174587, 4321, 0, 0
4350, 0, 1676, 2155, 2002, 265, 20.00%, 0, 6, 3, 35.57, 174763, 4321, 0, 0
4355, 0, 1676, 2155, 2002, 265, 20.00%, 0, 6, 3, 36.14, 174938, 4321, 0, 0
4360, 0, 1676, 2155, 2002, 265, 20.00%, 0, 6, 3, 36.78, 175123, 4321, 0, 0
4365, 0, 1676, 2155, 2002, 265, 20.00%, 0, 7, 3, 5.33, 175269, 4321, 0, 0
4370, 0, 1676, 2155, 2002, 265, 20.00%, 0, 7, 3, 33.68, 175408, 4321, 0, 0
4376, 0, 1676, 2155, 2002, 265, 20.00%, 0, 7, 3, 32.73, 175578, 4321, 0, 0
4381, 0, 1676, 2155, 2002, 265, 20.00%, 0, 7, 3, 33.63, 175738, 4321, 0, 0
4386, 0, 1676, 2155, 2002, 265, 20.00%, 0, 7, 3, 31.42, 175889, 4321, 0, 0
4391, 0, 1676, 2156, 2003, 265, 20.00%, 0, 7, 3, 32.02, 176037, 4321, 0, 0
4396, 0, 1676, 2156, 2003, 265, 20.00%, 0, 7, 3, 27.57, 176171, 4321, 0, 0
4401, 0, 1676, 2156, 2003, 265, 20.00%, 0, 7, 3, 30.70, 176315, 4321, 0, 0
4406, 0, 1676, 2156, 2003, 265, 20.00%, 0, 7, 3, 32.12, 176475, 4321, 0, 0
4411, 0, 1676, 2156, 2003, 265, 20.00%, 0, 7, 3, 33.47, 176646, 4321, 0, 0
4416, 0, 1676, 2156, 2003, 265, 20.00%, 0, 7, 3, 39.83, 176863, 4321, 0, 0
4422, 0, 1676, 2156, 2003, 265, 20.00%, 0, 7, 3, 31.10, 177010, 4321, 0, 0
4427, 0, 1676, 2157, 2004, 265, 20.00%, 0, 7, 3, 33.67, 177175, 4321, 0, 0
4432, 0, 1676, 2157, 2004, 265, 20.00%, 0, 7, 3, 33.69, 177336, 4321, 0, 0
4437, 0, 1676, 2157, 2004, 265, 20.00%, 0, 7, 3, 34.81, 177511, 4321, 0, 0
4442, 0, 1676, 2157, 2004, 265, 20.00%, 0, 7, 3, 31.13, 177658, 4321, 0, 0
4447, 0, 1676, 2157, 2004, 265, 20.00%, 0, 7, 3, 32.98, 177826, 4321, 0, 0
4452, 0, 1676, 2157, 2004, 265, 20.00%, 0, 7, 3, 28.62, 177965, 4321, 0, 0
4457, 0, 1676, 2157, 2004, 265, 20.00%, 0, 7, 3, 35.69, 178151, 4321, 0, 0
4462, 0, 1676, 2157, 2004, 265, 20.00%, 0, 7, 3, 38.67, 178330, 4321, 0, 0
4468, 0, 1676, 2157, 2004, 265, 20.00%, 0, 7, 3, 34.81, 178492, 4321, 0, 0
4473, 0, 1676, 2157, 2004, 265, 20.00%, 0, 7, 3, 32.29, 178635, 4321, 0, 0
4478, 0, 1676, 2157, 2004, 265, 20.00%, 0, 7, 3, 32.37, 178804, 4321, 0, 0
4484, 0, 1676, 2158, 2005, 265, 20.00%, 0, 7, 3, 31.48, 178965, 4321, 0, 0
4489, 0, 1676, 2158, 2005, 265, 20.00%, 0, 7, 3, 28.75, 179103, 4321, 0, 0
4494, 0, 1676, 2158, 2005, 265, 20.00%, 0, 7, 3, 37.21, 179289, 4321, 0, 0
4499, 0, 1676, 2158, 2005, 265, 20.00%, 0, 7, 3, 33.20, 179449, 4321, 0, 0
4504, 0, 1676, 2159, 2006, 265, 20.00%, 0, 7, 3, 41.44, 179649, 4321, 0, 0
4509, 0, 1676, 2159, 2006, 265, 20.00%, 0, 7, 3, 35.03, 179797, 4321, 0, 0
4514, 0, 1676, 2159, 2006, 265, 20.00%, 0, 7, 3, 36.44, 179980, 4321, 0, 0
4519, 0, 1676, 2159, 2006, 265, 20.00%, 0, 7, 3, 33.81, 180136, 4321, 0, 0
4524, 0, 1676, 2159, 2006, 265, 20.00%, 0, 7, 3, 41.23, 180337, 4321, 0, 0
4530, 0, 1676, 2159, 2006, 265, 20.00%, 0, 7, 3, 37.26, 180518, 4321, 0, 0
4535, 0, 1676, 2159, 2006, 265, 20.00%, 0, 7, 3, 36.66, 180689, 4321, 0, 0
4540, 0, 1676, 2159, 2006, 265, 20.00%, 0, 7, 3, 35.26, 180851, 4321, 0, 0
4545, 0, 1676, 2159, 2006, 265, 20.00%, 0, 7, 3, 33.14, 181011, 4321, 0, 0
4550, 0, 1676, 2159, 2006, 265, 20.00%, 0, 7, 3, 32.48, 181170, 4321, 0, 0
4555, 0, 1676, 2159, 2006, 265, 20.00%, 0, 7, 3, 28.19, 181291, 4321, 0, 0
4560, 0, 1676, 2159, 2006, 265, 20.00%, 0, 7, 3, 39.35, 181494, 4321, 0, 0
4565, 0, 1676, 2160, 2007, 265, 20.00%, 0, 7, 3, 84.79, 181679, 4321, 0, 0
4571, 0, 1676, 2160, 2007, 265, 20.00%, 0, 7, 3, 31.27, 181878, 4321, 0, 0
4577, 0, 1680, 2161, 2007, 269, 20.00%, 0, 7, 3, 31.25, 182085, 4321, 0, 0
4582, 0, 1680, 2162, 2008, 269, 20.00%, 0, 7, 3, 43.15, 182295, 4321, 0, 0
4587, 0, 1680, 2162, 2008, 269, 20.00%, 0, 8, 3, 42.79, 182551, 4321, 0, 0
4592, 0, 1683, 2163, 2008, 269, 20.00%, 0, 8, 3, 43.87, 182821, 4321, 0, 0
4597, 0, 1683, 2163, 2008, 269, 20.00%, 0, 8, 3, 44.77, 183030, 4321, 0, 0
4602, 0, 1683, 2163, 2008, 269, 20.00%, 0, 8, 3, 45.02, 183261, 4321, 0, 0
4608, 0, 1683, 2174, 2019, 269, 20.00%, 0, 8, 3, 42.81, 183460, 4321, 0, 0
4613, 0, 1683, 2178, 2023, 269, 20.00%, 0, 8, 3, 42.74, 183679, 4321, 0, 0
4618, 0, 1683, 2178, 2023, 269, 20.00%, 0, 8, 3, 49.25, 183954, 4321, 0, 0
4623, 0, 1683, 2179, 2024, 269, 20.00%, 0, 8, 3, 56.30, 184243, 4321, 0, 0
4628, 0, 1683, 2180, 2025, 269, 20.00%, 0, 8, 3, 50.28, 184456, 4321, 0, 0
4633, 0, 1683, 2181, 2026, 269, 20.00%, 0, 8, 3, 49.35, 184668, 4321, 0, 0
4638, 0, 1683, 2181, 2026, 269, 20.00%, 0, 8, 3, 48.28, 184925, 4321, 0, 0
4644, 0, 1683, 2183, 2028, 269, 20.00%, 0, 8, 3, 52.36, 185192, 4321, 0, 0
4649, 0, 1683, 2185, 2030, 269, 20.00%, 0, 8, 3, 55.36, 185456, 4321, 0, 0
4654, 0, 1683, 2186, 2031, 269, 20.00%, 0, 8, 3, 50.99, 185702, 4321, 0, 0
4659, 0, 1683, 2187, 2032, 269, 20.00%, 0, 8, 3, 56.51, 185970, 4321, 0, 0
4664, 0, 1683, 2188, 2033, 269, 20.00%, 0, 8, 3, 50.77, 186216, 4321, 0, 0
4669, 0, 1683, 2188, 2033, 269, 20.00%, 0, 8, 3, 47.37, 186442, 4321, 0, 0
4674, 0, 1683, 2189, 2034, 269, 20.00%, 0, 8, 3, 46.09, 186677, 4321, 0, 0
4679, 0, 1683, 2190, 2035, 269, 20.00%, 0, 8, 3, 49.52, 186934, 4321, 0, 0
4685, 0, 1683, 2190, 2035, 269, 20.00%, 0, 8, 3, 65.98, 187180, 4321, 0, 0
4690, 0, 1683, 2190, 2035, 269, 20.00%, 0, 8, 3, 53.49, 187433, 4321, 0, 0
4695, 0, 1683, 2191, 2036, 269, 20.00%, 0, 8, 3, 47.40, 187643, 4321, 0, 0
4700, 0, 1683, 2193, 2038, 269, 20.00%, 0, 8, 3, 48.47, 187913, 4321, 0, 0
4705, 0, 1683, 2193, 2038, 269, 20.00%, 0, 8, 3, 46.86, 188149, 4321, 0, 0
4710, 0, 1683, 2193, 2038, 269, 20.00%, 0, 8, 3, 47.86, 188381, 4321, 0, 0
4715, 0, 1683, 2194, 2039, 269, 20.00%, 0, 8, 3, 45.71, 188609, 4321, 0, 0
4720, 0, 1683, 2196, 2041, 269, 20.00%, 0, 8, 3, 53.17, 188876, 4321, 0, 0
4726, 0, 1683, 2196, 2041, 269, 20.00%, 0, 8, 3, 58.49, 189102, 4321, 0, 0
4731, 0, 1683, 2196, 2041, 269, 20.00%, 0, 8, 3, 52.85, 189367, 4321, 0, 0
4736, 0, 1683, 2197, 2042, 269, 20.00%, 0, 8, 3, 48.95, 189598, 4321, 0, 0
4741, 0, 1683, 2197, 2042, 269, 20.00%, 0, 8, 3, 52.94, 189867, 4321, 0, 0
4746, 0, 1683, 2197, 2042, 269, 20.00%, 0, 8, 3, 74.08, 190072, 4321, 0, 0
4751, 0, 1683, 2197, 2042, 269, 20.00%, 0, 8, 3, 84.52, 190319, 4321, 0, 0
4756, 0, 1683, 2197, 2042, 269, 20.00%, 0, 8, 3, 62.37, 190572, 4321, 0, 0
4761, 0, 1683, 2197, 2042, 269, 20.00%, 0, 8, 3, 50.02, 190816, 4321, 0, 0
4767, 0, 1683, 2197, 2042, 269, 20.00%, 0, 8, 3, 52.42, 191075, 4321, 0, 0
4772, 0, 1683, 2197, 2042, 269, 20.00%, 0, 8, 3, 53.95, 191341, 4321, 0, 0
4777, 0, 1683, 2197, 2042, 269, 20.00%, 0, 8, 3, 49.65, 191582, 4321, 0, 0
4782, 0, 1683, 2197, 2042, 269, 20.00%, 0, 8, 3, 44.82, 191803, 4321, 0, 0
4787, 0, 1683, 2197, 2042, 269, 20.00%, 0, 8, 3, 52.64, 192089, 4321, 0, 0
4792, 0, 1683, 2197, 2042, 269, 20.00%, 0, 8, 3, 47.92, 192329, 4321, 0, 0
4797, 0, 1683, 2197, 2042, 269, 20.00%, 0, 8, 3, 53.56, 192603, 4321, 0, 0
4802, 0, 1683, 2199, 2044, 269, 20.00%, 0, 8, 3, 53.50, 192873, 4321, 0, 0
4808, 0, 1683, 2200, 2045, 269, 20.00%, 0, 8, 3, 54.19, 193143, 4321, 0, 0
4813, 0, 1683, 2200, 2045, 269, 20.00%, 0, 8, 3, 49.69, 193385, 4321, 0, 0
4818, 0, 1683, 2200, 2045, 269, 20.00%, 0, 8, 3, 53.54, 193654, 4321, 0, 0
4823, 0, 1683, 2200, 2045, 269, 20.00%, 0, 8, 3, 53.12, 193932, 4321, 0, 0
4828, 0, 1683, 2200, 2045, 269, 20.00%, 0, 8, 3, 46.96, 194174, 4321, 0, 0
4833, 0, 1683, 2200, 2045, 269, 20.00%, 0, 8, 3, 45.07, 194396, 4321, 0, 0
4838, 0, 1683, 2202, 2047, 269, 20.01%, 0, 8, 3, 50.02, 194659, 4323, 0, 0
4843, 0, 1683, 2203, 2048, 269, 20.01%, 0, 8, 3, 44.70, 194877, 4323, 0, 0
4849, 0, 1683, 2203, 2048, 269, 20.01%, 0, 8, 3, 49.39, 195134, 4323, 0, 0
4854, 0, 1683, 2204, 2049, 269, 20.01%, 0, 8, 3, 68.38, 195371, 4323, 0, 0
4859, 0, 1683, 2205, 2050, 269, 20.01%, 0, 8, 3, 62.00, 195610, 4323, 0, 0
4864, 0, 1683, 2206, 2051, 269, 20.01%, 0, 8, 3, 56.37, 195895, 4323, 0, 0
4869, 0, 1683, 2206, 2051, 269, 20.01%, 0, 8, 3, 58.65, 196199, 4323, 0, 0
4874, 0, 1683, 2206, 2051, 269, 20.01%, 0, 8, 3, 51.47, 196447, 4323, 0, 0
4880, 0, 1683, 2206, 2051, 269, 20.01%, 0, 8, 3, 56.66, 196739, 4323, 0, 0
4885, 0, 1683, 2206, 2051, 269, 20.01%, 0, 8, 3, 55.28, 197020, 4323, 0, 0
4890, 0, 1683, 2206, 2051, 269, 20.01%, 0, 8, 3, 56.09, 197297, 4323, 0, 0
4895, 0, 1683, 2206, 2051, 269, 20.01%, 0, 8, 3, 57.74, 197593, 4323, 0, 0
4900, 0, 1683, 2206, 2051, 269, 20.01%, 0, 8, 3, 53.15, 197849, 4323, 0, 0
4905, 0, 1683, 2206, 2051, 269, 20.01%, 0, 8, 3, 49.09, 198072, 4323, 0, 0
4910, 0, 1683, 2206, 2051, 269, 20.01%, 0, 8, 3, 45.48, 198286, 4323, 0, 0
4915, 0, 1683, 2206, 2051, 269, 20.01%, 0, 8, 3, 48.75, 198529, 4323, 0, 0
4921, 0, 1683, 2207, 2052, 269, 20.01%, 0, 8, 3, 43.68, 198755, 4323, 0, 0
4926, 0, 1683, 2208, 2053, 269, 20.01%, 0, 8, 3, 50.08, 199014, 4323, 0, 0
4932, 0, 1683, 2208, 2053, 269, 20.01%, 0, 8, 3, 55.27, 199302, 4323, 0, 0
4937, 0, 1683, 2208, 2053, 269, 20.01%, 0, 8, 3, 55.83, 199578, 4323, 0, 0
4942, 0, 1683, 2208, 2053, 269, 20.01%, 0, 8, 3, 54.43, 199847, 4323, 0, 0
4947, 0, 1683, 2208, 2053, 269, 20.01%, 0, 8, 3, 53.59, 200115, 4323, 0, 0
4952, 0, 1683, 2208, 2053, 269, 20.01%, 0, 8, 3, 48.06, 200370, 4323, 0, 0
4957, 0, 1683, 2208, 2053, 269, 20.01%, 0, 8, 3, 49.32, 200614, 4323, 0, 0
4962, 0, 1683, 2208, 2053, 269, 20.01%, 0, 8, 3, 49.19, 200873, 4323, 0, 0
4967, 0, 1683, 2209, 2054, 269, 20.01%, 0, 8, 3, 48.79, 201090, 4323, 0, 0
4973, 0, 1683, 2209, 2054, 269, 20.01%, 0, 8, 3, 46.19, 201328, 4323, 0, 0
4978, 0, 1683, 2209, 2054, 269, 20.01%, 0, 8, 3, 50.96, 201581, 4323, 0, 0
4983, 0, 1683, 2209, 2054, 269, 20.01%, 0, 8, 3, 54.13, 201837, 4323, 0, 0
4988, 0, 1683, 2209, 2054, 269, 20.01%, 0, 8, 3, 49.42, 202082, 4323, 0, 0
4993, 0, 1683, 2210, 2055, 269, 20.01%, 0, 8, 3, 48.27, 202299, 4323, 0, 0
4998, 0, 1683, 2210, 2055, 269, 20.01%, 0, 8, 3, 51.21, 202560, 4323, 0, 0
5003, 0, 1683, 2211, 2056, 269, 20.01%, 0, 8, 3, 57.86, 202849, 4323, 0, 0
5008, 0, 1683, 2211, 2056, 269, 20.01%, 0, 8, 3, 53.58, 203071, 4323, 0, 0
5013, 0, 1683, 2212, 2057, 269, 20.01%, 0, 8, 3, 52.88, 203330, 4323, 0, 0
5019, 0, 1683, 2212, 2057, 269, 20.01%, 0, 8, 3, 50.29, 203540, 4323, 0, 0
5024, 0, 1683, 2212, 2057, 269, 20.01%, 0, 8, 3, 50.38, 203788, 4323, 0, 0
5029, 0, 1683, 2212, 2057, 269, 20.01%, 0, 8, 3, 21.48, 204048, 4323, 0, 0
5034, 0, 1683, 2213, 2058, 269, 20.01%, 0, 8, 3, 46.93, 204308, 4323, 0, 0
5039, 0, 1683, 2213, 2058, 269, 20.01%, 0, 8, 3, 48.25, 204544, 4323, 0, 0
5044, 0, 1683, 2214, 2059, 269, 20.01%, 0, 8, 3, 41.65, 204737, 4323, 0, 0
5049, 0, 1683, 2214, 2059, 269, 20.01%, 0, 8, 3, 52.43, 205008, 4323, 0, 0
5054, 0, 1683, 2214, 2059, 269, 20.01%, 0, 8, 3, 49.45, 205243, 4323, 0, 0
5059, 0, 1683, 2215, 2060, 269, 20.01%, 0, 8, 3, 45.79, 205472, 4323, 0, 0
5064, 0, 1683, 2215, 2060, 269, 20.01%, 0, 8, 3, 50.06, 205712, 4323, 0, 0
5070, 0, 1683, 2215, 2060, 269, 20.01%, 0, 8, 3, 53.49, 205974, 4323, 0, 0
5075, 0, 1683, 2215, 2060, 269, 20.01%, 0, 8, 3, 50.81, 206235, 4323, 0, 0
5080, 0, 1683, 2215, 2060, 269, 20.01%, 0, 8, 3, 53.36, 206503, 4323, 0, 0
5085, 0, 1683, 2215, 2060, 269, 20.01%, 0, 8, 3, 49.38, 206737, 4323, 0, 0
5090, 0, 1683, 2215, 2060, 269, 20.01%, 0, 8, 3, 42.25, 206949, 4323, 0, 0
5095, 0, 1683, 2215, 2060, 269, 20.01%, 0, 8, 3, 42.43, 207172, 4323, 0, 0
5100, 0, 1683, 2215, 2060, 269, 20.01%, 0, 8, 3, 53.39, 207459, 4323, 0, 0
5105, 0, 1683, 2216, 2061, 269, 20.01%, 0, 8, 3, 46.08, 207690, 4324, 0, 0
5110, 0, 1683, 2216, 2061, 269, 20.01%, 0, 8, 3, 53.05, 207966, 4324, 0, 0
5115, 0, 1683, 2216, 2061, 269, 20.01%, 0, 8, 3, 50.98, 208224, 4324, 0, 0
5121, 0, 1683, 2216, 2061, 269, 20.01%, 0, 8, 3, 52.98, 208477, 4324, 0, 0
5126, 0, 1683, 2216, 2061, 269, 20.01%, 0, 8, 3, 62.92, 208720, 4324, 0, 0
5131, 0, 1683, 2216, 2061, 269, 20.01%, 0, 8, 3, 49.52, 208938, 4324, 0, 0
5136, 0, 1683, 2216, 2061, 269, 20.01%, 0, 8, 3, 49.32, 209180, 4324, 0, 0
5141, 0, 1683, 2216, 2061, 269, 20.01%, 0, 8, 3, 53.78, 209457, 4324, 0, 0
5146, 0, 1683, 2217, 2062, 269, 20.01%, 0, 8, 3, 53.35, 209705, 4324, 0, 0
5151, 0, 1683, 2217, 2062, 269, 20.01%, 0, 8, 3, 50.43, 209948, 4324, 0, 0
5156, 0, 1683, 2218, 2063, 269, 20.03%, 0, 8, 3, 52.74, 210230, 4329, 0, 0
5161, 0, 1683, 2219, 2064, 269, 20.03%, 0, 8, 3, 75.59, 210540, 4329, 0, 0
5166, 0, 1683, 2219, 2064, 269, 20.03%, 0, 8, 3, 56.20, 210783, 4329, 0, 0
5172, 0, 1683, 2219, 2064, 269, 20.03%, 0, 8, 3, 31.42, 211027, 4329, 0, 0
5177, 0, 1683, 2219, 2064, 269, 20.03%, 0, 8, 3, 48.40, 211285, 4329, 0, 0
5182, 0, 1683, 2219, 2064, 269, 20.03%, 0, 8, 3, 49.44, 211529, 4329, 0, 0
5187, 0, 1683, 2219, 2064, 269, 20.03%, 0, 8, 3, 54.86, 211811, 4329, 0, 0
5192, 0, 1683, 2227, 2071, 268, 20.03%, 0, 8, 3, 40.68, 211982, 4329, 0, 0
5197, 0, 1683, 2238, 2082, 268, 20.03%, 0, 8, 3, 31.10, 212075, 4329, 0, 0
5203, 0, 1683, 2251, 2095, 268, 20.03%, 0, 8, 3, 27.14, 212184, 4329, 0, 0
5208, 0, 1683, 2264, 2108, 268, 20.03%, 0, 8, 3, 24.64, 212290, 4329, 0, 0
5213, 0, 1683, 2283, 2127, 268, 20.11%, 0, 8, 3, 31.67, 212448, 4345, 0, 0
5218, 0, 1683, 2298, 2142, 268, 20.11%, 0, 8, 3, 33.43, 212569, 4345, 0, 0
5224, 0, 1683, 2309, 2153, 268, 20.12%, 0, 8, 3, 26.93, 212660, 4348, 0, 0
5230, 0, 1683, 2318, 2162, 268, 20.12%, 0, 8, 3, 23.03, 212740, 4348, 0, 0
5235, 0, 1683, 2327, 2171, 268, 20.12%, 0, 8, 3, 21.93, 212817, 4348, 0, 0
5240, 0, 1683, 2347, 2191, 268, 20.13%, 0, 8, 3, 33.25, 212978, 4350, 0, 0
5245, 0, 1683, 2362, 2206, 268, 20.14%, 0, 8, 3, 30.75, 213103, 4352, 0, 0
5251, 0, 1683, 2373, 2217, 268, 20.14%, 0, 8, 3, 26.28, 213198, 4352, 0, 0
5256, 0, 1685, 2375, 2219, 327, 20.14%, 0, 8, 3, 29.43, 213489, 4352, 0, 0
5261, 0, 1685, 2376, 2220, 327, 20.14%, 0, 8, 3, 24.79, 213593, 4352, 0, 0
5266, 0, 1685, 2376, 2220, 327, 20.14%, 0, 8, 3, 21.99, 213696, 4352, 0, 0
5271, 0, 1685, 2376, 2220, 327, 20.14%, 0, 8, 3, 22.89, 213814, 4352, 0, 0
5276, 0, 1685, 2376, 2220, 327, 20.14%, 0, 8, 3, 22.72, 213929, 4352, 0, 0
5281, 0, 1685, 2376, 2220, 327, 20.14%, 0, 8, 3, 22.76, 214044, 4352, 0, 0
5286, 0, 1685, 2376, 2220, 327, 20.14%, 0, 8, 3, 22.87, 214159, 4352, 0, 0
5291, 0, 1685, 2376, 2220, 327, 20.14%, 0, 8, 3, 22.90, 214274, 4352, 0, 0
5296, 0, 1685, 2376, 2220, 327, 20.14%, 0, 8, 3, 105.65, 214550, 4352, 0, 0
5301, 0, 1692, 2377, 2220, 327, 20.14%, 0, 8, 3, 91.14, 214909, 4352, 0, 0
5307, 0, 1692, 2378, 2221, 327, 20.14%, 0, 8, 3, 36.35, 215107, 4352, 0, 0
5312, 0, 1692, 2378, 2221, 327, 20.14%, 0, 8, 3, 52.93, 215407, 4352, 0, 0
5317, 0, 1695, 2379, 2221, 327, 20.14%, 0, 8, 3, 57.82, 215699, 4352, 0, 0
5322, 0, 1695, 2383, 2225, 327, 20.14%, 0, 8, 3, 59.15, 215939, 4352, 0, 0
5327, 0, 1695, 2385, 2227, 327, 20.14%, 0, 8, 3, 73.64, 216316, 4352, 0, 0
5332, 0, 1695, 2385, 2227, 327, 20.14%, 0, 8, 3, 69.08, 216643, 4352, 0, 0
5337, 0, 1695, 2386, 2228, 327, 20.14%, 0, 8, 3, 10.53, 216981, 4352, 0, 0
5342, 0, 1695, 2387, 2229, 327, 20.14%, 0, 8, 3, 68.54, 217331, 4352, 0, 0
5347, 0, 1695, 2388, 2230, 327, 20.14%, 0, 8, 3, 63.46, 217649, 4352, 0, 0
5353, 0, 1695, 2388, 2230, 327, 20.14%, 0, 8, 3, 67.69, 218001, 4352, 0, 0
5358, 0, 1695, 2389, 2231, 327, 20.14%, 0, 8, 3, 74.94, 218380, 4352, 0, 0
5363, 0, 1695, 2389, 2231, 327, 20.14%, 0, 8, 3, 66.27, 218696, 4352, 0, 0
5368, 0, 1695, 2390, 2232, 327, 20.14%, 0, 8, 3, 76.32, 219092, 4352, 0, 0
5373, 0, 1695, 2390, 2232, 327, 20.14%, 0, 8, 3, 72.46, 219464, 4352, 0, 0
5378, 0, 1695, 2390, 2232, 327, 20.14%, 0, 8, 3, 76.71, 219860, 4352, 0, 0
5383, 0, 1695, 2390, 2232, 327, 20.14%, 0, 8, 3, 70.80, 220209, 4352, 0, 0
5388, 0, 1695, 2390, 2232, 327, 20.14%, 0, 8, 3, 74.05, 220584, 4352, 0, 0
5393, 0, 1695, 2391, 2233, 327, 20.14%, 0, 8, 3, 73.94, 220955, 4352, 0, 0
5398, 0, 1695, 2391, 2233, 327, 20.14%, 0, 8, 3, 68.83, 221292, 4352, 0, 0
5403, 0, 1695, 2391, 2233, 327, 20.14%, 0, 8, 3, 69.72, 221615, 4352, 0, 0
5409, 0, 1695, 2392, 2234, 327, 20.14%, 0, 8, 3, 70.87, 221977, 4352, 0, 0
5414, 0, 1695, 2392, 2234, 327, 20.14%, 0, 8, 3, 67.83, 222304, 4352, 0, 0
5419, 0, 1696, 2393, 2234, 331, 20.14%, 0, 8, 3, 60.86, 222568, 4352, 0, 0
5424, 0, 1696, 2393, 2234, 331, 20.14%, 0, 8, 3, 68.94, 222891, 4352, 0, 0
5429, 0, 1706, 2393, 2233, 331, 20.14%, 0, 8, 3, 70.98, 223282, 4352, 0, 0
5434, 0, 1706, 2393, 2233, 331, 20.14%, 0, 8, 3, 17.90, 223401, 4352, 0, 0
5439, 0, 1706, 2393, 2233, 331, 20.14%, 0, 8, 3, 18.95, 223497, 4352, 0, 0
5444, 0, 1706, 2394, 2234, 331, 20.14%, 0, 8, 3, 17.45, 223575, 4352, 0, 0
5449, 0, 1706, 2395, 2235, 331, 20.14%, 0, 8, 3, 17.57, 223668, 4352, 0, 0
5455, 0, 1706, 2395, 2235, 331, 20.14%, 0, 8, 3, 17.27, 223756, 4352, 0, 0
5460, 0, 1706, 2395, 2235, 331, 20.14%, 0, 8, 3, 17.23, 223844, 4352, 0, 0
5465, 0, 1706, 2395, 2235, 331, 20.14%, 0, 8, 3, 17.39, 223932, 4352, 0, 0
5470, 0, 1706, 2395, 2235, 331, 20.14%, 0, 8, 3, 17.39, 224020, 4352, 0, 0
5475, 0, 1706, 2395, 2235, 331, 20.14%, 0, 8, 3, 17.24, 224108, 4352, 0, 0
5480, 0, 1706, 2395, 2235, 331, 20.14%, 0, 8, 3, 17.21, 224196, 4352, 0, 0
5485, 0, 1706, 2395, 2235, 331, 20.14%, 0, 8, 3, 17.01, 224284, 4352, 0, 0
5490, 0, 1706, 2395, 2235, 331, 20.14%, 0, 8, 3, 17.15, 224372, 4352, 0, 0
5495, 0, 1706, 2395, 2235, 331, 20.14%, 0, 8, 3, 17.12, 224460, 4352, 0, 0
5501, 0, 1706, 2395, 2235, 331, 20.14%, 0, 8, 3, 33.61, 224650, 4352, 0, 0
5506, 0, 1706, 2396, 2236, 331, 20.14%, 0, 8, 3, 34.52, 224844, 4352, 0, 0
5511, 0, 1706, 2398, 2238, 331, 20.14%, 0, 8, 3, 35.73, 225029, 4352, 0, 0
5516, 0, 1706, 2398, 2238, 331, 20.14%, 0, 8, 3, 36.02, 225218, 4352, 0, 0
5521, 0, 1706, 2399, 2239, 331, 20.14%, 0, 8, 3, 45.22, 225409, 4352, 0, 0
5527, 0, 1706, 2399, 2239, 331, 20.14%, 0, 8, 3, 64.54, 225645, 4352, 0, 0
5532, 0, 1706, 2399, 2239, 331, 20.14%, 0, 8, 3, 26.14, 225817, 4352, 0, 0
5537, 0, 1706, 2399, 2239, 331, 20.14%, 0, 8, 3, 36.57, 226008, 4352, 0, 0
5542, 0, 1706, 2400, 2240, 331, 20.14%, 0, 8, 3, 42.18, 226208, 4352, 0, 0
5547, 0, 1706, 2400, 2240, 331, 20.14%, 0, 8, 3, 35.09, 226370, 4352, 0, 0
5552, 0, 1706, 2401, 2241, 331, 20.14%, 0, 8, 3, 36.23, 226549, 4352, 0, 0
5557, 0, 1706, 2401, 2241, 331, 20.14%, 0, 8, 3, 37.24, 226740, 4352, 0, 0
5562, 0, 1706, 2402, 2242, 331, 20.14%, 0, 8, 3, 38.39, 226948, 4352, 0, 0
5568, 0, 1706, 2403, 2243, 331, 20.14%, 0, 8, 3, 35.08, 227111, 4352, 0, 0
5573, 0, 1706, 2403, 2243, 331, 20.14%, 0, 8, 3, 33.78, 227279, 4352, 0, 0
5578, 0, 1706, 2403, 2243, 331, 20.14%, 0, 8, 3, 38.15, 227479, 4352, 0, 0
5580, 0, 1706, 2404, 2244, 331, 20.16%, 0, 8, 3, 39.27, 227555, 4356, 0, 0
