# relative_time, cycles_done, cur_item, corpus_count, pending_total, pending_favs, map_size, saved_crashes, saved_hangs, max_depth, execs_per_sec, total_execs, edges_found, total_crashes, servers_count
61, 0, 1, 90, 90, 27, 20.29%, 0, 0, 2, 44.26, 3230, 630, 0, 0
66, 0, 1, 95, 95, 27, 20.48%, 0, 0, 2, 44.30, 3454, 636, 0, 0
71, 0, 1, 97, 97, 27, 20.61%, 0, 0, 2, 43.73, 3671, 640, 0, 0
77, 0, 1, 100, 100, 27, 20.71%, 0, 0, 2, 43.81, 3896, 643, 0, 0
82, 0, 1, 102, 102, 27, 20.81%, 0, 0, 2, 43.94, 4121, 646, 0, 0
87, 0, 1, 103, 103, 27, 20.84%, 0, 0, 2, 43.91, 4343, 647, 0, 0
92, 0, 1, 103, 103, 27, 20.84%, 0, 0, 2, 43.87, 4568, 647, 0, 0
97, 0, 1, 106, 106, 27, 20.84%, 0, 0, 2, 44.69, 4799, 647, 0, 0
102, 0, 1, 106, 106, 27, 20.84%, 0, 0, 2, 44.24, 5024, 647, 0, 0
107, 0, 1, 106, 106, 27, 20.84%, 0, 0, 2, 44.01, 5249, 647, 0, 0
112, 0, 1, 107, 107, 27, 20.84%, 0, 0, 2, 43.67, 5465, 647, 0, 0
117, 0, 1, 107, 107, 27, 20.84%, 0, 0, 2, 43.84, 5690, 647, 0, 0
122, 0, 1, 107, 107, 27, 20.84%, 0, 0, 2, 43.82, 5915, 647, 0, 0
128, 0, 1, 108, 108, 27, 20.84%, 0, 0, 2, 44.33, 6141, 647, 0, 0
133, 0, 1, 109, 109, 27, 20.84%, 0, 0, 2, 44.57, 6372, 647, 0, 0
138, 0, 1, 110, 110, 27, 20.84%, 0, 0, 2, 44.61, 6602, 647, 0, 0
143, 0, 1, 110, 110, 27, 20.84%, 0, 0, 2, 44.57, 6827, 647, 0, 0
148, 0, 1, 111, 111, 27, 20.84%, 0, 0, 2, 44.67, 7054, 647, 0, 0
153, 0, 1, 111, 111, 27, 20.84%, 0, 0, 2, 44.16, 7279, 647, 0, 0
158, 0, 1, 114, 114, 27, 20.87%, 0, 0, 2, 44.16, 7503, 648, 0, 0
163, 0, 1, 114, 114, 27, 20.87%, 0, 0, 2, 44.50, 7728, 648, 0, 0
168, 0, 1, 116, 116, 27, 20.87%, 0, 0, 2, 44.35, 7954, 648, 0, 0
173, 0, 1, 117, 117, 27, 20.87%, 0, 0, 2, 44.20, 8175, 648, 0, 0
178, 0, 1, 120, 120, 27, 20.87%, 0, 0, 2, 44.03, 8402, 648, 0, 0
184, 0, 1, 121, 121, 27, 20.87%, 0, 0, 2, 43.57, 8618, 648, 0, 0
189, 0, 1, 122, 122, 27, 20.90%, 0, 0, 2, 44.23, 8844, 649, 0, 0
194, 0, 1, 122, 122, 27, 20.90%, 0, 0, 2, 44.35, 9069, 649, 0, 0
199, 0, 1, 124, 124, 27, 20.90%, 0, 0, 2, 42.97, 9282, 649, 0, 0
204, 0, 1, 125, 125, 27, 20.90%, 0, 0, 2, 43.51, 9505, 649, 0, 0
209, 0, 1, 126, 126, 27, 20.90%, 0, 0, 2, 43.80, 9728, 649, 0, 0
214, 0, 1, 126, 126, 27, 20.90%, 0, 0, 2, 43.83, 9953, 649, 0, 0
219, 0, 1, 127, 127, 27, 20.90%, 0, 0, 2, 43.14, 10168, 649, 0, 0
224, 0, 1, 128, 128, 27, 20.93%, 0, 0, 2, 43.81, 10393, 650, 0, 0
229, 0, 1, 129, 129, 27, 20.97%, 0, 0, 2, 43.88, 10620, 651, 0, 0
234, 0, 1, 129, 129, 27, 20.97%, 0, 0, 2, 43.84, 10845, 651, 0, 0
240, 0, 1, 129, 129, 27, 20.97%, 0, 0, 2, 43.85, 11070, 651, 0, 0
245, 0, 1, 130, 130, 27, 20.97%, 0, 0, 2, 43.25, 11288, 651, 0, 0
250, 0, 1, 130, 130, 27, 20.97%, 0, 0, 2, 44.31, 11514, 651, 0, 0
255, 0, 1, 131, 131, 27, 21.00%, 0, 0, 2, 44.14, 11737, 652, 0, 0
260, 0, 1, 131, 131, 27, 21.00%, 0, 0, 2, 44.15, 11963, 652, 0, 0
265, 0, 1, 131, 131, 27, 21.00%, 0, 0, 2, 43.96, 12188, 652, 0, 0
270, 0, 1, 131, 131, 27, 21.00%, 0, 0, 2, 43.88, 12413, 652, 0, 0
275, 0, 1, 132, 132, 27, 21.00%, 0, 0, 2, 43.69, 12637, 652, 0, 0
281, 0, 1, 132, 132, 27, 21.00%, 0, 0, 2, 43.98, 12862, 652, 0, 0
286, 0, 1, 132, 132, 27, 21.00%, 0, 0, 2, 43.95, 13087, 652, 0, 0
291, 0, 1, 133, 133, 27, 21.00%, 0, 0, 2, 43.92, 13312, 652, 0, 0
296, 0, 1, 133, 133, 27, 21.00%, 0, 0, 2, 43.85, 13537, 652, 0, 0
301, 0, 1, 134, 134, 27, 21.00%, 0, 0, 2, 43.93, 13763, 652, 0, 0
306, 0, 12, 137, 134, 78, 21.10%, 0, 0, 2, 43.89, 14002, 655, 0, 0
312, 0, 15, 138, 132, 75, 21.10%, 0, 0, 2, 43.92, 14230, 655, 0, 0
317, 0, 19, 138, 128, 71, 21.10%, 0, 0, 2, 43.92, 14473, 655, 0, 0
322, 0, 24, 139, 126, 68, 21.10%, 0, 0, 2, 43.23, 14695, 655, 0, 0
328, 0, 27, 142, 126, 66, 21.16%, 0, 0, 2, 43.63, 14933, 657, 0, 0
333, 0, 30, 148, 130, 67, 21.32%, 0, 0, 2, 42.33, 15149, 662, 0, 0
338, 0, 30, 157, 139, 67, 21.38%, 0, 0, 2, 38.48, 15336, 664, 0, 0
343, 0, 30, 157, 139, 67, 21.38%, 0, 0, 2, 32.27, 15495, 664, 0, 0
349, 0, 30, 159, 141, 67, 21.38%, 0, 0, 2, 30.34, 15649, 664, 0, 0
354, 0, 30, 161, 143, 67, 21.38%, 0, 0, 2, 38.42, 15840, 664, 0, 0
359, 0, 30, 173, 155, 67, 21.61%, 0, 0, 2, 39.94, 16047, 671, 0, 0
364, 0, 30, 186, 168, 67, 21.74%, 0, 0, 2, 38.77, 16232, 675, 0, 0
369, 0, 30, 197, 179, 67, 21.77%, 0, 0, 2, 38.87, 16421, 676, 0, 0
375, 0, 30, 206, 188, 67, 21.77%, 0, 0, 2, 39.34, 16607, 676, 0, 0
380, 0, 30, 216, 198, 67, 21.84%, 0, 0, 2, 39.87, 16799, 678, 0, 0
385, 0, 30, 224, 206, 67, 21.84%, 0, 0, 2, 40.30, 16988, 678, 0, 0
390, 0, 30, 231, 213, 67, 21.90%, 0, 0, 2, 39.21, 17176, 680, 0, 0
395, 0, 30, 237, 219, 67, 22.03%, 0, 0, 2, 39.33, 17364, 684, 0, 0
400, 0, 30, 243, 225, 67, 22.09%, 0, 0, 2, 37.93, 17548, 686, 0, 0
405, 0, 30, 246, 228, 67, 22.09%, 0, 0, 2, 37.91, 17735, 686, 0, 0
411, 0, 30, 252, 234, 67, 22.16%, 0, 0, 2, 39.86, 17960, 688, 0, 0
416, 0, 30, 257, 239, 67, 22.22%, 0, 0, 2, 41.11, 18183, 690, 0, 0
422, 0, 30, 263, 245, 67, 22.22%, 0, 0, 2, 41.06, 18390, 690, 0, 0
427, 0, 30, 266, 248, 67, 22.32%, 0, 0, 2, 37.95, 18565, 693, 0, 0
432, 0, 30, 268, 250, 67, 22.32%, 0, 0, 2, 39.17, 18748, 693, 0, 0
437, 0, 30, 271, 253, 67, 22.32%, 0, 0, 2, 39.60, 18948, 693, 0, 0
442, 0, 30, 273, 255, 67, 22.32%, 0, 0, 2, 38.81, 19137, 693, 0, 0
447, 0, 30, 275, 257, 67, 22.32%, 0, 0, 2, 40.20, 19341, 693, 0, 0
452, 0, 30, 276, 258, 67, 22.32%, 0, 0, 2, 41.28, 19548, 693, 0, 0
457, 0, 30, 282, 264, 67, 22.32%, 0, 0, 2, 37.18, 19721, 693, 0, 0
462, 0, 30, 285, 267, 67, 22.35%, 0, 0, 2, 38.53, 19922, 694, 0, 0
468, 0, 30, 286, 268, 67, 22.35%, 0, 0, 2, 40.61, 20129, 694, 0, 0
473, 0, 30, 289, 271, 67, 22.38%, 0, 0, 2, 41.37, 20343, 695, 0, 0
478, 0, 30, 290, 272, 67, 22.38%, 0, 0, 2, 40.81, 20556, 695, 0, 0
483, 0, 30, 293, 275, 67, 22.45%, 0, 0, 2, 40.20, 20752, 697, 0, 0
488, 0, 30, 294, 276, 67, 22.45%, 0, 0, 2, 39.68, 20954, 697, 0, 0
493, 0, 30, 295, 277, 67, 22.45%, 0, 0, 2, 41.41, 21177, 697, 0, 0
499, 0, 30, 297, 279, 67, 22.45%, 0, 0, 2, 40.50, 21367, 697, 0, 0
504, 0, 30, 300, 282, 67, 22.45%, 0, 0, 2, 40.48, 21556, 697, 0, 0
509, 0, 30, 302, 284, 67, 22.45%, 0, 0, 2, 39.50, 21757, 697, 0, 0
514, 0, 30, 307, 289, 67, 22.48%, 0, 0, 2, 38.92, 21940, 698, 0, 0
519, 0, 30, 308, 290, 67, 22.48%, 0, 0, 2, 38.52, 22133, 698, 0, 0
524, 0, 30, 310, 292, 67, 22.48%, 0, 0, 2, 39.63, 22329, 698, 0, 0
529, 0, 30, 311, 293, 67, 22.48%, 0, 0, 2, 40.41, 22512, 698, 0, 0
534, 0, 30, 312, 294, 67, 22.48%, 0, 0, 2, 39.62, 22709, 698, 0, 0
539, 0, 30, 314, 296, 67, 22.48%, 0, 0, 2, 40.97, 22919, 698, 0, 0
544, 0, 30, 317, 299, 67, 22.54%, 0, 0, 2, 39.33, 23108, 700, 0, 0
550, 0, 30, 319, 301, 67, 22.54%, 0, 0, 2, 39.52, 23324, 700, 0, 0
555, 0, 30, 321, 303, 67, 22.54%, 0, 0, 2, 39.00, 23512, 700, 0, 0
560, 0, 30, 324, 306, 67, 22.54%, 0, 0, 2, 40.50, 23716, 700, 0, 0
565, 0, 30, 325, 307, 67, 22.61%, 0, 0, 2, 40.08, 23921, 702, 0, 0
570, 0, 30, 327, 309, 67, 22.61%, 0, 0, 2, 38.95, 24106, 702, 0, 0
575, 0, 30, 327, 309, 67, 22.61%, 0, 0, 2, 39.94, 24309, 702, 0, 0
580, 0, 30, 327, 309, 67, 22.61%, 0, 0, 2, 40.94, 24518, 702, 0, 0
586, 0, 30, 327, 309, 67, 22.61%, 0, 0, 2, 40.63, 24725, 702, 0, 0
591, 0, 30, 328, 310, 67, 22.61%, 0, 0, 2, 40.57, 24935, 702, 0, 0
596, 0, 30, 330, 312, 67, 22.64%, 0, 0, 2, 40.23, 25121, 703, 0, 0
601, 0, 30, 332, 314, 67, 22.64%, 0, 0, 2, 41.40, 25325, 703, 0, 0
606, 0, 30, 332, 314, 67, 22.64%, 0, 0, 2, 41.46, 25533, 703, 0, 0
611, 0, 30, 332, 314, 67, 22.64%, 0, 0, 2, 41.12, 25746, 703, 0, 0
616, 0, 30, 333, 315, 67, 22.64%, 0, 0, 2, 39.09, 25936, 703, 0, 0
621, 0, 30, 334, 316, 67, 22.67%, 0, 0, 2, 39.16, 26140, 704, 0, 0
627, 0, 30, 336, 318, 67, 22.67%, 0, 0, 2, 38.49, 26338, 704, 0, 0
632, 0, 30, 339, 321, 67, 22.67%, 0, 0, 2, 37.44, 26537, 704, 0, 0
638, 0, 30, 340, 322, 67, 22.67%, 0, 0, 2, 39.20, 26743, 704, 0, 0
643, 0, 30, 340, 322, 67, 22.67%, 0, 0, 2, 39.33, 26943, 704, 0, 0
648, 0, 30, 342, 324, 67, 22.71%, 0, 0, 2, 39.34, 27145, 705, 0, 0
653, 0, 30, 344, 326, 67, 22.74%, 0, 0, 2, 39.26, 27350, 706, 0, 0
658, 0, 30, 344, 326, 67, 22.74%, 0, 0, 2, 39.72, 27552, 706, 0, 0
663, 0, 30, 344, 326, 67, 22.74%, 0, 0, 2, 39.52, 27750, 706, 0, 0
668, 0, 30, 345, 327, 67, 22.74%, 0, 0, 2, 39.16, 27953, 706, 0, 0
675, 0, 38, 345, 325, 85, 22.74%, 0, 0, 2, 39.62, 28233, 706, 0, 0
680, 0, 39, 350, 329, 84, 22.80%, 0, 0, 2, 40.68, 28448, 708, 0, 0
686, 0, 39, 357, 336, 84, 23.12%, 0, 0, 2, 41.91, 28669, 718, 0, 0
691, 0, 39, 362, 341, 84, 23.35%, 0, 0, 2, 41.13, 28875, 725, 0, 0
696, 0, 39, 362, 341, 84, 23.35%, 0, 0, 2, 41.37, 29085, 725, 0, 0
701, 0, 39, 363, 342, 84, 23.48%, 0, 0, 2, 40.71, 29278, 729, 0, 0
706, 0, 39, 363, 342, 84, 23.48%, 0, 0, 2, 38.16, 29481, 729, 0, 0
711, 0, 39, 363, 342, 84, 23.48%, 0, 0, 2, 37.19, 29644, 729, 0, 0
716, 0, 39, 363, 342, 84, 23.48%, 0, 0, 2, 38.76, 29850, 729, 0, 0
721, 0, 39, 363, 342, 84, 23.48%, 0, 0, 2, 36.02, 30022, 729, 0, 0
726, 0, 39, 363, 342, 84, 23.48%, 0, 0, 2, 39.38, 30223, 729, 0, 0
731, 0, 39, 363, 342, 84, 23.48%, 0, 0, 2, 35.07, 30393, 729, 0, 0
736, 0, 39, 363, 342, 84, 23.48%, 0, 0, 2, 41.23, 30609, 729, 0, 0
741, 0, 39, 364, 343, 84, 23.48%, 0, 0, 2, 36.70, 30783, 729, 0, 0
746, 0, 39, 365, 344, 84, 23.51%, 0, 0, 2, 34.20, 30935, 730, 0, 0
752, 0, 39, 365, 344, 84, 23.51%, 0, 0, 2, 41.69, 31160, 730, 0, 0
757, 0, 39, 365, 344, 84, 23.51%, 0, 0, 2, 43.54, 31385, 730, 0, 0
762, 0, 39, 365, 344, 84, 23.51%, 0, 0, 2, 43.81, 31610, 730, 0, 0
767, 0, 39, 365, 344, 84, 23.51%, 0, 0, 2, 43.91, 31835, 730, 0, 0
772, 0, 44, 365, 343, 93, 23.51%, 0, 0, 2, 40.34, 32040, 730, 0, 0
777, 0, 48, 366, 341, 91, 23.54%, 0, 0, 3, 42.07, 32259, 731, 0, 0
782, 0, 55, 366, 337, 87, 23.54%, 0, 0, 3, 43.14, 32484, 731, 0, 0
787, 0, 62, 368, 336, 85, 23.57%, 0, 0, 3, 43.61, 32704, 732, 0, 0
793, 0, 70, 368, 332, 82, 23.57%, 0, 0, 3, 43.94, 32948, 732, 0, 0
798, 0, 73, 368, 329, 79, 23.57%, 0, 0, 3, 43.94, 33173, 732, 0, 0
803, 0, 80, 368, 325, 75, 23.57%, 0, 0, 3, 43.88, 33409, 732, 0, 0
809, 0, 84, 368, 321, 71, 23.57%, 0, 0, 3, 43.56, 33655, 732, 0, 0
814, 0, 87, 368, 318, 68, 23.57%, 0, 0, 3, 43.87, 33880, 732, 0, 0
820, 0, 95, 369, 315, 64, 23.57%, 0, 0, 3, 42.93, 34096, 732, 0, 0
825, 0, 100, 369, 313, 62, 23.57%, 0, 0, 3, 40.90, 34297, 732, 0, 0
831, 0, 112, 369, 310, 60, 23.57%, 0, 0, 3, 41.19, 34539, 732, 0, 0
836, 0, 128, 369, 308, 58, 23.57%, 0, 0, 3, 38.82, 34754, 732, 0, 0
842, 0, 136, 369, 304, 54, 23.57%, 0, 0, 3, 41.83, 35000, 732, 0, 0
847, 0, 143, 369, 300, 50, 23.57%, 0, 0, 3, 43.16, 35242, 732, 0, 0
853, 0, 152, 370, 299, 48, 23.57%, 0, 0, 3, 42.11, 35467, 732, 0, 0
859, 0, 154, 370, 297, 47, 23.57%, 0, 0, 3, 40.54, 35689, 732, 0, 0
865, 0, 179, 370, 295, 45, 23.57%, 0, 0, 3, 37.67, 35896, 732, 0, 0
870, 0, 179, 371, 296, 45, 23.57%, 0, 0, 3, 32.23, 36049, 732, 0, 0
875, 0, 179, 371, 296, 45, 23.57%, 0, 0, 3, 30.77, 36202, 732, 0, 0
880, 0, 179, 371, 296, 45, 23.57%, 0, 0, 3, 36.51, 36392, 732, 0, 0
888, 0, 191, 372, 295, 43, 23.57%, 0, 0, 3, 38.09, 36676, 732, 0, 0
893, 0, 191, 374, 297, 43, 23.57%, 0, 0, 3, 42.56, 36902, 732, 0, 0
898, 0, 191, 375, 298, 43, 23.57%, 0, 0, 3, 43.11, 37126, 732, 0, 0
903, 0, 191, 375, 298, 43, 23.57%, 0, 0, 3, 43.69, 37354, 732, 0, 0
909, 0, 214, 375, 296, 41, 23.57%, 0, 0, 3, 45.26, 37645, 732, 0, 0
915, 0, 229, 375, 294, 39, 23.57%, 0, 0, 3, 41.73, 37848, 732, 0, 0
920, 0, 232, 375, 292, 37, 23.57%, 0, 0, 3, 40.59, 38053, 732, 0, 0
926, 0, 246, 375, 290, 35, 23.57%, 0, 0, 3, 40.03, 38275, 732, 0, 0
931, 0, 252, 375, 287, 32, 23.57%, 0, 0, 3, 40.68, 38483, 732, 0, 0
936, 0, 284, 376, 284, 28, 23.57%, 0, 0, 3, 40.92, 38687, 732, 0, 0
941, 0, 309, 378, 282, 25, 23.61%, 0, 0, 3, 37.42, 38873, 733, 0, 0
946, 0, 324, 378, 279, 22, 23.61%, 0, 0, 3, 36.67, 39060, 733, 0, 0
951, 0, 346, 378, 274, 17, 23.61%, 0, 0, 3, 38.82, 39258, 733, 0, 0
956, 0, 353, 379, 271, 13, 23.61%, 0, 0, 3, 39.99, 39466, 733, 0, 0
961, 0, 360, 380, 268, 9, 23.61%, 0, 0, 3, 40.81, 39670, 733, 0, 0
966, 0, 364, 380, 265, 6, 23.61%, 0, 0, 3, 41.47, 39878, 733, 0, 0
971, 0, 367, 381, 263, 3, 23.61%, 0, 0, 4, 41.82, 40096, 733, 0, 0
976, 1, 0, 383, 262, 0, 23.61%, 0, 0, 4, 37.58, 40271, 733, 0, 0
982, 1, 14, 383, 259, 0, 23.61%, 0, 0, 4, 42.29, 40496, 733, 0, 0
1023, 0, 374, 391, 385, 110, 23.96%, 0, 0, 6, 42.77, 42279, 744, 0, 0
1029, 0, 376, 392, 385, 109, 23.96%, 0, 0, 6, 42.58, 42512, 744, 0, 0
1034, 0, 376, 392, 385, 109, 23.96%, 0, 0, 6, 33.84, 42673, 744, 0, 0
1039, 0, 376, 393, 386, 109, 23.96%, 0, 0, 6, 32.39, 42823, 744, 0, 0
1044, 0, 379, 395, 387, 108, 23.99%, 0, 0, 6, 36.37, 43020, 745, 0, 0
1049, 0, 383, 396, 387, 108, 23.99%, 0, 0, 6, 38.18, 43218, 745, 0, 0
1056, 0, 386, 396, 385, 106, 23.99%, 0, 0, 6, 39.05, 43493, 745, 0, 0
1061, 0, 387, 396, 384, 105, 23.99%, 0, 0, 6, 38.25, 43694, 745, 0, 0
1067, 0, 390, 397, 383, 103, 23.99%, 0, 0, 7, 39.35, 43929, 745, 0, 0
1072, 0, 390, 399, 385, 103, 23.99%, 0, 0, 7, 43.16, 44147, 745, 0, 0
1077, 0, 390, 400, 386, 103, 23.99%, 0, 0, 7, 41.53, 44359, 745, 0, 0
1082, 0, 390, 400, 386, 103, 23.99%, 0, 0, 7, 34.01, 44519, 745, 0, 0
1087, 0, 390, 400, 386, 103, 23.99%, 0, 0, 7, 36.21, 44709, 745, 0, 0
1092, 0, 390, 400, 386, 103, 23.99%, 0, 0, 7, 36.89, 44889, 745, 0, 0
1097, 0, 390, 400, 386, 103, 23.99%, 0, 0, 7, 42.15, 45115, 745, 0, 0
1103, 0, 390, 401, 387, 103, 24.06%, 0, 0, 7, 42.27, 45335, 747, 0, 0
1108, 0, 390, 404, 390, 103, 24.06%, 0, 0, 7, 40.70, 45531, 747, 0, 0
1113, 0, 390, 406, 392, 103, 24.09%, 0, 0, 7, 41.21, 45741, 748, 0, 0
1118, 0, 390, 407, 393, 103, 24.09%, 0, 0, 7, 40.64, 45954, 748, 0, 0
1123, 0, 390, 409, 395, 103, 24.09%, 0, 0, 7, 41.18, 46160, 748, 0, 0
1128, 0, 390, 409, 395, 103, 24.09%, 0, 0, 7, 40.40, 46365, 748, 0, 0
1133, 0, 390, 411, 397, 103, 24.15%, 0, 0, 7, 41.90, 46584, 750, 0, 0
1138, 0, 390, 411, 397, 103, 24.15%, 0, 0, 7, 41.36, 46795, 750, 0, 0
1144, 0, 390, 411, 397, 103, 24.15%, 0, 0, 7, 40.98, 47004, 750, 0, 0
1149, 0, 390, 411, 397, 103, 24.15%, 0, 0, 7, 40.79, 47213, 750, 0, 0
1154, 0, 390, 413, 399, 103, 24.15%, 0, 0, 7, 40.59, 47398, 750, 0, 0
1159, 0, 390, 413, 399, 103, 24.15%, 0, 0, 7, 41.05, 47608, 750, 0, 0
1164, 0, 390, 413, 399, 103, 24.15%, 0, 0, 7, 41.21, 47820, 750, 0, 0
1169, 0, 390, 413, 399, 103, 24.15%, 0, 0, 7, 41.36, 48028, 750, 0, 0
1174, 0, 390, 414, 400, 103, 24.15%, 0, 0, 7, 41.17, 48237, 750, 0, 0
1179, 0, 390, 414, 400, 103, 24.15%, 0, 0, 7, 41.39, 48450, 750, 0, 0
1184, 0, 390, 414, 400, 103, 24.15%, 0, 0, 7, 40.74, 48655, 750, 0, 0
1189, 0, 390, 415, 401, 103, 24.15%, 0, 0, 7, 40.70, 48860, 750, 0, 0
1194, 0, 390, 416, 402, 103, 24.15%, 0, 0, 7, 41.21, 49074, 750, 0, 0
1200, 0, 390, 416, 402, 103, 24.15%, 0, 0, 7, 41.65, 49290, 750, 0, 0
1205, 0, 390, 416, 402, 103, 24.15%, 0, 0, 7, 41.34, 49501, 750, 0, 0
1210, 0, 390, 418, 404, 103, 24.15%, 0, 0, 7, 41.17, 49707, 750, 0, 0
1215, 0, 390, 418, 404, 103, 24.15%, 0, 0, 7, 42.25, 49922, 750, 0, 0
1220, 0, 390, 418, 404, 103, 24.15%, 0, 0, 7, 42.30, 50132, 750, 0, 0
1225, 0, 390, 418, 404, 103, 24.15%, 0, 0, 7, 41.07, 50341, 750, 0, 0
1230, 0, 390, 418, 404, 103, 24.15%, 0, 0, 7, 41.12, 50551, 750, 0, 0
1235, 0, 390, 419, 405, 103, 24.15%, 0, 0, 7, 40.78, 50754, 750, 0, 0
1240, 0, 390, 419, 405, 103, 24.15%, 0, 0, 7, 40.28, 50957, 750, 0, 0
1245, 0, 390, 419, 405, 103, 24.15%, 0, 0, 7, 41.02, 51163, 750, 0, 0
1250, 0, 390, 419, 405, 103, 24.15%, 0, 0, 7, 41.32, 51373, 750, 0, 0
1255, 0, 390, 419, 405, 103, 24.15%, 0, 0, 7, 41.78, 51585, 750, 0, 0
1261, 0, 390, 419, 405, 103, 24.15%, 0, 0, 7, 41.18, 51794, 750, 0, 0
1266, 0, 390, 419, 405, 103, 24.15%, 0, 0, 7, 40.72, 52000, 750, 0, 0
1271, 0, 390, 420, 406, 103, 24.15%, 0, 0, 7, 41.03, 52207, 750, 0, 0
1276, 0, 390, 420, 406, 103, 24.15%, 0, 0, 7, 41.27, 52413, 750, 0, 0
1281, 0, 390, 420, 406, 103, 24.15%, 0, 0, 7, 40.48, 52620, 750, 0, 0
1286, 0, 390, 420, 406, 103, 24.15%, 0, 0, 7, 41.26, 52829, 750, 0, 0
1291, 0, 390, 420, 406, 103, 24.15%, 0, 0, 7, 39.44, 53029, 750, 0, 0
1296, 0, 390, 421, 407, 103, 24.15%, 0, 0, 7, 40.46, 53234, 750, 0, 0
1301, 0, 390, 421, 407, 103, 24.15%, 0, 0, 7, 40.36, 53440, 750, 0, 0
1306, 0, 390, 421, 407, 103, 24.15%, 0, 0, 7, 41.70, 53650, 750, 0, 0
1311, 0, 390, 421, 407, 103, 24.15%, 0, 0, 7, 40.86, 53859, 750, 0, 0
1316, 0, 390, 422, 408, 103, 24.51%, 0, 0, 7, 41.64, 54075, 761, 0, 0
1321, 0, 390, 422, 408, 103, 24.51%, 0, 0, 7, 40.98, 54283, 761, 0, 0
1327, 0, 390, 422, 408, 103, 24.51%, 0, 0, 7, 40.76, 54491, 761, 0, 0
1332, 0, 390, 423, 409, 103, 24.51%, 0, 0, 7, 41.40, 54702, 761, 0, 0
1337, 0, 390, 425, 411, 103, 24.54%, 0, 0, 7, 41.41, 54904, 762, 0, 0
1342, 0, 390, 426, 412, 103, 24.54%, 0, 0, 7, 40.75, 55111, 762, 0, 0
1347, 0, 390, 426, 412, 103, 24.54%, 0, 0, 7, 41.58, 55324, 762, 0, 0
1352, 0, 390, 426, 412, 103, 24.54%, 0, 0, 7, 42.04, 55534, 762, 0, 0
1357, 0, 394, 426, 411, 106, 24.54%, 0, 0, 7, 40.55, 55738, 762, 0, 0
1364, 0, 404, 426, 409, 104, 24.54%, 0, 0, 7, 40.12, 56034, 762, 0, 0
1371, 0, 410, 426, 407, 102, 24.54%, 0, 0, 7, 41.35, 56319, 762, 0, 0
1376, 0, 421, 426, 406, 101, 24.54%, 0, 0, 7, 41.56, 56529, 762, 0, 0
1383, 0, 423, 430, 409, 103, 24.67%, 0, 0, 8, 40.46, 56769, 766, 0, 0
1388, 0, 425, 431, 409, 102, 24.67%, 0, 0, 8, 39.32, 56966, 766, 0, 0
1393, 0, 426, 432, 409, 102, 24.67%, 0, 0, 8, 40.00, 57174, 766, 0, 0
1398, 0, 427, 432, 408, 101, 24.67%, 0, 0, 8, 40.09, 57375, 766, 0, 0
1403, 0, 428, 433, 408, 100, 24.67%, 0, 0, 9, 38.06, 57565, 766, 0, 0
1409, 1, 11, 433, 405, 97, 24.67%, 0, 0, 9, 40.53, 57790, 766, 0, 0
1452, 1, 70, 435, 407, 95, 24.70%, 0, 0, 8, 43.97, 59768, 767, 0, 0
1458, 1, 73, 435, 404, 92, 24.70%, 0, 0, 8, 43.88, 60017, 767, 0, 0
1464, 1, 78, 435, 401, 89, 24.70%, 0, 0, 8, 44.01, 60269, 767, 0, 0
1469, 1, 82, 435, 398, 86, 24.70%, 0, 0, 8, 43.94, 60514, 767, 0, 0
1475, 1, 85, 435, 395, 83, 24.70%, 0, 0, 8, 44.18, 60772, 767, 0, 0
1481, 1, 90, 435, 392, 80, 24.70%, 0, 0, 8, 44.32, 61027, 767, 0, 0
1486, 1, 95, 435, 390, 78, 24.70%, 0, 0, 8, 41.88, 61226, 767, 0, 0
1491, 1, 100, 435, 388, 76, 24.70%, 0, 0, 8, 40.04, 61425, 767, 0, 0
1496, 1, 112, 435, 386, 74, 24.70%, 0, 0, 8, 41.62, 61642, 767, 0, 0
1501, 1, 121, 436, 386, 73, 24.70%, 0, 0, 8, 35.45, 61820, 767, 0, 0
1506, 1, 130, 436, 384, 71, 24.70%, 0, 0, 8, 40.32, 62042, 767, 0, 0
1512, 1, 136, 436, 381, 68, 24.70%, 0, 0, 8, 42.72, 62270, 767, 0, 0
1517, 1, 142, 436, 378, 65, 24.70%, 0, 0, 8, 43.31, 62491, 767, 0, 0
1522, 1, 146, 436, 376, 63, 24.70%, 0, 0, 8, 42.88, 62694, 767, 0, 0
1527, 1, 152, 437, 376, 62, 24.73%, 0, 0, 8, 42.83, 62908, 768, 0, 0
1532, 1, 152, 437, 376, 62, 24.73%, 0, 0, 8, 44.17, 63133, 768, 0, 0
1537, 1, 152, 437, 376, 62, 24.73%, 0, 0, 8, 43.23, 63357, 768, 0, 0
1542, 1, 154, 437, 375, 62, 24.73%, 0, 0, 8, 42.20, 63565, 768, 0, 0
1549, 1, 179, 437, 373, 60, 24.73%, 0, 0, 8, 37.98, 63785, 768, 0, 0
1554, 1, 182, 437, 372, 59, 24.73%, 0, 0, 8, 38.24, 63984, 768, 0, 0
1560, 1, 212, 437, 370, 57, 24.73%, 0, 0, 8, 40.35, 64229, 768, 0, 0
1566, 1, 222, 437, 368, 55, 24.73%, 0, 0, 8, 40.02, 64526, 768, 0, 0
1571, 1, 229, 437, 367, 54, 24.73%, 0, 0, 8, 37.03, 64698, 768, 0, 0
1576, 1, 231, 437, 366, 53, 24.73%, 0, 0, 8, 39.30, 64907, 768, 0, 0
1581, 1, 232, 437, 365, 52, 24.73%, 0, 0, 8, 40.62, 65121, 768, 0, 0
1587, 1, 246, 437, 363, 50, 24.73%, 0, 0, 8, 40.26, 65347, 768, 0, 0
1593, 1, 249, 438, 363, 49, 24.73%, 0, 0, 8, 39.26, 65552, 768, 0, 0
1598, 1, 252, 438, 361, 47, 24.73%, 0, 0, 8, 40.64, 65780, 768, 0, 0
1605, 1, 262, 438, 359, 45, 24.73%, 0, 0, 8, 40.60, 66049, 768, 0, 0
1612, 1, 284, 438, 357, 43, 24.73%, 0, 0, 8, 39.24, 66325, 768, 0, 0
1617, 1, 286, 438, 356, 42, 24.73%, 0, 0, 8, 39.52, 66535, 768, 0, 0
1622, 1, 287, 438, 355, 42, 24.73%, 0, 0, 8, 35.01, 66702, 768, 0, 0
1627, 1, 289, 438, 354, 41, 24.73%, 0, 0, 8, 37.71, 66898, 768, 0, 0
1633, 1, 309, 438, 352, 39, 24.73%, 0, 0, 8, 34.53, 67124, 768, 0, 0
1639, 1, 315, 438, 351, 38, 24.73%, 0, 0, 8, 31.86, 67277, 768, 0, 0
1644, 1, 321, 438, 350, 37, 24.73%, 0, 0, 8, 38.10, 67492, 768, 0, 0
1649, 1, 324, 438, 349, 36, 24.73%, 0, 0, 8, 41.35, 67707, 768, 0, 0
1655, 1, 329, 438, 347, 34, 24.73%, 0, 0, 8, 39.01, 67898, 768, 0, 0
1660, 1, 333, 438, 346, 34, 24.73%, 0, 0, 8, 32.55, 68056, 768, 0, 0
1665, 1, 340, 439, 346, 34, 24.77%, 0, 0, 8, 35.37, 68241, 769, 0, 0
1671, 1, 346, 439, 344, 32, 24.77%, 0, 0, 8, 37.98, 68506, 769, 0, 0
1676, 1, 347, 439, 343, 31, 24.77%, 0, 0, 8, 38.59, 68705, 769, 0, 0
1681, 1, 351, 439, 342, 30, 24.77%, 0, 0, 8, 41.20, 68916, 769, 0, 0
1687, 1, 352, 440, 342, 29, 24.77%, 0, 0, 8, 41.19, 69132, 769, 0, 0
1692, 1, 353, 440, 341, 28, 24.77%, 0, 0, 8, 40.88, 69341, 769, 0, 0
1698, 1, 358, 440, 339, 26, 24.77%, 0, 0, 8, 40.23, 69584, 769, 0, 0
1703, 1, 360, 441, 339, 25, 24.80%, 0, 0, 8, 39.90, 69785, 770, 0, 0
1708, 1, 361, 441, 338, 25, 24.80%, 0, 0, 8, 39.63, 69990, 770, 0, 0
1714, 1, 364, 441, 336, 23, 24.80%, 0, 0, 8, 39.35, 70215, 770, 0, 0
1719, 1, 366, 441, 334, 21, 24.80%, 0, 0, 8, 41.26, 70450, 770, 0, 0
1726, 1, 374, 441, 332, 19, 24.80%, 0, 0, 8, 42.02, 70727, 770, 0, 0
1731, 1, 376, 441, 331, 18, 24.80%, 0, 0, 8, 39.16, 70917, 770, 0, 0
1737, 1, 383, 441, 329, 16, 24.80%, 0, 0, 8, 38.51, 71162, 770, 0, 0
1742, 1, 384, 442, 329, 15, 24.80%, 0, 0, 8, 38.22, 71361, 770, 0, 0
1748, 1, 386, 442, 327, 14, 24.80%, 0, 0, 8, 39.27, 71603, 770, 0, 0
1755, 1, 389, 442, 325, 12, 24.80%, 0, 0, 8, 39.83, 71894, 770, 0, 0
1762, 1, 398, 442, 323, 10, 24.80%, 0, 0, 8, 39.96, 72178, 770, 0, 0
1767, 1, 404, 442, 322, 9, 24.80%, 0, 0, 8, 39.51, 72380, 770, 0, 0
1772, 1, 410, 442, 320, 7, 24.80%, 0, 0, 8, 40.41, 72580, 770, 0, 0
1778, 1, 434, 442, 317, 4, 24.80%, 0, 0, 8, 40.55, 72785, 770, 0, 0
1783, 1, 438, 442, 315, 2, 24.80%, 0, 0, 8, 41.38, 72996, 770, 0, 0
1788, 2, 5, 442, 313, 0, 24.80%, 0, 0, 8, 37.40, 73200, 770, 0, 0
1793, 2, 16, 442, 312, 0, 24.80%, 0, 0, 8, 42.73, 73425, 770, 0, 0
1799, 2, 27, 442, 312, 0, 24.80%, 0, 0, 8, 43.80, 73682, 770, 0, 0
1804, 2, 34, 442, 309, 0, 24.80%, 0, 0, 8, 42.58, 73891, 770, 0, 0
1809, 2, 49, 442, 307, 0, 24.80%, 0, 0, 8, 43.33, 74109, 770, 0, 0
1814, 2, 59, 442, 307, 0, 24.80%, 0, 0, 8, 43.28, 74331, 770, 0, 0
1820, 2, 68, 442, 306, 0, 24.80%, 0, 0, 8, 43.92, 74556, 770, 0, 0
1825, 2, 73, 442, 306, 0, 24.80%, 0, 0, 8, 44.44, 74781, 770, 0, 0
1830, 2, 78, 442, 305, 0, 24.80%, 0, 0, 8, 43.99, 75005, 770, 0, 0
1835, 2, 83, 442, 305, 0, 24.80%, 0, 0, 8, 43.94, 75230, 770, 0, 0
1840, 2, 87, 442, 305, 0, 24.80%, 0, 0, 8, 44.21, 75456, 770, 0, 0
1845, 2, 96, 442, 305, 0, 24.80%, 0, 0, 8, 38.02, 75649, 770, 0, 0
1850, 2, 100, 442, 304, 0, 24.80%, 0, 0, 8, 40.86, 75859, 770, 0, 0
1855, 2, 106, 442, 304, 0, 24.80%, 0, 0, 8, 40.52, 76054, 770, 0, 0
1860, 2, 116, 442, 301, 0, 24.80%, 0, 0, 8, 41.80, 76269, 770, 0, 0
1865, 2, 123, 442, 298, 0, 24.80%, 0, 0, 8, 38.26, 76468, 770, 0, 0
1870, 2, 125, 442, 296, 0, 24.80%, 0, 0, 8, 37.76, 76668, 770, 0, 0
1876, 2, 134, 442, 294, 0, 24.80%, 0, 0, 8, 47.77, 76920, 770, 0, 0
1881, 2, 140, 442, 293, 0, 24.80%, 0, 0, 8, 44.14, 77144, 770, 0, 0
1886, 2, 148, 442, 293, 0, 24.80%, 0, 0, 8, 42.50, 77366, 770, 0, 0
1892, 2, 155, 442, 291, 0, 24.80%, 0, 0, 8, 40.28, 77581, 770, 0, 0
1897, 2, 159, 442, 289, 0, 24.80%, 0, 0, 8, 33.57, 77748, 770, 0, 0
1902, 2, 178, 443, 287, 0, 24.80%, 0, 0, 8, 36.70, 77932, 770, 0, 0
1907, 2, 191, 443, 286, 0, 24.80%, 0, 0, 8, 40.17, 78136, 770, 0, 0
1912, 2, 201, 443, 285, 0, 24.80%, 0, 0, 8, 38.65, 78326, 770, 0, 0
1917, 2, 214, 443, 283, 0, 24.80%, 0, 0, 8, 37.81, 78514, 770, 0, 0
1922, 2, 221, 443, 281, 0, 24.80%, 0, 0, 8, 36.31, 78679, 770, 0, 0
1927, 2, 229, 443, 279, 0, 24.80%, 0, 0, 8, 37.04, 78876, 770, 0, 0
1934, 2, 235, 444, 280, 0, 24.80%, 0, 0, 8, 38.21, 79123, 770, 0, 0
1939, 2, 242, 444, 278, 0, 24.80%, 0, 0, 8, 38.90, 79311, 770, 0, 0
1945, 2, 245, 445, 277, 0, 24.80%, 0, 0, 8, 27.66, 79445, 770, 0, 0
1951, 2, 247, 445, 276, 0, 24.80%, 0, 0, 8, 31.82, 79620, 770, 0, 0
1956, 2, 251, 445, 274, 0, 24.80%, 0, 0, 8, 38.67, 79824, 770, 0, 0
1961, 2, 260, 445, 274, 0, 24.80%, 0, 0, 8, 38.07, 80023, 770, 0, 0
1966, 2, 271, 445, 273, 0, 24.80%, 0, 0, 8, 27.37, 80169, 770, 0, 0
1971, 2, 284, 446, 272, 0, 24.80%, 0, 0, 8, 29.82, 80311, 770, 0, 0
1976, 2, 289, 446, 272, 0, 24.80%, 0, 0, 8, 38.01, 80512, 770, 0, 0
1981, 2, 293, 446, 272, 0, 24.80%, 0, 0, 8, 36.03, 80704, 770, 0, 0
1987, 2, 306, 446, 269, 0, 24.80%, 0, 0, 8, 34.60, 80883, 770, 0, 0
1992, 2, 306, 448, 271, 0, 24.83%, 0, 0, 8, 27.29, 81007, 771, 0, 0
1997, 2, 306, 449, 272, 0, 24.83%, 0, 0, 8, 25.42, 81126, 771, 0, 0
2002, 2, 446, 449, 271, 1, 24.83%, 0, 0, 8, 29.94, 81310, 771, 0, 0
2007, 2, 447, 449, 270, 0, 24.83%, 0, 0, 8, 27.11, 81451, 771, 0, 0
2012, 3, 11, 449, 266, 0, 24.83%, 0, 0, 8, 39.29, 81668, 771, 0, 0
2018, 3, 18, 449, 266, 0, 24.83%, 0, 0, 8, 42.77, 81904, 771, 0, 0
2023, 3, 33, 449, 264, 0, 24.83%, 0, 0, 8, 43.40, 82128, 771, 0, 0
2028, 3, 37, 449, 262, 0, 24.83%, 0, 0, 8, 39.01, 82313, 771, 0, 0
2033, 3, 49, 449, 261, 0, 24.83%, 0, 0, 8, 42.17, 82526, 771, 0, 0
2038, 3, 54, 450, 260, 0, 24.83%, 0, 0, 8, 40.49, 82732, 771, 0, 0
2043, 3, 62, 450, 259, 0, 24.83%, 0, 0, 8, 41.78, 82942, 771, 0, 0
2049, 4, 0, 451, 258, 0, 24.86%, 0, 0, 8, 43.94, 83194, 772, 0, 0
2054, 4, 14, 451, 256, 0, 24.86%, 0, 0, 8, 43.83, 83419, 772, 0, 0
2059, 4, 21, 451, 255, 0, 24.86%, 0, 0, 8, 43.42, 83642, 772, 0, 0
2066, 4, 42, 451, 255, 0, 24.86%, 0, 0, 8, 41.94, 83924, 772, 0, 0
2071, 4, 44, 454, 257, 0, 24.86%, 0, 0, 8, 38.44, 84098, 772, 0, 0
2076, 4, 44, 454, 257, 0, 24.86%, 0, 0, 8, 41.31, 84309, 772, 0, 0
2081, 4, 51, 454, 257, 0, 24.86%, 0, 0, 8, 42.08, 84531, 772, 0, 0
2086, 4, 61, 455, 257, 0, 24.86%, 0, 0, 8, 43.25, 84747, 772, 0, 0
2092, 4, 68, 455, 257, 0, 24.86%, 0, 0, 8, 43.54, 84972, 772, 0, 0
2097, 4, 73, 455, 257, 0, 24.86%, 0, 0, 8, 43.86, 85198, 772, 0, 0
2102, 4, 79, 455, 257, 0, 24.86%, 0, 0, 8, 44.29, 85425, 772, 0, 0
2107, 4, 83, 455, 256, 0, 24.86%, 0, 0, 8, 44.05, 85650, 772, 0, 0
2112, 4, 90, 455, 256, 0, 24.86%, 0, 0, 8, 43.84, 85875, 772, 0, 0
2117, 4, 96, 455, 256, 0, 24.86%, 0, 0, 8, 38.69, 86065, 772, 0, 0
2122, 4, 105, 455, 256, 0, 24.86%, 0, 0, 8, 41.77, 86283, 772, 0, 0
2127, 4, 112, 457, 257, 0, 24.86%, 0, 0, 8, 39.84, 86479, 772, 0, 0
2132, 4, 115, 458, 257, 0, 24.86%, 0, 0, 8, 38.78, 86662, 772, 0, 0
2137, 4, 121, 458, 255, 0, 24.86%, 0, 0, 8, 42.86, 86898, 772, 0, 0
2143, 4, 134, 458, 254, 0, 24.86%, 0, 0, 8, 41.05, 87095, 772, 0, 0
2148, 4, 138, 458, 254, 0, 24.86%, 0, 0, 8, 41.40, 87315, 772, 0, 0
2153, 4, 143, 458, 253, 0, 24.86%, 0, 0, 8, 41.98, 87526, 772, 0, 0
2159, 4, 160, 458, 253, 0, 24.86%, 0, 0, 8, 40.48, 87754, 772, 0, 0
2164, 4, 173, 458, 250, 0, 24.86%, 0, 0, 8, 38.00, 87937, 772, 0, 0
2169, 4, 184, 458, 248, 0, 24.86%, 0, 0, 8, 38.75, 88134, 772, 0, 0
2175, 4, 192, 459, 247, 0, 24.90%, 0, 0, 8, 37.10, 88327, 773, 0, 0
2180, 4, 271, 459, 246, 1, 24.90%, 0, 0, 8, 28.72, 88435, 773, 0, 0
2185, 4, 458, 459, 246, 1, 24.90%, 0, 0, 8, 31.78, 88585, 773, 0, 0
2190, 4, 458, 460, 247, 1, 24.90%, 0, 0, 8, 26.10, 88697, 773, 0, 0
2195, 4, 458, 460, 247, 1, 24.90%, 0, 0, 8, 28.23, 88842, 773, 0, 0
2200, 5, 203, 461, 246, 1, 24.90%, 0, 0, 8, 36.48, 89048, 773, 0, 0
2205, 5, 421, 461, 245, 1, 24.90%, 0, 0, 8, 38.59, 89250, 773, 0, 0
2211, 5, 460, 461, 245, 1, 24.90%, 0, 0, 8, 40.68, 89458, 773, 0, 0
2216, 5, 460, 463, 247, 1, 24.90%, 0, 0, 8, 37.12, 89631, 773, 0, 0
2221, 5, 460, 464, 248, 1, 24.90%, 0, 0, 8, 36.81, 89816, 773, 0, 0
2226, 5, 460, 464, 248, 1, 24.90%, 0, 0, 8, 39.42, 90022, 773, 0, 0
2231, 5, 460, 464, 248, 1, 24.90%, 0, 0, 8, 39.73, 90223, 773, 0, 0
2236, 5, 460, 464, 248, 1, 24.90%, 0, 0, 8, 39.61, 90430, 773, 0, 0
2241, 5, 460, 465, 249, 1, 24.90%, 0, 0, 8, 39.52, 90631, 773, 0, 0
2246, 5, 460, 467, 251, 1, 24.90%, 0, 0, 8, 37.70, 90811, 773, 0, 0
2252, 5, 460, 467, 251, 1, 24.90%, 0, 0, 8, 38.74, 91012, 773, 0, 0
2257, 5, 460, 468, 252, 1, 24.90%, 0, 0, 8, 38.86, 91203, 773, 0, 0
2262, 5, 460, 468, 252, 1, 24.90%, 0, 0, 8, 38.30, 91389, 773, 0, 0
2267, 5, 460, 469, 253, 1, 24.90%, 0, 0, 8, 39.19, 91575, 773, 0, 0
2272, 5, 460, 469, 253, 1, 24.90%, 0, 0, 8, 36.84, 91770, 773, 0, 0
2279, 5, 462, 469, 252, 1, 24.90%, 0, 0, 8, 38.06, 92053, 773, 0, 0
2284, 6, 2, 469, 251, 0, 24.90%, 0, 0, 8, 40.16, 92257, 773, 0, 0
2289, 6, 12, 469, 249, 0, 24.90%, 0, 0, 8, 42.62, 92484, 773, 0, 0
2295, 6, 25, 469, 249, 0, 24.90%, 0, 0, 8, 43.50, 92708, 773, 0, 0
2300, 6, 40, 470, 250, 0, 24.90%, 0, 0, 8, 42.17, 92914, 773, 0, 0
2305, 6, 48, 470, 248, 0, 24.90%, 0, 0, 8, 41.70, 93122, 773, 0, 0
2310, 6, 55, 470, 248, 0, 24.90%, 0, 0, 8, 43.43, 93348, 773, 0, 0
2315, 6, 65, 470, 247, 0, 24.90%, 0, 0, 8, 43.82, 93576, 773, 0, 0
2320, 6, 69, 471, 247, 0, 24.90%, 0, 0, 8, 43.67, 93802, 773, 0, 0
2325, 6, 73, 471, 246, 0, 24.90%, 0, 0, 8, 43.60, 94024, 773, 0, 0
2330, 6, 78, 471, 245, 0, 24.90%, 0, 0, 8, 43.70, 94248, 773, 0, 0
2336, 6, 83, 471, 245, 0, 24.90%, 0, 0, 8, 44.29, 94473, 773, 0, 0
2341, 6, 87, 471, 245, 0, 24.90%, 0, 0, 8, 43.90, 94699, 773, 0, 0
2346, 6, 94, 471, 244, 0, 24.90%, 0, 0, 8, 42.92, 94917, 773, 0, 0
2352, 6, 97, 471, 244, 0, 24.90%, 0, 0, 8, 23.31, 95148, 773, 0, 0
2357, 6, 104, 471, 242, 0, 24.90%, 0, 0, 8, 38.67, 95362, 773, 0, 0
2362, 6, 121, 471, 241, 0, 24.90%, 0, 0, 8, 37.26, 95557, 773, 0, 0
2367, 6, 129, 472, 242, 0, 24.90%, 0, 0, 8, 33.99, 95725, 773, 0, 0
2373, 6, 133, 472, 240, 0, 24.90%, 0, 0, 8, 38.49, 95937, 773, 0, 0
2378, 6, 139, 472, 239, 0, 24.90%, 0, 0, 8, 41.96, 96158, 773, 0, 0
2383, 6, 143, 472, 238, 0, 24.90%, 0, 0, 8, 42.33, 96373, 773, 0, 0
2388, 6, 153, 472, 236, 0, 24.90%, 0, 0, 8, 41.45, 96586, 773, 0, 0
2393, 6, 157, 472, 235, 0, 24.90%, 0, 0, 8, 37.36, 96743, 773, 0, 0
2398, 6, 165, 472, 233, 0, 24.90%, 0, 0, 8, 34.80, 96913, 773, 0, 0
2403, 6, 182, 472, 230, 0, 24.90%, 0, 0, 8, 36.49, 97095, 773, 0, 0
2408, 6, 191, 472, 228, 0, 24.90%, 0, 0, 8, 38.50, 97292, 773, 0, 0
2413, 6, 195, 472, 228, 0, 24.90%, 0, 0, 8, 37.50, 97462, 773, 0, 0
2419, 6, 213, 472, 225, 0, 24.90%, 0, 0, 8, 39.75, 97662, 773, 0, 0
2424, 6, 226, 472, 223, 0, 24.90%, 0, 0, 8, 36.37, 97856, 773, 0, 0
2429, 6, 232, 472, 222, 0, 24.90%, 0, 0, 8, 38.42, 98048, 773, 0, 0
2435, 6, 237, 472, 221, 0, 24.90%, 0, 0, 8, 38.55, 98285, 773, 0, 0
2440, 6, 249, 472, 219, 0, 24.90%, 0, 0, 8, 39.73, 98489, 773, 0, 0
2445, 6, 254, 472, 218, 0, 24.90%, 0, 0, 8, 40.79, 98696, 773, 0, 0
2450, 6, 262, 472, 216, 0, 24.90%, 0, 0, 8, 38.27, 98885, 773, 0, 0
2455, 6, 264, 472, 215, 0, 24.90%, 0, 0, 8, 32.55, 99038, 773, 0, 0
2461, 6, 266, 472, 214, 0, 24.90%, 0, 0, 8, 25.05, 99146, 773, 0, 0
2466, 6, 267, 473, 214, 0, 24.90%, 0, 0, 8, 21.63, 99261, 773, 0, 0
2471, 6, 275, 473, 212, 0, 24.90%, 0, 0, 8, 30.00, 99407, 773, 0, 0
2476, 6, 287, 473, 210, 0, 24.90%, 0, 0, 8, 34.02, 99569, 773, 0, 0
2481, 6, 289, 473, 209, 0, 24.90%, 0, 0, 8, 39.60, 99789, 773, 0, 0
2486, 6, 292, 473, 207, 0, 24.90%, 0, 0, 8, 33.91, 99948, 773, 0, 0
2491, 6, 297, 473, 205, 0, 24.90%, 0, 0, 8, 34.16, 100122, 773, 0, 0
2496, 6, 302, 473, 204, 0, 24.90%, 0, 0, 8, 28.05, 100234, 773, 0, 0
2501, 6, 309, 473, 202, 0, 24.90%, 0, 0, 8, 29.95, 100373, 773, 0, 0
2506, 6, 319, 473, 201, 0, 24.90%, 0, 0, 8, 29.02, 100518, 773, 0, 0
2512, 6, 322, 475, 202, 0, 24.90%, 0, 0, 8, 35.74, 100691, 773, 0, 0
2518, 6, 327, 475, 200, 0, 24.90%, 0, 0, 8, 33.61, 100942, 773, 0, 0
2524, 6, 332, 476, 200, 0, 24.90%, 0, 0, 8, 30.29, 101097, 773, 0, 0
2529, 6, 338, 478, 201, 0, 24.90%, 0, 0, 8, 28.48, 101245, 773, 0, 0
2534, 6, 343, 478, 200, 0, 24.90%, 0, 0, 8, 33.20, 101404, 773, 0, 0
2541, 6, 350, 478, 199, 0, 24.90%, 0, 0, 8, 37.83, 101669, 773, 0, 0
2546, 6, 353, 478, 198, 0, 24.90%, 0, 0, 8, 38.37, 101865, 773, 0, 0
2551, 6, 358, 478, 197, 0, 24.90%, 0, 0, 8, 39.92, 102071, 773, 0, 0
2556, 6, 362, 478, 197, 0, 24.90%, 0, 0, 8, 39.13, 102267, 773, 0, 0
2561, 6, 367, 478, 197, 0, 24.90%, 0, 0, 8, 41.35, 102479, 773, 0, 0
2567, 6, 368, 479, 198, 0, 24.90%, 0, 0, 8, 32.88, 102590, 773, 0, 0
2572, 6, 376, 479, 196, 0, 24.90%, 0, 0, 8, 34.89, 102775, 773, 0, 0
2577, 6, 380, 479, 195, 0, 24.90%, 0, 0, 8, 37.86, 102969, 773, 0, 0
2582, 6, 383, 479, 193, 0, 24.90%, 0, 0, 8, 32.90, 103100, 773, 0, 0
2587, 6, 387, 479, 193, 0, 24.90%, 0, 0, 8, 37.56, 103298, 773, 0, 0
2592, 6, 394, 480, 193, 0, 24.90%, 0, 0, 8, 38.62, 103505, 773, 0, 0
2597, 6, 480, 481, 194, 1, 24.90%, 0, 0, 8, 41.97, 103723, 773, 0, 0
2602, 7, 11, 481, 193, 0, 24.90%, 0, 0, 8, 43.24, 103940, 773, 0, 0
2607, 7, 23, 481, 193, 0, 24.90%, 0, 0, 8, 44.11, 104165, 773, 0, 0
2612, 7, 39, 481, 193, 0, 24.90%, 0, 0, 8, 44.05, 104385, 773, 0, 0
2618, 7, 48, 481, 191, 0, 24.90%, 0, 0, 8, 42.68, 104599, 773, 0, 0
2623, 7, 55, 481, 191, 0, 24.90%, 0, 0, 8, 42.87, 104820, 773, 0, 0
2628, 7, 62, 481, 190, 0, 24.90%, 0, 0, 8, 43.13, 105037, 773, 0, 0
2633, 7, 68, 481, 190, 0, 24.90%, 0, 0, 8, 43.44, 105262, 773, 0, 0
2638, 7, 73, 481, 190, 0, 24.90%, 0, 0, 8, 43.77, 105487, 773, 0, 0
2643, 7, 81, 481, 190, 0, 24.90%, 0, 0, 8, 43.89, 105713, 773, 0, 0
2648, 7, 85, 481, 190, 0, 24.90%, 0, 0, 8, 43.70, 105938, 773, 0, 0
2653, 7, 90, 481, 189, 0, 24.90%, 0, 0, 8, 43.60, 106163, 773, 0, 0
2659, 7, 94, 481, 188, 0, 24.90%, 0, 0, 8, 41.46, 106365, 773, 0, 0
2664, 7, 102, 481, 188, 0, 24.90%, 0, 0, 8, 40.90, 106563, 773, 0, 0
2669, 7, 115, 481, 188, 0, 24.90%, 0, 0, 8, 40.57, 106785, 773, 0, 0
2674, 7, 130, 481, 188, 0, 24.90%, 0, 0, 8, 40.69, 106989, 773, 0, 0
2679, 7, 141, 481, 188, 0, 24.90%, 0, 0, 8, 43.08, 107214, 773, 0, 0
2684, 7, 154, 481, 188, 0, 24.90%, 0, 0, 8, 41.66, 107425, 773, 0, 0
2689, 7, 172, 481, 187, 0, 24.90%, 0, 0, 8, 42.15, 107639, 773, 0, 0
2695, 7, 180, 481, 186, 0, 24.90%, 0, 0, 8, 38.52, 107831, 773, 0, 0
2700, 7, 204, 481, 185, 0, 24.90%, 0, 0, 8, 38.20, 108034, 773, 0, 0
2705, 7, 208, 481, 183, 0, 24.90%, 0, 0, 8, 31.95, 108189, 773, 0, 0
2710, 7, 220, 481, 181, 0, 24.90%, 0, 0, 8, 33.43, 108360, 773, 0, 0
2715, 7, 231, 482, 181, 0, 24.90%, 0, 0, 8, 36.50, 108547, 773, 0, 0
2721, 7, 248, 483, 182, 0, 24.90%, 0, 0, 8, 38.80, 108775, 773, 0, 0
2726, 7, 251, 483, 181, 0, 24.90%, 0, 0, 8, 41.40, 108993, 773, 0, 0
2731, 7, 262, 483, 180, 0, 24.90%, 0, 0, 8, 40.80, 109194, 773, 0, 0
2736, 7, 278, 483, 180, 0, 24.90%, 0, 0, 8, 38.12, 109369, 773, 0, 0
2741, 7, 285, 483, 178, 0, 24.90%, 0, 0, 8, 36.61, 109548, 773, 0, 0
2746, 7, 289, 484, 178, 0, 24.90%, 0, 0, 8, 38.81, 109744, 773, 0, 0
2751, 7, 305, 484, 177, 0, 24.90%, 0, 0, 8, 37.95, 109929, 773, 0, 0
2756, 7, 309, 484, 175, 0, 24.90%, 0, 0, 8, 37.32, 110122, 773, 0, 0
2761, 7, 320, 484, 174, 0, 24.90%, 0, 0, 8, 31.12, 110279, 773, 0, 0
2767, 7, 328, 484, 173, 0, 24.90%, 0, 0, 8, 36.04, 110461, 773, 0, 0
2772, 7, 340, 484, 172, 0, 24.90%, 0, 0, 8, 31.24, 110628, 773, 0, 0
2777, 7, 342, 484, 172, 0, 24.90%, 0, 0, 8, 34.48, 110817, 773, 0, 0
2782, 7, 346, 484, 170, 0, 24.90%, 0, 0, 8, 36.15, 111007, 773, 0, 0
2787, 7, 353, 484, 170, 0, 24.90%, 0, 0, 8, 39.10, 111210, 773, 0, 0
2792, 7, 360, 484, 170, 0, 24.90%, 0, 0, 8, 40.48, 111421, 773, 0, 0
2798, 7, 363, 484, 170, 0, 24.90%, 0, 0, 8, 38.67, 111604, 773, 0, 0
2803, 7, 366, 484, 169, 0, 24.90%, 0, 0, 8, 36.26, 111761, 773, 0, 0
2808, 7, 374, 485, 169, 0, 24.90%, 0, 0, 8, 41.15, 111976, 773, 0, 0
2813, 7, 375, 486, 170, 0, 24.90%, 0, 0, 8, 41.02, 112193, 773, 0, 0
2818, 7, 383, 486, 169, 0, 24.90%, 0, 0, 8, 36.16, 112374, 773, 0, 0
2823, 7, 389, 486, 169, 0, 24.90%, 0, 0, 8, 40.07, 112582, 773, 0, 0
2830, 7, 401, 486, 169, 0, 24.90%, 0, 0, 8, 38.02, 112819, 773, 0, 0
2837, 7, 406, 487, 169, 0, 24.90%, 0, 0, 8, 36.84, 113083, 773, 0, 0
2842, 7, 410, 488, 169, 0, 24.90%, 0, 0, 8, 39.44, 113282, 773, 0, 0
2847, 7, 421, 488, 167, 0, 24.90%, 0, 0, 8, 35.33, 113461, 773, 0, 0
2852, 7, 426, 489, 168, 0, 24.90%, 0, 0, 8, 36.78, 113646, 773, 0, 0
2857, 7, 429, 491, 170, 0, 24.90%, 0, 0, 9, 34.25, 113828, 773, 0, 0
2863, 7, 429, 493, 172, 0, 24.93%, 0, 0, 9, 32.05, 113985, 774, 0, 0
2868, 7, 429, 493, 172, 0, 24.93%, 0, 0, 9, 30.94, 114139, 774, 0, 0
2873, 7, 429, 493, 172, 0, 24.93%, 0, 0, 9, 30.79, 114292, 774, 0, 0
2878, 7, 492, 493, 171, 1, 24.93%, 0, 0, 9, 31.06, 114460, 774, 0, 0
2883, 7, 492, 494, 172, 1, 24.93%, 0, 0, 10, 31.18, 114619, 774, 0, 0
2888, 7, 492, 494, 172, 1, 24.93%, 0, 0, 10, 29.16, 114761, 774, 0, 0
2893, 7, 492, 495, 173, 1, 24.93%, 0, 0, 10, 29.00, 114907, 774, 0, 0
2898, 7, 492, 495, 173, 1, 24.93%, 0, 0, 10, 29.54, 115065, 774, 0, 0
2903, 7, 492, 496, 174, 1, 24.96%, 0, 0, 10, 29.67, 115216, 775, 0, 0
2908, 7, 492, 496, 174, 1, 24.96%, 0, 0, 10, 30.47, 115371, 775, 0, 0
2914, 7, 492, 496, 174, 1, 24.96%, 0, 0, 10, 30.21, 115531, 775, 0, 0
2919, 7, 492, 497, 175, 1, 24.99%, 0, 0, 10, 30.40, 115682, 776, 0, 0
2924, 7, 492, 497, 175, 1, 24.99%, 0, 0, 10, 30.44, 115840, 776, 0, 0
2929, 7, 492, 497, 175, 1, 24.99%, 0, 0, 10, 30.81, 116004, 776, 0, 0
2934, 7, 492, 497, 175, 1, 24.99%, 0, 0, 10, 31.40, 116169, 776, 0, 0
2939, 7, 492, 497, 175, 1, 24.99%, 0, 0, 10, 32.37, 116333, 776, 0, 0
2944, 7, 495, 497, 174, 2, 24.99%, 0, 0, 10, 33.19, 116510, 776, 0, 0
2949, 7, 495, 499, 176, 2, 24.99%, 0, 0, 11, 30.84, 116633, 776, 0, 0
2955, 7, 495, 499, 176, 2, 24.99%, 0, 0, 11, 30.50, 116791, 776, 0, 0
2960, 7, 495, 499, 176, 2, 24.99%, 0, 0, 11, 31.38, 116953, 776, 0, 0
2965, 7, 495, 499, 176, 2, 24.99%, 0, 0, 11, 31.06, 117108, 776, 0, 0
2970, 7, 495, 499, 176, 2, 24.99%, 0, 0, 11, 31.90, 117275, 776, 0, 0
2975, 7, 495, 499, 176, 2, 24.99%, 0, 0, 11, 30.89, 117427, 776, 0, 0
2980, 7, 496, 499, 175, 1, 24.99%, 0, 0, 11, 31.04, 117593, 776, 0, 0
2985, 7, 496, 500, 176, 1, 24.99%, 0, 0, 11, 31.65, 117758, 776, 0, 0
2990, 7, 496, 500, 176, 1, 24.99%, 0, 0, 11, 33.54, 117901, 776, 0, 0
2996, 8, 2, 500, 175, 0, 24.99%, 0, 0, 11, 33.09, 118070, 776, 0, 0
3001, 8, 16, 500, 175, 0, 24.99%, 0, 0, 11, 41.67, 118296, 776, 0, 0
3006, 8, 26, 501, 175, 0, 24.99%, 0, 0, 11, 42.42, 118507, 776, 0, 0
3011, 8, 29, 501, 174, 0, 24.99%, 0, 0, 11, 43.06, 118727, 776, 0, 0
3017, 8, 36, 501, 173, 0, 24.99%, 0, 0, 11, 42.88, 118960, 776, 0, 0
3022, 8, 41, 502, 173, 0, 24.99%, 0, 0, 11, 41.89, 119189, 776, 0, 0
3027, 8, 51, 502, 172, 0, 24.99%, 0, 0, 11, 43.37, 119415, 776, 0, 0
3032, 8, 61, 502, 172, 0, 24.99%, 0, 0, 11, 44.18, 119642, 776, 0, 0
3038, 8, 68, 502, 172, 0, 24.99%, 0, 0, 11, 44.26, 119868, 776, 0, 0
3043, 8, 74, 502, 172, 0, 24.99%, 0, 0, 11, 43.83, 120093, 776, 0, 0
3048, 8, 82, 502, 172, 0, 24.99%, 0, 0, 11, 43.63, 120317, 776, 0, 0
3053, 8, 86, 502, 172, 0, 24.99%, 0, 0, 11, 43.41, 120541, 776, 0, 0
3058, 8, 91, 502, 172, 0, 24.99%, 0, 0, 11, 43.03, 120763, 776, 0, 0
3063, 8, 94, 502, 170, 0, 24.99%, 0, 0, 11, 43.63, 120983, 776, 0, 0
3068, 8, 102, 502, 170, 0, 24.99%, 0, 0, 11, 41.73, 121182, 776, 0, 0
3074, 8, 112, 502, 169, 0, 24.99%, 0, 0, 11, 42.49, 121405, 776, 0, 0
3079, 8, 134, 502, 169, 0, 24.99%, 0, 0, 11, 40.99, 121600, 776, 0, 0
3084, 8, 142, 502, 169, 0, 24.99%, 0, 0, 11, 43.10, 121826, 776, 0, 0
3089, 8, 145, 502, 169, 0, 24.99%, 0, 0, 11, 43.11, 122046, 776, 0, 0
3094, 8, 154, 502, 167, 0, 24.99%, 0, 0, 11, 38.61, 122241, 776, 0, 0
3099, 8, 162, 502, 167, 0, 24.99%, 0, 0, 11, 30.66, 122398, 776, 0, 0
3106, 8, 183, 502, 165, 0, 24.99%, 0, 0, 11, 34.18, 122621, 776, 0, 0
3111, 8, 186, 503, 165, 0, 24.99%, 0, 0, 11, 35.04, 122805, 776, 0, 0
3116, 8, 192, 503, 165, 0, 24.99%, 0, 0, 11, 31.64, 122974, 776, 0, 0
3121, 8, 201, 503, 163, 0, 24.99%, 0, 0, 11, 25.75, 123101, 776, 0, 0
3126, 8, 205, 503, 163, 0, 24.99%, 0, 0, 11, 31.56, 123302, 776, 0, 0
3131, 8, 222, 503, 162, 0, 24.99%, 0, 0, 11, 36.27, 123498, 776, 0, 0
3136, 8, 225, 503, 161, 0, 24.99%, 0, 0, 11, 33.63, 123658, 776, 0, 0
3142, 8, 231, 503, 160, 0, 24.99%, 0, 0, 11, 35.05, 123841, 776, 0, 0
3147, 8, 238, 503, 160, 0, 24.99%, 0, 0, 11, 38.56, 124033, 776, 0, 0
3152, 8, 246, 503, 158, 0, 24.99%, 0, 0, 11, 30.30, 124164, 776, 0, 0
3157, 8, 254, 503, 158, 0, 24.99%, 0, 0, 11, 40.11, 124379, 776, 0, 0
3162, 8, 264, 503, 157, 0, 24.99%, 0, 0, 11, 38.18, 124565, 776, 0, 0
3167, 8, 281, 503, 156, 0, 24.99%, 0, 0, 11, 36.02, 124744, 776, 0, 0
3173, 8, 289, 503, 155, 0, 24.99%, 0, 0, 11, 38.31, 124938, 776, 0, 0
3178, 8, 309, 504, 156, 0, 24.99%, 0, 0, 11, 35.05, 125107, 776, 0, 0
3183, 8, 315, 504, 156, 0, 24.99%, 0, 0, 11, 31.25, 125263, 776, 0, 0
3188, 8, 333, 504, 156, 0, 24.99%, 0, 0, 11, 37.52, 125465, 776, 0, 0
3193, 8, 335, 504, 156, 0, 24.99%, 0, 0, 11, 33.74, 125618, 776, 0, 0
3198, 8, 339, 505, 154, 0, 24.99%, 0, 0, 11, 31.61, 125763, 776, 0, 0
3203, 8, 341, 505, 153, 0, 24.99%, 0, 0, 11, 34.12, 125945, 776, 0, 0
3210, 8, 348, 505, 152, 0, 24.99%, 0, 0, 11, 37.77, 126210, 776, 0, 0
3215, 8, 352, 505, 151, 0, 24.99%, 0, 0, 11, 40.29, 126417, 776, 0, 0
3220, 8, 357, 505, 150, 0, 24.99%, 0, 0, 11, 39.22, 126615, 776, 0, 0
3226, 8, 360, 506, 150, 0, 24.99%, 0, 0, 11, 35.10, 126810, 776, 0, 0
3231, 8, 364, 506, 150, 0, 24.99%, 0, 0, 11, 38.12, 127005, 776, 0, 0
3237, 8, 374, 506, 150, 0, 24.99%, 0, 0, 11, 41.80, 127220, 776, 0, 0
3242, 8, 376, 506, 150, 0, 24.99%, 0, 0, 11, 34.68, 127391, 776, 0, 0
3247, 8, 376, 506, 150, 0, 24.99%, 0, 0, 11, 32.33, 127552, 776, 0, 0
3252, 8, 381, 506, 150, 0, 24.99%, 0, 0, 11, 33.86, 127716, 776, 0, 0
3257, 8, 386, 506, 149, 0, 24.99%, 0, 0, 11, 38.30, 127884, 776, 0, 0
3262, 8, 394, 507, 150, 0, 24.99%, 0, 0, 11, 39.05, 128082, 776, 0, 0
3267, 8, 402, 507, 150, 0, 24.99%, 0, 0, 11, 35.73, 128258, 776, 0, 0
3272, 8, 408, 507, 149, 0, 24.99%, 0, 0, 11, 40.14, 128464, 776, 0, 0
3277, 8, 408, 507, 149, 0, 24.99%, 0, 0, 11, 42.49, 128680, 776, 0, 0
3282, 8, 410, 507, 149, 0, 24.99%, 0, 0, 11, 40.85, 128886, 776, 0, 0
3290, 8, 423, 508, 149, 0, 24.99%, 0, 0, 11, 36.08, 129125, 776, 0, 0
3295, 8, 426, 508, 148, 0, 24.99%, 0, 0, 11, 36.70, 129309, 776, 0, 0
3300, 8, 434, 508, 147, 0, 24.99%, 0, 0, 11, 39.84, 129514, 776, 0, 0
3305, 8, 440, 508, 147, 0, 24.99%, 0, 0, 11, 34.91, 129699, 776, 0, 0
3310, 8, 450, 508, 146, 0, 24.99%, 0, 0, 11, 30.26, 129844, 776, 0, 0
3315, 8, 462, 508, 146, 0, 24.99%, 0, 0, 11, 30.62, 129987, 776, 0, 0
3320, 8, 463, 508, 146, 0, 24.99%, 0, 0, 11, 30.86, 130155, 776, 0, 0
3325, 8, 466, 508, 145, 0, 24.99%, 0, 0, 11, 26.63, 130282, 776, 0, 0
3331, 8, 474, 508, 144, 0, 24.99%, 0, 0, 11, 27.40, 130459, 776, 0, 0
3336, 8, 478, 508, 143, 0, 24.99%, 0, 0, 11, 34.75, 130649, 776, 0, 0
3341, 8, 478, 508, 143, 0, 24.99%, 0, 0, 11, 21.87, 130737, 776, 0, 0
3346, 8, 479, 508, 142, 0, 24.99%, 0, 0, 11, 31.80, 130907, 776, 0, 0
3352, 8, 481, 508, 141, 0, 24.99%, 0, 0, 11, 35.18, 131154, 776, 0, 0
3357, 8, 482, 508, 140, 0, 24.99%, 0, 0, 11, 36.25, 131339, 776, 0, 0
3363, 8, 485, 508, 139, 0, 24.99%, 0, 0, 11, 40.81, 131552, 776, 0, 0
3368, 8, 487, 508, 138, 0, 24.99%, 0, 0, 11, 40.57, 131758, 776, 0, 0
3373, 8, 487, 508, 138, 0, 24.99%, 0, 0, 11, 36.43, 131939, 776, 0, 0
3378, 8, 492, 508, 137, 0, 24.99%, 0, 0, 11, 30.50, 132087, 776, 0, 0
3383, 8, 495, 508, 137, 0, 24.99%, 0, 0, 11, 29.20, 132234, 776, 0, 0
3388, 8, 496, 508, 137, 0, 24.99%, 0, 0, 11, 29.55, 132385, 776, 0, 0
3393, 8, 503, 508, 137, 0, 24.99%, 0, 0, 11, 30.98, 132532, 776, 0, 0
3398, 8, 505, 508, 136, 0, 24.99%, 0, 0, 11, 27.36, 132655, 776, 0, 0
3403, 9, 2, 508, 135, 0, 24.99%, 0, 0, 11, 22.12, 132753, 776, 0, 0
3409, 9, 16, 508, 135, 0, 24.99%, 0, 0, 11, 39.37, 132977, 776, 0, 0
3414, 9, 43, 508, 135, 0, 24.99%, 0, 0, 11, 42.38, 133202, 776, 0, 0
3419, 9, 51, 508, 135, 0, 24.99%, 0, 0, 11, 42.44, 133416, 776, 0, 0
3424, 9, 61, 508, 134, 0, 24.99%, 0, 0, 11, 43.58, 133638, 776, 0, 0
3429, 9, 66, 508, 134, 0, 24.99%, 0, 0, 11, 43.85, 133863, 776, 0, 0
3434, 9, 71, 508, 134, 0, 24.99%, 0, 0, 11, 44.04, 134087, 776, 0, 0
3439, 9, 76, 508, 134, 0, 24.99%, 0, 0, 11, 44.01, 134310, 776, 0, 0
3444, 9, 83, 508, 134, 0, 24.99%, 0, 0, 11, 43.79, 134535, 776, 0, 0
3449, 9, 90, 508, 134, 0, 24.99%, 0, 0, 11, 43.81, 134760, 776, 0, 0
3454, 9, 96, 508, 134, 0, 24.99%, 0, 0, 11, 40.20, 134961, 776, 0, 0
3460, 9, 107, 508, 134, 0, 24.99%, 0, 0, 11, 40.54, 135174, 776, 0, 0
3465, 9, 114, 508, 134, 0, 24.99%, 0, 0, 11, 40.71, 135391, 776, 0, 0
3470, 9, 134, 508, 133, 0, 24.99%, 0, 0, 11, 41.29, 135592, 776, 0, 0
3475, 9, 141, 508, 133, 0, 24.99%, 0, 0, 11, 43.60, 135819, 776, 0, 0
3481, 9, 151, 508, 133, 0, 24.99%, 0, 0, 11, 42.37, 136073, 776, 0, 0
3486, 9, 182, 508, 132, 0, 24.99%, 0, 0, 11, 40.61, 136282, 776, 0, 0
3492, 9, 193, 508, 131, 0, 24.99%, 0, 0, 11, 38.87, 136488, 776, 0, 0
3497, 9, 212, 508, 129, 0, 24.99%, 0, 0, 11, 37.86, 136668, 776, 0, 0
3502, 9, 231, 508, 128, 0, 24.99%, 0, 0, 11, 38.07, 136859, 776, 0, 0
3507, 9, 236, 508, 127, 0, 24.99%, 0, 0, 11, 39.63, 137061, 776, 0, 0
3512, 9, 249, 508, 127, 0, 24.99%, 0, 0, 11, 40.98, 137272, 776, 0, 0
3514, 9, 253, 508, 127, 0, 24.99%, 0, 0, 11, 40.45, 137359, 776, 0, 0
