# relative_time, cycles_done, cur_item, corpus_count, pending_total, pending_favs, map_size, saved_crashes, saved_hangs, max_depth, execs_per_sec, total_execs, edges_found, total_crashes, servers_count
62, 0, 129, 216, 211, 71, 23.92%, 0, 0, 2, 34.86, 2579, 737, 0, 0
67, 0, 129, 217, 212, 71, 23.92%, 0, 0, 2, 31.87, 2736, 737, 0, 0
72, 0, 129, 217, 212, 71, 23.92%, 0, 0, 2, 31.05, 2890, 737, 0, 0
77, 0, 129, 217, 212, 71, 23.92%, 0, 0, 2, 30.29, 3047, 737, 0, 0
82, 0, 129, 217, 212, 71, 23.92%, 0, 0, 2, 31.05, 3199, 737, 0, 0
88, 0, 129, 221, 216, 71, 23.92%, 0, 0, 2, 30.72, 3359, 737, 0, 0
93, 0, 129, 227, 222, 71, 24.02%, 0, 0, 2, 27.65, 3486, 740, 0, 0
98, 0, 129, 234, 229, 71, 24.05%, 0, 0, 2, 29.51, 3636, 741, 0, 0
103, 0, 129, 238, 233, 71, 24.12%, 0, 0, 2, 26.95, 3756, 743, 0, 0
109, 0, 129, 241, 236, 71, 24.21%, 0, 0, 2, 28.30, 3901, 746, 0, 0
114, 0, 129, 245, 240, 71, 24.21%, 0, 0, 2, 28.77, 4038, 746, 0, 0
119, 0, 129, 248, 243, 71, 24.21%, 0, 0, 2, 29.77, 4187, 746, 0, 0
124, 0, 129, 250, 245, 71, 24.21%, 0, 0, 2, 27.35, 4313, 746, 0, 0
129, 0, 129, 252, 247, 71, 24.21%, 0, 0, 2, 26.91, 4442, 746, 0, 0
134, 0, 129, 253, 248, 71, 24.21%, 0, 0, 2, 28.43, 4587, 746, 0, 0
139, 0, 129, 255, 250, 71, 24.21%, 0, 0, 2, 25.91, 4710, 746, 0, 0
144, 0, 129, 257, 252, 71, 24.21%, 0, 0, 2, 29.70, 4872, 746, 0, 0
149, 0, 129, 257, 252, 71, 24.21%, 0, 0, 2, 27.36, 5005, 746, 0, 0
154, 0, 129, 257, 252, 71, 24.21%, 0, 0, 2, 29.54, 5154, 746, 0, 0
160, 0, 129, 259, 254, 71, 24.21%, 0, 0, 2, 29.72, 5318, 746, 0, 0
165, 0, 129, 260, 255, 71, 24.21%, 0, 0, 2, 30.50, 5472, 746, 0, 0
170, 0, 129, 261, 256, 71, 24.21%, 0, 0, 2, 29.67, 5624, 746, 0, 0
176, 0, 129, 264, 259, 71, 24.25%, 0, 0, 2, 29.93, 5770, 747, 0, 0
181, 0, 129, 264, 259, 71, 24.25%, 0, 0, 2, 28.48, 5919, 747, 0, 0
186, 0, 129, 266, 261, 71, 24.28%, 0, 0, 2, 28.98, 6055, 748, 0, 0
191, 0, 129, 267, 262, 71, 24.31%, 0, 0, 2, 28.27, 6201, 749, 0, 0
196, 0, 129, 270, 265, 71, 24.34%, 0, 0, 2, 29.78, 6342, 750, 0, 0
201, 0, 129, 271, 266, 71, 24.34%, 0, 0, 2, 29.96, 6495, 750, 0, 0
204, 0, 129, 271, 266, 71, 24.34%, 0, 0, 2, 30.13, 6563, 750, 0, 0
