# relative_time, cycles_done, cur_item, corpus_count, pending_total, pending_favs, map_size, saved_crashes, saved_hangs, max_depth, execs_per_sec, total_execs, edges_found, total_crashes, servers_count
63, 0, 4, 214, 211, 53, 31.00%, 0, 0, 2, 30.92, 2630, 1104, 0, 0
68, 0, 4, 217, 214, 53, 31.03%, 0, 0, 2, 31.47, 2784, 1105, 0, 0
73, 0, 4, 219, 216, 53, 31.03%, 0, 0, 2, 31.86, 2943, 1105, 0, 0
78, 0, 4, 219, 216, 53, 31.03%, 0, 0, 2, 33.16, 3112, 1105, 0, 0
83, 0, 4, 226, 223, 53, 31.03%, 0, 0, 2, 34.20, 3277, 1105, 0, 0
88, 0, 4, 227, 224, 53, 31.03%, 0, 0, 2, 33.92, 3451, 1105, 0, 0
93, 0, 4, 230, 227, 53, 31.06%, 0, 0, 2, 35.04, 3630, 1106, 0, 0
98, 0, 4, 234, 231, 53, 31.06%, 0, 0, 2, 33.72, 3784, 1106, 0, 0
103, 0, 4, 239, 236, 53, 31.06%, 0, 0, 2, 33.06, 3952, 1106, 0, 0
109, 0, 4, 242, 239, 53, 31.06%, 0, 0, 2, 34.05, 4124, 1106, 0, 0
114, 0, 4, 244, 241, 53, 31.06%, 0, 0, 2, 33.89, 4298, 1106, 0, 0
119, 0, 4, 246, 243, 53, 31.06%, 0, 0, 2, 35.30, 4475, 1106, 0, 0
124, 0, 4, 249, 246, 53, 31.06%, 0, 0, 2, 32.78, 4636, 1106, 0, 0
129, 0, 4, 249, 246, 53, 31.06%, 0, 0, 2, 35.60, 4823, 1106, 0, 0
135, 0, 41, 253, 248, 69, 31.06%, 0, 0, 2, 36.01, 5039, 1106, 0, 0
140, 0, 41, 260, 255, 69, 31.26%, 0, 0, 2, 41.00, 5243, 1113, 0, 0
145, 0, 41, 266, 261, 69, 31.45%, 0, 0, 2, 44.46, 5481, 1120, 0, 0
150, 0, 41, 267, 262, 69, 31.51%, 0, 0, 2, 45.48, 5712, 1122, 0, 0
155, 0, 41, 271, 266, 69, 31.65%, 0, 0, 2, 45.62, 5945, 1127, 0, 0
161, 0, 41, 279, 274, 69, 31.87%, 0, 0, 2, 45.90, 6184, 1135, 0, 0
166, 0, 41, 279, 274, 69, 31.87%, 0, 0, 2, 44.66, 6408, 1135, 0, 0
171, 0, 41, 280, 275, 69, 31.87%, 0, 0, 2, 37.27, 6600, 1135, 0, 0
176, 0, 41, 281, 276, 69, 31.87%, 0, 0, 2, 23.10, 6694, 1135, 0, 0
181, 0, 41, 282, 277, 69, 31.87%, 0, 0, 2, 18.20, 6778, 1135, 0, 0
186, 0, 41, 283, 278, 69, 31.87%, 0, 0, 2, 31.45, 6935, 1135, 0, 0
191, 0, 41, 283, 278, 69, 31.87%, 0, 0, 2, 37.78, 7122, 1135, 0, 0
196, 0, 41, 284, 279, 69, 31.87%, 0, 0, 2, 37.92, 7323, 1135, 0, 0
201, 0, 7, 287, 281, 93, 31.93%, 0, 0, 2, 40.88, 7520, 1137, 0, 0
206, 0, 7, 287, 281, 93, 31.93%, 0, 0, 2, 44.80, 7750, 1137, 0, 0
212, 0, 7, 287, 281, 93, 31.93%, 0, 0, 2, 42.51, 7973, 1137, 0, 0
217, 0, 7, 287, 281, 93, 31.93%, 0, 0, 2, 36.25, 8145, 1137, 0, 0
222, 0, 9, 288, 280, 94, 31.96%, 0, 0, 2, 35.56, 8315, 1138, 0, 0
