# relative_time, cycles_done, cur_item, corpus_count, pending_total, pending_favs, map_size, saved_crashes, saved_hangs, max_depth, execs_per_sec, total_execs, edges_found, total_crashes, servers_count
60, 0, 0, 61, 61, 20, 13.34%, 0, 0, 2, 7.62, 747, 2028, 0, 0
66, 0, 0, 61, 61, 20, 13.34%, 0, 0, 2, 7.59, 785, 2028, 0, 0
71, 0, 0, 62, 62, 20, 13.34%, 0, 0, 2, 7.63, 823, 2028, 0, 0
76, 0, 0, 63, 63, 20, 13.34%, 0, 0, 2, 7.94, 864, 2028, 0, 0
81, 0, 0, 63, 63, 20, 13.34%, 0, 0, 2, 8.06, 906, 2028, 0, 0
86, 0, 0, 63, 63, 20, 13.34%, 0, 0, 2, 7.61, 946, 2028, 0, 0
92, 0, 0, 63, 63, 20, 13.34%, 0, 0, 2, 7.13, 982, 2028, 0, 0
97, 0, 0, 64, 64, 20, 13.35%, 0, 0, 2, 7.38, 1021, 2029, 0, 0
102, 0, 0, 64, 64, 20, 13.35%, 0, 0, 2, 7.45, 1059, 2029, 0, 0
107, 0, 0, 64, 64, 20, 13.35%, 0, 0, 2, 7.47, 1097, 2029, 0, 0
112, 0, 0, 64, 64, 20, 13.35%, 0, 0, 2, 7.48, 1135, 2029, 0, 0
117, 0, 0, 64, 64, 20, 13.35%, 0, 0, 2, 7.69, 1175, 2029, 0, 0
122, 0, 0, 64, 64, 20, 13.35%, 0, 0, 2, 7.97, 1217, 2029, 0, 0
127, 0, 0, 64, 64, 20, 13.35%, 0, 0, 2, 7.96, 1257, 2029, 0, 0
133, 0, 0, 64, 64, 20, 13.35%, 0, 0, 2, 7.66, 1297, 2029, 0, 0
138, 0, 0, 64, 64, 20, 13.35%, 0, 0, 2, 7.30, 1333, 2029, 0, 0
143, 0, 0, 64, 64, 20, 13.35%, 0, 0, 2, 7.31, 1371, 2029, 0, 0
148, 0, 0, 64, 64, 20, 13.35%, 0, 0, 2, 7.28, 1409, 2029, 0, 0
153, 0, 0, 64, 64, 20, 13.35%, 0, 0, 2, 7.42, 1447, 2029, 0, 0
158, 0, 0, 64, 64, 20, 13.35%, 0, 0, 2, 7.46, 1485, 2029, 0, 0
163, 0, 0, 64, 64, 20, 13.35%, 0, 0, 2, 7.48, 1523, 2029, 0, 0
168, 0, 0, 64, 64, 20, 13.35%, 0, 0, 2, 7.45, 1561, 2029, 0, 0
174, 0, 0, 64, 64, 20, 13.35%, 0, 0, 2, 7.00, 1597, 2029, 0, 0
179, 0, 0, 64, 64, 20, 13.35%, 0, 0, 2, 6.89, 1633, 2029, 0, 0
184, 0, 0, 64, 64, 20, 13.35%, 0, 0, 2, 7.26, 1671, 2029, 0, 0
189, 0, 0, 64, 64, 20, 13.35%, 0, 0, 2, 7.41, 1709, 2029, 0, 0
196, 0, 0, 65, 65, 20, 13.35%, 0, 0, 2, 7.46, 1756, 2030, 0, 0
201, 0, 0, 65, 65, 20, 13.35%, 0, 0, 2, 7.53, 1794, 2030, 0, 0
206, 0, 0, 65, 65, 20, 13.35%, 0, 0, 2, 7.63, 1834, 2030, 0, 0
211, 0, 0, 65, 65, 20, 13.35%, 0, 0, 2, 7.46, 1872, 2030, 0, 0
216, 0, 0, 65, 65, 20, 13.35%, 0, 0, 2, 7.61, 1912, 2030, 0, 0
221, 0, 0, 66, 66, 20, 13.35%, 0, 0, 2, 7.51, 1950, 2030, 0, 0
227, 0, 0, 66, 66, 20, 13.35%, 0, 0, 2, 7.41, 1988, 2030, 0, 0
232, 0, 0, 66, 66, 20, 13.35%, 0, 0, 2, 7.39, 2026, 2030, 0, 0
237, 0, 0, 67, 67, 20, 13.36%, 0, 0, 2, 7.64, 2065, 2031, 0, 0
242, 0, 0, 67, 67, 20, 13.36%, 0, 0, 2, 7.50, 2103, 2031, 0, 0
247, 0, 0, 67, 67, 20, 13.36%, 0, 0, 2, 7.52, 2141, 2031, 0, 0
252, 0, 0, 67, 67, 20, 13.36%, 0, 0, 2, 7.60, 2181, 2031, 0, 0
257, 0, 0, 67, 67, 20, 13.36%, 0, 0, 2, 7.64, 2221, 2031, 0, 0
262, 0, 0, 67, 67, 20, 13.36%, 0, 0, 2, 7.92, 2261, 2031, 0, 0
268, 0, 0, 67, 67, 20, 13.36%, 0, 0, 2, 8.01, 2303, 2031, 0, 0
273, 0, 0, 67, 67, 20, 13.36%, 0, 0, 2, 7.37, 2341, 2031, 0, 0
278, 0, 0, 69, 69, 20, 13.41%, 0, 0, 2, 7.45, 2380, 2039, 0, 0
283, 0, 0, 69, 69, 20, 13.41%, 0, 0, 2, 7.16, 2416, 2039, 0, 0
288, 0, 0, 69, 69, 20, 13.41%, 0, 0, 2, 7.50, 2454, 2039, 0, 0
293, 0, 0, 69, 69, 20, 13.41%, 0, 0, 2, 7.95, 2496, 2039, 0, 0
298, 0, 0, 69, 69, 20, 13.41%, 0, 0, 2, 7.90, 2536, 2039, 0, 0
303, 0, 0, 69, 69, 20, 13.41%, 0, 0, 2, 7.52, 2574, 2039, 0, 0
309, 0, 0, 69, 69, 20, 13.41%, 0, 0, 2, 7.41, 2612, 2039, 0, 0
314, 0, 0, 69, 69, 20, 13.41%, 0, 0, 2, 7.26, 2650, 2039, 0, 0
319, 0, 0, 69, 69, 20, 13.41%, 0, 0, 2, 7.16, 2686, 2039, 0, 0
324, 0, 0, 69, 69, 20, 13.41%, 0, 0, 2, 7.16, 2722, 2039, 0, 0
329, 0, 0, 69, 69, 20, 13.41%, 0, 0, 2, 7.39, 2760, 2039, 0, 0
334, 0, 0, 69, 69, 20, 13.41%, 0, 0, 2, 7.36, 2798, 2039, 0, 0
340, 0, 0, 69, 69, 20, 13.41%, 0, 0, 2, 7.66, 2838, 2039, 0, 0
345, 0, 0, 69, 69, 20, 13.41%, 0, 0, 2, 7.52, 2876, 2039, 0, 0
350, 0, 0, 69, 69, 20, 13.41%, 0, 0, 2, 7.51, 2914, 2039, 0, 0
355, 0, 0, 70, 70, 20, 13.42%, 0, 0, 2, 7.49, 2953, 2040, 0, 0
360, 0, 0, 70, 70, 20, 13.42%, 0, 0, 2, 7.48, 2991, 2040, 0, 0
365, 0, 0, 70, 70, 20, 13.42%, 0, 0, 2, 7.48, 3029, 2040, 0, 0
370, 0, 0, 70, 70, 20, 13.42%, 0, 0, 2, 7.48, 3067, 2040, 0, 0
375, 0, 0, 70, 70, 20, 13.42%, 0, 0, 2, 7.48, 3105, 2040, 0, 0
380, 0, 0, 70, 70, 20, 13.42%, 0, 0, 2, 7.47, 3143, 2040, 0, 0
385, 0, 0, 70, 70, 20, 13.42%, 0, 0, 2, 7.47, 3181, 2040, 0, 0
391, 0, 0, 70, 70, 20, 13.42%, 0, 0, 2, 7.47, 3219, 2040, 0, 0
396, 0, 0, 70, 70, 20, 13.42%, 0, 0, 2, 7.51, 3257, 2040, 0, 0
401, 0, 0, 70, 70, 20, 13.42%, 0, 0, 2, 7.48, 3295, 2040, 0, 0
406, 0, 0, 70, 70, 20, 13.42%, 0, 0, 2, 7.54, 3333, 2040, 0, 0
411, 0, 0, 70, 70, 20, 13.42%, 0, 0, 2, 7.49, 3371, 2040, 0, 0
417, 0, 0, 72, 72, 20, 13.42%, 0, 0, 2, 7.56, 3419, 2040, 0, 0
422, 0, 0, 72, 72, 20, 13.42%, 0, 0, 2, 7.74, 3459, 2040, 0, 0
427, 0, 0, 72, 72, 20, 13.42%, 0, 0, 2, 8.00, 3501, 2040, 0, 0
432, 0, 0, 72, 72, 20, 13.42%, 0, 0, 2, 7.67, 3539, 2040, 0, 0
437, 0, 0, 73, 73, 20, 13.42%, 0, 0, 2, 7.62, 3578, 2040, 0, 0
442, 0, 0, 73, 73, 20, 13.42%, 0, 0, 2, 7.63, 3616, 2040, 0, 0
448, 0, 0, 73, 73, 20, 13.42%, 0, 0, 2, 7.92, 3658, 2040, 0, 0
453, 0, 0, 74, 74, 20, 13.42%, 0, 0, 2, 7.51, 3694, 2040, 0, 0
458, 0, 0, 74, 74, 20, 13.42%, 0, 0, 2, 7.15, 3730, 2040, 0, 0
463, 0, 0, 75, 75, 20, 13.45%, 0, 0, 2, 7.21, 3762, 2044, 0, 0
468, 0, 0, 76, 76, 20, 13.45%, 0, 0, 2, 7.10, 3796, 2044, 0, 0
473, 0, 0, 76, 76, 20, 13.45%, 0, 0, 2, 7.17, 3832, 2044, 0, 0
479, 0, 0, 78, 78, 20, 13.45%, 0, 0, 2, 7.27, 3873, 2045, 0, 0
484, 0, 0, 78, 78, 20, 13.45%, 0, 0, 2, 7.89, 3915, 2045, 0, 0
489, 0, 0, 78, 78, 20, 13.45%, 0, 0, 2, 7.99, 3957, 2045, 0, 0
494, 0, 0, 78, 78, 20, 13.45%, 0, 0, 2, 7.58, 3995, 2045, 0, 0
499, 0, 0, 78, 78, 20, 13.45%, 0, 0, 2, 7.55, 4033, 2045, 0, 0
505, 0, 0, 78, 78, 20, 13.45%, 0, 0, 2, 7.34, 4071, 2045, 0, 0
510, 0, 0, 78, 78, 20, 13.45%, 0, 0, 2, 7.07, 4107, 2045, 0, 0
515, 0, 0, 78, 78, 20, 13.45%, 0, 0, 2, 7.19, 4143, 2045, 0, 0
520, 0, 0, 78, 78, 20, 13.45%, 0, 0, 2, 7.14, 4179, 2045, 0, 0
525, 0, 0, 78, 78, 20, 13.45%, 0, 0, 2, 7.34, 4217, 2045, 0, 0
530, 0, 0, 78, 78, 20, 13.45%, 0, 0, 2, 7.46, 4255, 2045, 0, 0
535, 0, 0, 78, 78, 20, 13.45%, 0, 0, 2, 7.56, 4295, 2045, 0, 0
540, 0, 0, 79, 79, 20, 13.45%, 0, 0, 2, 7.16, 4327, 2045, 0, 0
546, 0, 0, 79, 79, 20, 13.45%, 0, 0, 2, 7.79, 4368, 2045, 0, 0
551, 0, 0, 79, 79, 20, 13.45%, 0, 0, 2, 8.03, 4410, 2045, 0, 0
556, 0, 0, 79, 79, 20, 13.45%, 0, 0, 2, 8.09, 4452, 2045, 0, 0
561, 0, 0, 79, 79, 20, 13.45%, 0, 0, 2, 8.08, 4494, 2045, 0, 0
566, 0, 0, 79, 79, 20, 13.45%, 0, 0, 2, 8.09, 4536, 2045, 0, 0
571, 0, 0, 79, 79, 20, 13.45%, 0, 0, 2, 8.10, 4578, 2045, 0, 0
577, 0, 0, 79, 79, 20, 13.45%, 0, 0, 2, 8.10, 4620, 2045, 0, 0
582, 0, 0, 79, 79, 20, 13.45%, 0, 0, 2, 8.10, 4662, 2045, 0, 0
587, 0, 0, 79, 79, 20, 13.45%, 0, 0, 2, 8.09, 4704, 2045, 0, 0
592, 0, 0, 79, 79, 20, 13.45%, 0, 0, 2, 8.09, 4746, 2045, 0, 0
597, 0, 0, 79, 79, 20, 13.45%, 0, 0, 2, 8.11, 4788, 2045, 0, 0
603, 0, 0, 79, 79, 20, 13.45%, 0, 0, 2, 8.10, 4830, 2045, 0, 0
608, 0, 0, 79, 79, 20, 13.45%, 0, 0, 2, 8.11, 4872, 2045, 0, 0
613, 0, 0, 79, 79, 20, 13.45%, 0, 0, 2, 8.10, 4914, 2045, 0, 0
618, 0, 0, 79, 79, 20, 13.45%, 0, 0, 2, 8.11, 4956, 2045, 0, 0
623, 0, 0, 79, 79, 20, 13.45%, 0, 0, 2, 8.10, 4998, 2045, 0, 0
629, 0, 0, 79, 79, 20, 13.45%, 0, 0, 2, 8.10, 5040, 2045, 0, 0
634, 0, 0, 79, 79, 20, 13.45%, 0, 0, 2, 8.10, 5082, 2045, 0, 0
639, 0, 0, 79, 79, 20, 13.45%, 0, 0, 2, 8.10, 5124, 2045, 0, 0
644, 0, 0, 79, 79, 20, 13.45%, 0, 0, 2, 8.11, 5166, 2045, 0, 0
649, 0, 0, 79, 79, 20, 13.45%, 0, 0, 2, 8.11, 5208, 2045, 0, 0
654, 0, 0, 79, 79, 20, 13.45%, 0, 0, 2, 8.10, 5250, 2045, 0, 0
660, 0, 0, 79, 79, 20, 13.45%, 0, 0, 2, 8.10, 5292, 2045, 0, 0
665, 0, 0, 79, 79, 20, 13.45%, 0, 0, 2, 8.10, 5334, 2045, 0, 0
670, 0, 0, 79, 79, 20, 13.45%, 0, 0, 2, 8.10, 5376, 2045, 0, 0
675, 0, 0, 79, 79, 20, 13.45%, 0, 0, 2, 8.10, 5418, 2045, 0, 0
680, 0, 0, 79, 79, 20, 13.45%, 0, 0, 2, 7.92, 5458, 2045, 0, 0
685, 0, 1, 79, 78, 19, 13.45%, 0, 0, 2, 7.47, 5496, 2045, 0, 0
691, 0, 1, 82, 81, 19, 13.47%, 0, 0, 2, 7.49, 5535, 2048, 0, 0
697, 0, 1, 85, 84, 19, 13.49%, 0, 0, 2, 7.28, 5579, 2051, 0, 0
703, 0, 1, 88, 87, 19, 13.51%, 0, 0, 2, 7.26, 5624, 2054, 0, 0
710, 0, 1, 89, 88, 19, 13.51%, 0, 0, 2, 7.29, 5667, 2054, 0, 0
715, 0, 1, 91, 90, 19, 13.51%, 0, 0, 2, 7.41, 5705, 2054, 0, 0
721, 0, 1, 94, 93, 19, 13.51%, 0, 0, 2, 7.07, 5737, 2054, 0, 0
727, 0, 1, 98, 97, 19, 13.60%, 0, 0, 2, 7.30, 5784, 2067, 0, 0
732, 0, 1, 102, 101, 19, 13.63%, 0, 0, 2, 7.47, 5831, 2072, 0, 0
739, 0, 1, 106, 105, 19, 13.64%, 0, 0, 2, 7.61, 5883, 2074, 0, 0
745, 0, 1, 110, 109, 19, 13.69%, 0, 0, 2, 7.71, 5930, 2081, 0, 0
751, 0, 1, 114, 113, 19, 13.72%, 0, 0, 2, 7.79, 5982, 2085, 0, 0
756, 0, 1, 117, 116, 19, 13.78%, 0, 0, 2, 7.84, 6023, 2095, 0, 0
762, 0, 1, 121, 120, 19, 13.81%, 0, 0, 2, 7.89, 6066, 2099, 0, 0
768, 0, 1, 125, 124, 19, 13.83%, 0, 0, 2, 7.93, 6114, 2103, 0, 0
773, 0, 1, 129, 128, 19, 13.85%, 0, 0, 2, 7.96, 6161, 2106, 0, 0
779, 0, 1, 133, 132, 19, 13.88%, 0, 0, 2, 7.99, 6209, 2110, 0, 0
785, 0, 1, 137, 136, 19, 13.93%, 0, 0, 2, 8.00, 6256, 2117, 0, 0
791, 0, 1, 141, 140, 19, 13.95%, 0, 0, 2, 8.00, 6303, 2120, 0, 0
796, 0, 1, 145, 144, 19, 13.97%, 0, 0, 2, 8.02, 6345, 2123, 0, 0
803, 0, 1, 149, 148, 19, 13.99%, 0, 0, 2, 8.03, 6397, 2126, 0, 0
808, 0, 1, 153, 152, 19, 14.01%, 0, 0, 2, 8.03, 6439, 2130, 0, 0
814, 0, 1, 157, 156, 19, 14.05%, 0, 0, 2, 8.04, 6491, 2135, 0, 0
820, 0, 1, 161, 160, 19, 14.06%, 0, 0, 2, 8.04, 6538, 2137, 0, 0
826, 0, 1, 165, 164, 19, 14.07%, 0, 0, 2, 8.05, 6586, 2139, 0, 0
833, 0, 1, 169, 168, 19, 14.10%, 0, 0, 2, 8.05, 6638, 2144, 0, 0
838, 0, 1, 173, 172, 19, 14.14%, 0, 0, 2, 8.05, 6685, 2149, 0, 0
845, 0, 1, 177, 176, 19, 14.18%, 0, 0, 2, 8.06, 6734, 2156, 0, 0
851, 0, 1, 181, 180, 19, 14.25%, 0, 0, 2, 8.06, 6786, 2166, 0, 0
857, 0, 1, 185, 184, 19, 14.30%, 0, 0, 2, 8.06, 6838, 2173, 0, 0
863, 0, 1, 189, 188, 19, 14.32%, 0, 0, 2, 8.06, 6885, 2177, 0, 0
870, 0, 1, 193, 192, 19, 14.34%, 0, 0, 2, 8.06, 6938, 2180, 0, 0
876, 0, 1, 197, 196, 19, 14.35%, 0, 0, 2, 8.06, 6985, 2181, 0, 0
882, 0, 1, 201, 200, 19, 14.37%, 0, 0, 2, 8.06, 7037, 2185, 0, 0
888, 0, 1, 205, 204, 19, 14.41%, 0, 0, 2, 8.06, 7084, 2190, 0, 0
893, 0, 1, 209, 208, 19, 14.45%, 0, 0, 2, 8.06, 7126, 2197, 0, 0
900, 0, 1, 213, 212, 19, 14.47%, 0, 0, 2, 8.06, 7179, 2199, 0, 0
906, 0, 1, 217, 216, 19, 14.49%, 0, 0, 2, 8.06, 7227, 2203, 0, 0
911, 0, 1, 221, 220, 19, 14.53%, 0, 0, 2, 8.06, 7269, 2209, 0, 0
917, 0, 1, 225, 224, 19, 14.56%, 0, 0, 2, 8.06, 7316, 2213, 0, 0
922, 0, 1, 229, 228, 19, 14.59%, 0, 0, 2, 8.07, 7358, 2218, 0, 0
928, 0, 1, 233, 232, 19, 14.62%, 0, 0, 2, 8.07, 7406, 2223, 0, 0
934, 0, 1, 237, 236, 19, 14.65%, 0, 0, 2, 8.06, 7453, 2227, 0, 0
940, 0, 1, 241, 240, 19, 14.66%, 0, 0, 2, 8.06, 7505, 2229, 0, 0
947, 0, 1, 245, 244, 19, 14.78%, 0, 0, 2, 8.07, 7557, 2247, 0, 0
952, 0, 1, 247, 246, 19, 14.79%, 0, 0, 2, 7.72, 7596, 2248, 0, 0
957, 0, 1, 249, 248, 19, 14.79%, 0, 0, 2, 7.49, 7634, 2248, 0, 0
963, 0, 1, 252, 251, 19, 14.80%, 0, 0, 2, 7.25, 7672, 2250, 0, 0
968, 0, 1, 256, 255, 19, 14.88%, 0, 0, 2, 7.48, 7715, 2262, 0, 0
973, 0, 1, 260, 259, 19, 14.91%, 0, 0, 2, 7.70, 7757, 2266, 0, 0
979, 0, 1, 264, 263, 19, 14.92%, 0, 0, 2, 7.84, 7801, 2268, 0, 0
984, 0, 1, 269, 268, 19, 15.02%, 0, 0, 2, 7.92, 7847, 2283, 0, 0
989, 0, 1, 273, 272, 19, 15.04%, 0, 0, 2, 7.96, 7888, 2286, 0, 0
995, 0, 1, 278, 277, 19, 15.05%, 0, 0, 2, 7.98, 7930, 2288, 0, 0
1000, 0, 1, 282, 281, 19, 15.07%, 0, 0, 2, 7.98, 7972, 2291, 0, 0
1006, 0, 1, 287, 286, 19, 15.08%, 0, 0, 2, 7.99, 8020, 2293, 0, 0
1011, 0, 1, 291, 290, 19, 15.13%, 0, 0, 2, 8.01, 8062, 2300, 0, 0
1016, 0, 1, 295, 294, 19, 15.14%, 0, 0, 2, 8.01, 8103, 2302, 0, 0
1021, 0, 1, 299, 298, 19, 15.16%, 0, 0, 2, 8.00, 8143, 2304, 0, 0
1028, 0, 1, 304, 303, 19, 15.28%, 0, 0, 2, 8.01, 8196, 2323, 0, 0
1033, 0, 1, 309, 308, 19, 15.31%, 0, 0, 2, 8.02, 8240, 2327, 0, 0
1039, 0, 1, 314, 313, 19, 15.33%, 0, 0, 2, 8.01, 8285, 2330, 0, 0
1045, 0, 1, 319, 318, 19, 15.34%, 0, 0, 2, 8.01, 8332, 2332, 0, 0
1050, 0, 1, 324, 323, 19, 15.36%, 0, 0, 2, 8.03, 8374, 2335, 0, 0
1055, 0, 1, 329, 328, 19, 15.37%, 0, 0, 2, 8.01, 8418, 2337, 0, 0
1061, 0, 1, 334, 333, 19, 15.39%, 0, 0, 2, 8.02, 8459, 2339, 0, 0
1066, 0, 1, 339, 338, 19, 15.41%, 0, 0, 2, 8.03, 8505, 2343, 0, 0
1072, 0, 1, 344, 343, 19, 15.42%, 0, 0, 2, 8.04, 8548, 2344, 0, 0
1077, 0, 1, 349, 348, 19, 15.43%, 0, 0, 2, 7.81, 8592, 2346, 0, 0
1083, 0, 1, 354, 353, 19, 15.46%, 0, 0, 2, 7.88, 8640, 2350, 0, 0
1089, 0, 1, 359, 358, 19, 15.51%, 0, 0, 2, 7.93, 8687, 2357, 0, 0
1095, 0, 1, 364, 363, 19, 15.52%, 0, 0, 2, 7.95, 8733, 2359, 0, 0
1100, 0, 1, 369, 368, 19, 15.55%, 0, 0, 2, 7.98, 8775, 2364, 0, 0
1105, 0, 1, 373, 372, 19, 15.56%, 0, 0, 2, 8.00, 8818, 2365, 0, 0
1111, 0, 1, 379, 378, 19, 15.58%, 0, 0, 2, 8.01, 8866, 2369, 0, 0
1117, 0, 1, 384, 383, 19, 15.61%, 0, 0, 2, 8.01, 8912, 2373, 0, 0
1126, 0, 5, 389, 388, 209, 15.64%, 0, 0, 2, 7.80, 8967, 2378, 0, 0
1131, 0, 5, 390, 389, 209, 15.64%, 0, 0, 2, 7.78, 9002, 2378, 0, 0
1136, 0, 5, 391, 390, 209, 15.66%, 0, 0, 2, 7.99, 9043, 2381, 0, 0
1141, 0, 5, 391, 390, 209, 15.66%, 0, 0, 2, 8.05, 9085, 2381, 0, 0
1147, 0, 5, 391, 390, 209, 15.66%, 0, 0, 2, 8.07, 9127, 2381, 0, 0
1152, 0, 5, 391, 390, 209, 15.66%, 0, 0, 2, 8.07, 9169, 2381, 0, 0
1157, 0, 5, 392, 391, 209, 15.67%, 0, 0, 2, 8.07, 9210, 2382, 0, 0
1162, 0, 5, 393, 392, 209, 15.68%, 0, 0, 2, 8.05, 9252, 2383, 0, 0
1167, 0, 5, 395, 394, 209, 15.74%, 0, 0, 2, 8.07, 9294, 2392, 0, 0
1172, 0, 5, 397, 396, 209, 15.74%, 0, 0, 2, 8.07, 9336, 2393, 0, 0
1178, 0, 5, 398, 397, 209, 15.75%, 0, 0, 2, 8.07, 9377, 2394, 0, 0
1183, 0, 5, 399, 398, 209, 15.75%, 0, 0, 2, 8.08, 9418, 2394, 0, 0
1188, 0, 5, 401, 400, 209, 15.86%, 0, 0, 2, 8.09, 9463, 2411, 0, 0
1193, 0, 5, 402, 401, 209, 15.88%, 0, 0, 2, 8.06, 9504, 2414, 0, 0
1198, 0, 5, 403, 402, 209, 15.90%, 0, 0, 2, 8.05, 9545, 2417, 0, 0
1204, 0, 5, 406, 405, 209, 15.92%, 0, 0, 2, 8.05, 9587, 2420, 0, 0
1209, 0, 5, 406, 405, 209, 15.92%, 0, 0, 2, 8.05, 9629, 2420, 0, 0
1214, 0, 5, 406, 405, 209, 15.92%, 0, 0, 2, 8.07, 9671, 2420, 0, 0
1219, 0, 5, 406, 405, 209, 15.92%, 0, 0, 2, 8.06, 9713, 2420, 0, 0
1224, 0, 5, 406, 405, 209, 15.92%, 0, 0, 2, 8.05, 9755, 2420, 0, 0
1230, 0, 5, 406, 405, 209, 15.92%, 0, 0, 2, 8.07, 9797, 2420, 0, 0
1235, 0, 5, 406, 405, 209, 15.92%, 0, 0, 2, 8.08, 9839, 2420, 0, 0
1241, 0, 5, 407, 406, 209, 15.93%, 0, 0, 2, 8.08, 9886, 2421, 0, 0
1246, 0, 5, 407, 406, 209, 15.93%, 0, 0, 2, 8.05, 9928, 2421, 0, 0
1251, 0, 5, 407, 406, 209, 15.93%, 0, 0, 2, 8.07, 9970, 2421, 0, 0
1256, 0, 5, 407, 406, 209, 15.93%, 0, 0, 2, 8.06, 10012, 2421, 0, 0
1262, 0, 5, 407, 406, 209, 15.93%, 0, 0, 2, 8.07, 10054, 2421, 0, 0
1267, 0, 5, 407, 406, 209, 15.93%, 0, 0, 2, 8.07, 10096, 2421, 0, 0
1272, 0, 5, 407, 406, 209, 15.93%, 0, 0, 2, 8.08, 10138, 2421, 0, 0
1277, 0, 5, 407, 406, 209, 15.93%, 0, 0, 2, 8.07, 10180, 2421, 0, 0
1282, 0, 5, 407, 406, 209, 15.93%, 0, 0, 2, 8.05, 10222, 2421, 0, 0
1288, 0, 5, 407, 406, 209, 15.93%, 0, 0, 2, 8.05, 10264, 2421, 0, 0
1293, 0, 5, 407, 406, 209, 15.93%, 0, 0, 2, 8.06, 10306, 2421, 0, 0
1298, 0, 5, 407, 406, 209, 15.93%, 0, 0, 2, 8.07, 10348, 2421, 0, 0
1303, 0, 5, 408, 407, 209, 15.94%, 0, 0, 2, 8.07, 10390, 2423, 0, 0
1308, 0, 5, 408, 407, 209, 15.94%, 0, 0, 2, 8.08, 10432, 2423, 0, 0
1314, 0, 5, 408, 407, 209, 15.94%, 0, 0, 2, 8.07, 10474, 2423, 0, 0
1319, 0, 5, 408, 407, 209, 15.94%, 0, 0, 2, 8.06, 10516, 2423, 0, 0
1324, 0, 5, 408, 407, 209, 15.94%, 0, 0, 2, 8.07, 10558, 2423, 0, 0
1329, 0, 5, 408, 407, 209, 15.94%, 0, 0, 2, 8.07, 10600, 2423, 0, 0
1334, 0, 5, 408, 407, 209, 15.94%, 0, 0, 2, 7.86, 10640, 2423, 0, 0
1339, 0, 5, 408, 407, 209, 15.94%, 0, 0, 2, 7.59, 10678, 2423, 0, 0
1344, 0, 5, 408, 407, 209, 15.94%, 0, 0, 2, 7.51, 10716, 2423, 0, 0
1350, 0, 5, 408, 407, 209, 15.94%, 0, 0, 2, 7.49, 10754, 2423, 0, 0
1355, 0, 5, 408, 407, 209, 15.94%, 0, 0, 2, 7.48, 10792, 2423, 0, 0
1360, 0, 5, 408, 407, 209, 15.94%, 0, 0, 2, 7.48, 10830, 2423, 0, 0
1365, 0, 5, 408, 407, 209, 15.94%, 0, 0, 2, 7.48, 10868, 2423, 0, 0
1370, 0, 5, 408, 407, 209, 15.94%, 0, 0, 2, 7.48, 10906, 2423, 0, 0
1375, 0, 5, 408, 407, 209, 15.94%, 0, 0, 2, 7.48, 10944, 2423, 0, 0
1380, 0, 5, 408, 407, 209, 15.94%, 0, 0, 2, 7.48, 10982, 2423, 0, 0
1385, 0, 5, 408, 407, 209, 15.94%, 0, 0, 2, 7.47, 11020, 2423, 0, 0
1390, 0, 5, 408, 407, 209, 15.94%, 0, 0, 2, 7.48, 11058, 2423, 0, 0
1395, 0, 5, 408, 407, 209, 15.94%, 0, 0, 2, 7.48, 11096, 2423, 0, 0
1400, 0, 5, 408, 407, 209, 15.94%, 0, 0, 2, 7.48, 11134, 2423, 0, 0
1405, 0, 5, 408, 407, 209, 15.94%, 0, 0, 2, 7.47, 11172, 2423, 0, 0
1411, 0, 5, 408, 407, 209, 15.94%, 0, 0, 2, 7.48, 11210, 2423, 0, 0
1416, 0, 5, 408, 407, 209, 15.94%, 0, 0, 2, 7.47, 11248, 2423, 0, 0
1421, 0, 5, 408, 407, 209, 15.94%, 0, 0, 2, 7.47, 11286, 2423, 0, 0
1426, 0, 5, 410, 409, 209, 15.94%, 0, 0, 2, 7.68, 11329, 2423, 0, 0
1431, 0, 5, 410, 409, 209, 15.94%, 0, 0, 2, 7.91, 11371, 2423, 0, 0
1436, 0, 5, 410, 409, 209, 15.94%, 0, 0, 2, 7.97, 11411, 2423, 0, 0
1441, 0, 5, 412, 411, 209, 15.95%, 0, 0, 2, 7.97, 11451, 2425, 0, 0
1446, 0, 5, 414, 413, 209, 15.95%, 0, 0, 2, 7.96, 11491, 2425, 0, 0
1451, 0, 5, 414, 413, 209, 15.95%, 0, 0, 2, 7.97, 11531, 2425, 0, 0
1457, 0, 5, 415, 414, 209, 15.96%, 0, 0, 2, 8.00, 11572, 2426, 0, 0
1462, 0, 5, 417, 416, 209, 15.97%, 0, 0, 2, 7.99, 11612, 2427, 0, 0
1467, 0, 5, 418, 417, 209, 15.97%, 0, 0, 2, 7.85, 11642, 2427, 0, 0
1472, 0, 5, 420, 419, 209, 15.97%, 0, 0, 2, 7.91, 11682, 2427, 0, 0
1477, 0, 5, 420, 419, 209, 15.97%, 0, 0, 2, 7.89, 11722, 2427, 0, 0
1482, 0, 5, 421, 420, 209, 16.01%, 0, 0, 2, 7.95, 11763, 2434, 0, 0
1487, 0, 5, 421, 420, 209, 16.01%, 0, 0, 2, 7.93, 11803, 2434, 0, 0
1492, 0, 5, 422, 421, 209, 16.01%, 0, 0, 2, 7.97, 11844, 2434, 0, 0
1497, 0, 5, 424, 423, 209, 16.01%, 0, 0, 2, 7.95, 11884, 2434, 0, 0
1502, 0, 5, 424, 423, 209, 16.01%, 0, 0, 2, 7.89, 11924, 2434, 0, 0
1507, 0, 5, 425, 424, 209, 16.01%, 0, 0, 2, 7.89, 11965, 2434, 0, 0
1513, 0, 5, 427, 426, 209, 16.02%, 0, 0, 2, 7.94, 12008, 2435, 0, 0
1518, 0, 5, 429, 428, 209, 16.02%, 0, 0, 2, 7.92, 12049, 2435, 0, 0
1523, 0, 5, 430, 429, 209, 16.03%, 0, 0, 2, 7.94, 12090, 2436, 0, 0
1528, 0, 5, 431, 430, 209, 16.03%, 0, 0, 2, 7.87, 12131, 2436, 0, 0
1534, 0, 5, 434, 433, 209, 16.04%, 0, 0, 2, 7.95, 12176, 2438, 0, 0
1539, 0, 5, 435, 434, 209, 16.04%, 0, 0, 2, 7.95, 12217, 2438, 0, 0
1544, 0, 5, 436, 435, 209, 16.04%, 0, 0, 2, 7.96, 12257, 2438, 0, 0
1549, 0, 5, 437, 436, 209, 16.04%, 0, 0, 2, 7.96, 12297, 2438, 0, 0
1554, 0, 5, 437, 436, 209, 16.04%, 0, 0, 2, 7.93, 12337, 2438, 0, 0
1560, 0, 5, 438, 437, 209, 16.04%, 0, 0, 2, 7.68, 12381, 2439, 0, 0
1566, 0, 5, 440, 439, 209, 16.05%, 0, 0, 2, 7.71, 12428, 2440, 0, 0
1571, 0, 5, 441, 440, 209, 16.06%, 0, 0, 2, 7.82, 12468, 2441, 0, 0
1576, 0, 5, 443, 442, 209, 16.06%, 0, 0, 2, 7.91, 12509, 2441, 0, 0
1581, 0, 5, 444, 443, 209, 16.06%, 0, 0, 2, 7.96, 12550, 2441, 0, 0
1586, 0, 5, 445, 444, 209, 16.06%, 0, 0, 2, 7.85, 12589, 2442, 0, 0
1592, 0, 5, 447, 446, 209, 16.06%, 0, 0, 2, 7.90, 12636, 2442, 0, 0
1597, 0, 5, 448, 447, 209, 16.08%, 0, 0, 2, 7.88, 12677, 2444, 0, 0
1602, 0, 5, 450, 449, 209, 16.08%, 0, 0, 2, 7.97, 12718, 2444, 0, 0
1607, 0, 5, 452, 451, 209, 16.08%, 0, 0, 2, 7.99, 12759, 2445, 0, 0
1613, 0, 5, 454, 453, 209, 16.10%, 0, 0, 2, 7.90, 12804, 2447, 0, 0
1618, 0, 5, 455, 454, 209, 16.10%, 0, 0, 2, 7.96, 12845, 2447, 0, 0
1623, 0, 5, 455, 454, 209, 16.10%, 0, 0, 2, 7.91, 12885, 2447, 0, 0
1628, 0, 5, 455, 454, 209, 16.10%, 0, 0, 2, 7.93, 12925, 2447, 0, 0
1633, 0, 5, 455, 454, 209, 16.10%, 0, 0, 2, 7.93, 12965, 2447, 0, 0
1638, 0, 5, 455, 454, 209, 16.10%, 0, 0, 2, 7.98, 13007, 2447, 0, 0
1643, 0, 5, 455, 454, 209, 16.10%, 0, 0, 2, 7.86, 13046, 2447, 0, 0
1649, 0, 5, 455, 454, 209, 16.10%, 0, 0, 2, 7.91, 13086, 2447, 0, 0
1654, 0, 5, 455, 454, 209, 16.10%, 0, 0, 2, 7.70, 13125, 2447, 0, 0
1659, 0, 5, 456, 455, 209, 16.10%, 0, 0, 2, 7.87, 13166, 2447, 0, 0
1664, 0, 5, 458, 457, 209, 16.10%, 0, 0, 2, 7.90, 13211, 2447, 0, 0
1669, 0, 5, 458, 457, 209, 16.10%, 0, 0, 2, 7.97, 13251, 2447, 0, 0
1675, 0, 5, 459, 458, 209, 16.11%, 0, 0, 2, 8.00, 13293, 2449, 0, 0
1680, 0, 5, 460, 459, 209, 16.11%, 0, 0, 2, 7.97, 13333, 2449, 0, 0
1685, 0, 5, 460, 459, 209, 16.11%, 0, 0, 2, 7.95, 13373, 2449, 0, 0
1690, 0, 5, 460, 459, 209, 16.11%, 0, 0, 2, 7.94, 13413, 2449, 0, 0
1695, 0, 5, 461, 460, 209, 16.12%, 0, 0, 2, 7.93, 13453, 2450, 0, 0
1700, 0, 5, 461, 460, 209, 16.12%, 0, 0, 2, 7.98, 13495, 2450, 0, 0
1706, 0, 5, 462, 461, 209, 16.12%, 0, 0, 2, 7.98, 13541, 2450, 0, 0
1711, 0, 5, 463, 462, 209, 16.12%, 0, 0, 2, 7.79, 13581, 2450, 0, 0
1716, 0, 5, 465, 464, 209, 16.12%, 0, 0, 2, 7.90, 13622, 2451, 0, 0
1721, 0, 5, 465, 464, 209, 16.12%, 0, 0, 2, 7.98, 13662, 2451, 0, 0
1727, 0, 5, 466, 465, 209, 16.13%, 0, 0, 2, 7.94, 13708, 2452, 0, 0
1732, 0, 5, 466, 465, 209, 16.13%, 0, 0, 2, 7.92, 13748, 2452, 0, 0
1738, 0, 5, 467, 466, 209, 16.14%, 0, 0, 2, 7.94, 13796, 2453, 0, 0
1743, 0, 5, 469, 468, 209, 16.14%, 0, 0, 2, 7.96, 13837, 2453, 0, 0
1748, 0, 5, 471, 470, 209, 16.14%, 0, 0, 2, 7.92, 13877, 2454, 0, 0
1753, 0, 5, 472, 471, 209, 16.15%, 0, 0, 2, 7.78, 13916, 2455, 0, 0
1758, 0, 5, 473, 472, 209, 16.15%, 0, 0, 2, 7.94, 13958, 2455, 0, 0
1763, 0, 5, 473, 472, 209, 16.15%, 0, 0, 2, 7.96, 13998, 2455, 0, 0
1769, 0, 5, 473, 472, 209, 16.15%, 0, 0, 2, 7.92, 14038, 2455, 0, 0
1774, 0, 5, 473, 472, 209, 16.15%, 0, 0, 2, 7.97, 14078, 2455, 0, 0
1779, 0, 5, 473, 472, 209, 16.15%, 0, 0, 2, 7.98, 14118, 2455, 0, 0
1784, 0, 5, 475, 474, 209, 16.15%, 0, 0, 2, 7.94, 14159, 2455, 0, 0
1789, 0, 5, 475, 474, 209, 16.15%, 0, 0, 2, 7.94, 14199, 2455, 0, 0
1794, 0, 5, 476, 475, 209, 16.16%, 0, 0, 2, 7.93, 14239, 2456, 0, 0
1799, 0, 5, 476, 475, 209, 16.16%, 0, 0, 2, 7.96, 14279, 2456, 0, 0
1804, 0, 5, 476, 475, 209, 16.16%, 0, 0, 2, 7.89, 14319, 2456, 0, 0
1809, 0, 5, 476, 475, 209, 16.16%, 0, 0, 2, 7.95, 14359, 2456, 0, 0
1814, 0, 5, 476, 475, 209, 16.16%, 0, 0, 2, 7.93, 14399, 2456, 0, 0
1819, 0, 5, 477, 476, 209, 16.16%, 0, 0, 2, 7.68, 14440, 2456, 0, 0
1825, 0, 5, 477, 476, 209, 16.16%, 0, 0, 2, 7.91, 14482, 2456, 0, 0
1830, 0, 5, 477, 476, 209, 16.16%, 0, 0, 2, 7.79, 14521, 2456, 0, 0
1835, 0, 5, 478, 477, 209, 16.16%, 0, 0, 2, 7.90, 14565, 2456, 0, 0
1840, 0, 5, 478, 477, 209, 16.16%, 0, 0, 2, 7.91, 14605, 2456, 0, 0
1846, 0, 5, 479, 478, 209, 16.16%, 0, 0, 2, 7.85, 14649, 2456, 0, 0
1851, 0, 5, 480, 479, 209, 16.16%, 0, 0, 2, 7.92, 14693, 2456, 0, 0
1856, 0, 5, 480, 479, 209, 16.16%, 0, 0, 2, 7.97, 14733, 2456, 0, 0
1861, 0, 5, 480, 479, 209, 16.16%, 0, 0, 2, 7.98, 14773, 2456, 0, 0
1867, 0, 5, 481, 480, 209, 16.16%, 0, 0, 2, 8.00, 14815, 2456, 0, 0
1872, 0, 5, 482, 481, 209, 16.16%, 0, 0, 2, 7.93, 14856, 2456, 0, 0
1877, 0, 5, 482, 481, 209, 16.16%, 0, 0, 2, 7.94, 14896, 2456, 0, 0
1882, 0, 5, 482, 481, 209, 16.16%, 0, 0, 2, 7.93, 14936, 2456, 0, 0
1887, 0, 5, 482, 481, 209, 16.16%, 0, 0, 2, 7.95, 14976, 2456, 0, 0
1892, 0, 5, 482, 481, 209, 16.16%, 0, 0, 2, 7.97, 15016, 2456, 0, 0
1898, 0, 5, 483, 482, 209, 16.16%, 0, 0, 2, 7.94, 15063, 2456, 0, 0
1903, 0, 5, 483, 482, 209, 16.16%, 0, 0, 2, 7.95, 15103, 2456, 0, 0
1908, 0, 5, 483, 482, 209, 16.16%, 0, 0, 2, 7.96, 15143, 2456, 0, 0
1913, 0, 5, 483, 482, 209, 16.16%, 0, 0, 2, 7.93, 15183, 2456, 0, 0
1918, 0, 5, 484, 483, 209, 16.16%, 0, 0, 2, 7.92, 15224, 2456, 0, 0
1923, 0, 5, 484, 483, 209, 16.16%, 0, 0, 2, 7.98, 15264, 2456, 0, 0
1928, 0, 5, 484, 483, 209, 16.16%, 0, 0, 2, 7.98, 15304, 2456, 0, 0
1933, 0, 5, 485, 484, 209, 16.16%, 0, 0, 2, 7.97, 15345, 2457, 0, 0
1939, 0, 5, 485, 484, 209, 16.16%, 0, 0, 2, 7.94, 15385, 2457, 0, 0
1944, 0, 5, 485, 484, 209, 16.16%, 0, 0, 2, 7.99, 15425, 2457, 0, 0
1949, 0, 5, 487, 486, 209, 16.17%, 0, 0, 2, 8.00, 15466, 2458, 0, 0
1954, 0, 5, 489, 488, 209, 16.17%, 0, 0, 2, 7.97, 15511, 2458, 0, 0
1959, 0, 5, 489, 488, 209, 16.17%, 0, 0, 2, 7.93, 15551, 2458, 0, 0
1964, 0, 5, 489, 488, 209, 16.17%, 0, 0, 2, 7.94, 15591, 2458, 0, 0
1969, 0, 5, 489, 488, 209, 16.17%, 0, 0, 2, 7.87, 15631, 2458, 0, 0
1975, 0, 5, 490, 489, 209, 16.18%, 0, 0, 2, 7.70, 15670, 2459, 0, 0
1980, 0, 5, 491, 490, 209, 16.18%, 0, 0, 2, 7.87, 15711, 2460, 0, 0
1985, 0, 5, 491, 490, 209, 16.18%, 0, 0, 2, 7.92, 15751, 2460, 0, 0
1990, 0, 5, 492, 491, 209, 16.18%, 0, 0, 2, 7.96, 15793, 2460, 0, 0
1995, 0, 5, 492, 491, 209, 16.18%, 0, 0, 2, 7.95, 15833, 2460, 0, 0
2000, 0, 5, 494, 493, 209, 16.19%, 0, 0, 2, 7.94, 15874, 2461, 0, 0
2005, 0, 5, 494, 493, 209, 16.19%, 0, 0, 2, 7.98, 15914, 2461, 0, 0
2010, 0, 5, 494, 493, 209, 16.19%, 0, 0, 2, 7.96, 15954, 2461, 0, 0
2015, 0, 5, 494, 493, 209, 16.19%, 0, 0, 2, 7.92, 15994, 2461, 0, 0
2020, 0, 5, 494, 493, 209, 16.19%, 0, 0, 2, 7.94, 16034, 2461, 0, 0
2025, 0, 5, 494, 493, 209, 16.19%, 0, 0, 2, 7.90, 16074, 2461, 0, 0
2030, 0, 5, 494, 493, 209, 16.19%, 0, 0, 2, 7.97, 16114, 2461, 0, 0
2035, 0, 5, 494, 493, 209, 16.19%, 0, 0, 2, 7.95, 16154, 2461, 0, 0
2040, 0, 5, 494, 493, 209, 16.19%, 0, 0, 2, 7.92, 16194, 2461, 0, 0
2046, 0, 5, 494, 493, 209, 16.19%, 0, 0, 2, 7.96, 16234, 2461, 0, 0
2051, 0, 5, 494, 493, 209, 16.19%, 0, 0, 2, 7.97, 16274, 2461, 0, 0
2056, 0, 5, 494, 493, 209, 16.19%, 0, 0, 2, 7.95, 16314, 2461, 0, 0
2061, 0, 5, 494, 493, 209, 16.19%, 0, 0, 2, 7.91, 16354, 2461, 0, 0
2066, 0, 5, 494, 493, 209, 16.19%, 0, 0, 2, 7.89, 16394, 2461, 0, 0
2071, 0, 5, 494, 493, 209, 16.19%, 0, 0, 2, 7.97, 16434, 2461, 0, 0
2076, 0, 5, 494, 493, 209, 16.19%, 0, 0, 2, 7.80, 16473, 2461, 0, 0
2081, 0, 5, 494, 493, 209, 16.19%, 0, 0, 2, 7.92, 16513, 2461, 0, 0
2086, 0, 5, 496, 495, 209, 16.20%, 0, 0, 2, 7.87, 16554, 2462, 0, 0
2091, 0, 5, 496, 495, 209, 16.20%, 0, 0, 2, 7.95, 16594, 2462, 0, 0
2096, 0, 5, 496, 495, 209, 16.20%, 0, 0, 2, 7.87, 16634, 2462, 0, 0
2101, 0, 5, 497, 496, 209, 16.20%, 0, 0, 2, 7.94, 16675, 2462, 0, 0
2107, 0, 5, 497, 496, 209, 16.20%, 0, 0, 2, 8.01, 16717, 2462, 0, 0
2112, 0, 5, 497, 496, 209, 16.20%, 0, 0, 2, 7.97, 16757, 2462, 0, 0
2117, 0, 5, 497, 496, 209, 16.20%, 0, 0, 2, 7.98, 16797, 2462, 0, 0
2122, 0, 5, 497, 496, 209, 16.20%, 0, 0, 2, 7.70, 16836, 2462, 0, 0
2127, 0, 5, 498, 497, 209, 16.20%, 0, 0, 2, 7.87, 16877, 2462, 0, 0
2132, 0, 5, 498, 497, 209, 16.20%, 0, 0, 2, 7.94, 16917, 2462, 0, 0
2137, 0, 5, 499, 498, 209, 16.20%, 0, 0, 2, 7.95, 16958, 2462, 0, 0
2142, 0, 5, 499, 498, 209, 16.20%, 0, 0, 2, 7.90, 16998, 2462, 0, 0
2147, 0, 5, 499, 498, 209, 16.20%, 0, 0, 2, 7.85, 17038, 2462, 0, 0
2152, 0, 5, 500, 499, 209, 16.20%, 0, 0, 2, 7.94, 17079, 2462, 0, 0
2157, 0, 5, 501, 500, 209, 16.20%, 0, 0, 2, 7.97, 17119, 2462, 0, 0
2162, 0, 5, 501, 500, 209, 16.20%, 0, 0, 2, 7.88, 17159, 2462, 0, 0
2170, 0, 7, 503, 501, 222, 16.20%, 0, 0, 2, 7.58, 17204, 2463, 0, 0
2175, 0, 7, 506, 504, 222, 16.23%, 0, 0, 2, 7.67, 17243, 2467, 0, 0
2182, 0, 7, 508, 506, 222, 16.24%, 0, 0, 2, 7.36, 17270, 2468, 0, 0
2188, 0, 7, 510, 508, 222, 16.25%, 0, 0, 2, 6.76, 17298, 2470, 0, 0
2194, 0, 7, 513, 511, 222, 16.26%, 0, 0, 2, 6.89, 17335, 2472, 0, 0
2200, 0, 7, 515, 513, 222, 16.29%, 0, 0, 2, 6.58, 17360, 2476, 0, 0
2207, 0, 7, 517, 515, 222, 16.29%, 0, 0, 2, 6.33, 17395, 2476, 0, 0
2216, 0, 7, 519, 517, 222, 16.29%, 0, 0, 2, 6.34, 17439, 2477, 0, 0
2221, 0, 7, 520, 518, 222, 16.29%, 0, 1, 2, 6.16, 17465, 2477, 0, 0
2230, 0, 7, 523, 521, 222, 16.29%, 0, 1, 2, 5.88, 17510, 2477, 0, 0
2235, 0, 7, 524, 522, 222, 16.29%, 0, 1, 2, 6.03, 17533, 2477, 0, 0
2241, 0, 7, 526, 524, 222, 16.30%, 0, 1, 2, 6.05, 17571, 2478, 0, 0
2249, 0, 7, 527, 525, 222, 16.30%, 0, 1, 2, 5.93, 17599, 2478, 0, 0
2254, 0, 7, 528, 526, 222, 16.30%, 0, 1, 2, 6.11, 17619, 2478, 0, 0
2259, 0, 7, 530, 528, 222, 16.30%, 0, 1, 2, 6.11, 17646, 2478, 0, 0
2265, 0, 7, 532, 530, 222, 16.30%, 0, 1, 2, 6.36, 17675, 2478, 0, 0
2270, 0, 7, 532, 530, 222, 16.30%, 0, 1, 2, 6.11, 17698, 2478, 0, 0
2275, 0, 7, 533, 531, 222, 16.31%, 0, 1, 2, 5.95, 17723, 2479, 0, 0
2280, 0, 7, 533, 531, 222, 16.31%, 0, 1, 2, 6.13, 17749, 2479, 0, 0
2285, 0, 7, 534, 532, 222, 16.31%, 0, 1, 2, 5.96, 17775, 2480, 0, 0
2291, 0, 7, 535, 533, 222, 16.31%, 0, 1, 2, 5.70, 17796, 2480, 0, 0
2296, 0, 7, 536, 534, 222, 16.31%, 0, 1, 2, 6.35, 17824, 2480, 0, 0
2301, 0, 7, 536, 534, 222, 16.31%, 0, 1, 2, 6.38, 17853, 2480, 0, 0
2307, 0, 7, 537, 535, 222, 16.31%, 0, 1, 2, 6.01, 17882, 2480, 0, 0
2313, 0, 7, 539, 537, 222, 16.31%, 0, 1, 2, 6.09, 17913, 2480, 0, 0
2319, 0, 7, 540, 538, 222, 16.31%, 0, 1, 2, 5.92, 17944, 2480, 0, 0
2325, 0, 7, 540, 538, 222, 16.31%, 0, 1, 2, 5.72, 17971, 2480, 0, 0
2330, 0, 7, 540, 538, 222, 16.31%, 0, 1, 2, 6.78, 18005, 2480, 0, 0
2336, 0, 7, 540, 538, 222, 16.31%, 0, 1, 2, 5.69, 18025, 2480, 0, 0
2341, 0, 7, 540, 538, 222, 16.31%, 0, 1, 2, 5.31, 18047, 2480, 0, 0
2348, 0, 7, 541, 539, 222, 16.31%, 0, 1, 2, 5.18, 18074, 2480, 0, 0
2354, 0, 7, 542, 540, 222, 16.31%, 0, 1, 2, 4.94, 18095, 2480, 0, 0
2359, 0, 7, 542, 540, 222, 16.31%, 0, 1, 2, 5.43, 18121, 2480, 0, 0
2364, 0, 7, 544, 542, 222, 16.32%, 0, 1, 2, 6.16, 18159, 2481, 0, 0
2369, 0, 7, 544, 542, 222, 16.32%, 0, 1, 2, 6.67, 18192, 2481, 0, 0
2375, 0, 7, 546, 544, 222, 16.37%, 0, 1, 2, 5.93, 18218, 2488, 0, 0
2380, 0, 7, 546, 544, 222, 16.37%, 0, 1, 2, 6.08, 18245, 2488, 0, 0
2385, 0, 7, 546, 544, 222, 16.37%, 0, 1, 2, 5.83, 18271, 2488, 0, 0
2390, 0, 7, 547, 545, 222, 16.37%, 0, 1, 2, 6.09, 18299, 2489, 0, 0
2395, 0, 7, 547, 545, 222, 16.37%, 0, 1, 2, 6.23, 18331, 2489, 0, 0
2400, 0, 7, 547, 545, 222, 16.37%, 0, 1, 2, 6.24, 18357, 2489, 0, 0
2406, 0, 7, 548, 546, 222, 16.40%, 0, 2, 2, 5.84, 18374, 2493, 0, 0
2411, 0, 7, 548, 546, 222, 16.40%, 0, 2, 2, 5.49, 18393, 2493, 0, 0
2416, 0, 7, 548, 546, 222, 16.40%, 0, 2, 2, 5.74, 18417, 2493, 0, 0
2422, 0, 7, 549, 547, 222, 16.41%, 0, 2, 2, 5.63, 18443, 2494, 0, 0
2427, 0, 7, 549, 547, 222, 16.41%, 0, 2, 2, 5.33, 18464, 2494, 0, 0
2432, 0, 7, 550, 548, 222, 16.41%, 0, 2, 2, 5.88, 18497, 2495, 0, 0
2439, 0, 7, 551, 549, 222, 16.41%, 0, 2, 2, 5.81, 18522, 2495, 0, 0
2444, 0, 7, 552, 550, 222, 16.43%, 0, 2, 2, 5.84, 18551, 2498, 0, 0
2449, 0, 7, 552, 550, 222, 16.43%, 0, 2, 2, 6.04, 18579, 2498, 0, 0
2454, 0, 7, 552, 550, 222, 16.43%, 0, 2, 2, 6.01, 18607, 2498, 0, 0
2459, 0, 7, 552, 550, 222, 16.43%, 0, 2, 2, 6.03, 18635, 2498, 0, 0
2465, 0, 7, 552, 550, 222, 16.43%, 0, 2, 2, 6.05, 18664, 2498, 0, 0
2470, 0, 7, 553, 551, 222, 16.43%, 0, 2, 2, 5.86, 18691, 2498, 0, 0
2475, 0, 7, 553, 551, 222, 16.43%, 0, 2, 2, 6.01, 18720, 2498, 0, 0
2480, 0, 7, 553, 551, 222, 16.43%, 0, 2, 2, 6.04, 18746, 2498, 0, 0
2485, 0, 7, 553, 551, 222, 16.43%, 0, 2, 2, 5.84, 18769, 2498, 0, 0
2493, 0, 7, 554, 552, 222, 16.43%, 0, 2, 2, 5.57, 18800, 2498, 0, 0
2499, 0, 7, 555, 553, 222, 16.43%, 0, 2, 2, 5.99, 18835, 2498, 0, 0
2504, 0, 7, 555, 553, 222, 16.43%, 0, 2, 2, 5.69, 18862, 2498, 0, 0
2510, 0, 7, 557, 555, 222, 16.43%, 0, 2, 2, 5.86, 18892, 2498, 0, 0
2515, 0, 7, 557, 555, 222, 16.43%, 0, 2, 2, 5.56, 18916, 2498, 0, 0
2520, 0, 7, 557, 555, 222, 16.43%, 0, 2, 2, 5.90, 18940, 2498, 0, 0
2526, 0, 7, 558, 556, 222, 16.43%, 0, 2, 2, 5.12, 18961, 2498, 0, 0
2531, 0, 7, 558, 556, 222, 16.43%, 0, 2, 2, 5.48, 18986, 2498, 0, 0
2536, 0, 7, 558, 556, 222, 16.43%, 0, 2, 2, 5.69, 19011, 2498, 0, 0
2541, 0, 7, 559, 557, 222, 16.43%, 0, 2, 2, 5.47, 19034, 2498, 0, 0
2546, 0, 7, 559, 557, 222, 16.43%, 0, 2, 2, 5.71, 19061, 2498, 0, 0
2551, 0, 7, 559, 557, 222, 16.43%, 0, 2, 2, 5.84, 19086, 2498, 0, 0
2557, 0, 7, 560, 558, 222, 16.43%, 0, 2, 2, 5.85, 19113, 2498, 0, 0
2563, 0, 7, 561, 559, 222, 16.44%, 0, 2, 2, 5.62, 19139, 2499, 0, 0
2568, 0, 7, 561, 559, 222, 16.44%, 0, 2, 2, 5.97, 19166, 2499, 0, 0
2573, 0, 7, 562, 560, 222, 16.46%, 0, 2, 2, 5.56, 19192, 2502, 0, 0
2578, 0, 7, 562, 560, 222, 16.46%, 0, 2, 2, 6.18, 19219, 2502, 0, 0
2585, 0, 7, 563, 561, 222, 16.46%, 0, 2, 2, 6.13, 19248, 2502, 0, 0
2591, 0, 7, 563, 561, 222, 16.46%, 0, 2, 2, 5.72, 19272, 2502, 0, 0
2596, 0, 7, 564, 562, 222, 16.46%, 0, 2, 2, 5.52, 19298, 2502, 0, 0
2601, 0, 7, 564, 562, 222, 16.46%, 0, 2, 2, 6.05, 19325, 2502, 0, 0
2606, 0, 7, 565, 563, 222, 16.46%, 0, 2, 2, 5.91, 19353, 2502, 0, 0
2611, 0, 7, 565, 563, 222, 16.46%, 0, 2, 2, 5.04, 19373, 2502, 0, 0
2616, 0, 8, 567, 564, 221, 16.47%, 0, 2, 2, 5.76, 19411, 2503, 0, 0
2623, 0, 8, 568, 565, 221, 16.47%, 0, 2, 2, 5.78, 19438, 2503, 0, 0
2628, 0, 8, 569, 566, 221, 16.47%, 0, 2, 2, 5.69, 19471, 2503, 0, 0
2634, 0, 8, 572, 569, 221, 16.47%, 0, 2, 2, 5.56, 19507, 2504, 0, 0
2640, 0, 8, 575, 572, 221, 16.47%, 0, 2, 2, 5.93, 19545, 2504, 0, 0
2645, 0, 8, 576, 573, 221, 16.47%, 0, 2, 2, 5.02, 19564, 2504, 0, 0
2650, 0, 8, 578, 575, 221, 16.50%, 0, 2, 2, 6.66, 19606, 2508, 0, 0
2656, 0, 8, 582, 579, 221, 16.51%, 0, 2, 2, 6.98, 19655, 2510, 0, 0
2661, 0, 8, 585, 582, 221, 16.54%, 0, 2, 2, 7.23, 19696, 2514, 0, 0
2667, 0, 8, 589, 586, 221, 16.58%, 0, 2, 2, 7.42, 19743, 2521, 0, 0
2672, 0, 8, 592, 589, 221, 16.61%, 0, 2, 2, 7.69, 19784, 2525, 0, 0
2677, 0, 8, 595, 592, 221, 16.63%, 0, 2, 2, 7.81, 19825, 2528, 0, 0
2683, 0, 8, 599, 596, 221, 16.66%, 0, 2, 2, 7.89, 19872, 2532, 0, 0
2688, 0, 8, 602, 599, 221, 16.67%, 0, 2, 2, 7.96, 19913, 2534, 0, 0
2695, 0, 8, 605, 602, 221, 16.69%, 0, 2, 2, 8.00, 19963, 2537, 0, 0
2700, 0, 8, 607, 604, 221, 16.69%, 0, 2, 2, 8.04, 20007, 2537, 0, 0
2706, 0, 8, 612, 609, 221, 16.70%, 0, 2, 2, 8.05, 20055, 2539, 0, 0
2712, 0, 8, 617, 614, 221, 16.74%, 0, 2, 2, 8.05, 20107, 2544, 0, 0
2718, 0, 8, 621, 618, 221, 16.74%, 0, 2, 2, 7.83, 20147, 2545, 0, 0
2723, 0, 8, 625, 622, 221, 16.74%, 0, 2, 2, 7.91, 20194, 2545, 0, 0
2728, 0, 8, 629, 626, 221, 16.76%, 0, 2, 2, 7.97, 20235, 2547, 0, 0
2734, 0, 8, 633, 630, 221, 16.77%, 0, 2, 2, 7.43, 20274, 2549, 0, 0
2739, 0, 8, 634, 631, 221, 16.77%, 0, 2, 2, 6.19, 20293, 2549, 0, 0
2745, 0, 8, 636, 633, 221, 16.78%, 0, 2, 2, 5.76, 20322, 2551, 0, 0
2751, 0, 8, 638, 635, 221, 16.78%, 0, 2, 2, 5.14, 20348, 2551, 0, 0
2756, 0, 8, 639, 636, 221, 16.79%, 0, 2, 2, 4.55, 20365, 2552, 0, 0
2762, 0, 8, 641, 638, 221, 16.79%, 0, 2, 2, 4.57, 20393, 2553, 0, 0
2767, 0, 8, 643, 640, 221, 16.79%, 0, 2, 2, 4.44, 20418, 2553, 0, 0
2776, 0, 8, 645, 642, 221, 16.81%, 0, 2, 2, 4.26, 20444, 2556, 0, 0
2782, 0, 8, 649, 646, 221, 16.88%, 0, 2, 2, 5.49, 20489, 2566, 0, 0
2788, 0, 8, 653, 650, 221, 16.89%, 0, 2, 2, 6.50, 20537, 2567, 0, 0
2793, 0, 8, 657, 654, 221, 17.04%, 0, 2, 2, 7.00, 20580, 2590, 0, 0
2799, 0, 8, 661, 658, 221, 17.04%, 0, 2, 2, 7.52, 20629, 2590, 0, 0
2804, 0, 8, 663, 660, 221, 17.04%, 0, 2, 2, 6.54, 20658, 2590, 0, 0
2809, 0, 8, 663, 660, 221, 17.04%, 0, 2, 2, 5.30, 20680, 2590, 0, 0
2816, 0, 8, 665, 662, 221, 17.04%, 0, 2, 2, 4.83, 20702, 2590, 0, 0
2821, 0, 8, 666, 663, 221, 17.04%, 0, 2, 2, 4.33, 20720, 2590, 0, 0
2826, 0, 8, 667, 664, 221, 17.04%, 0, 2, 2, 4.33, 20739, 2590, 0, 0
2832, 0, 8, 669, 666, 221, 17.04%, 0, 2, 2, 4.73, 20766, 2590, 0, 0
2837, 0, 8, 671, 668, 221, 17.04%, 0, 2, 2, 4.64, 20786, 2590, 0, 0
2843, 0, 8, 674, 671, 221, 17.04%, 0, 2, 2, 5.51, 20830, 2591, 0, 0
2849, 0, 8, 677, 674, 221, 17.04%, 0, 2, 2, 5.67, 20867, 2591, 0, 0
2856, 0, 8, 680, 677, 221, 17.04%, 0, 2, 2, 5.45, 20893, 2591, 0, 0
2862, 0, 8, 682, 679, 221, 17.04%, 0, 2, 2, 5.37, 20917, 2591, 0, 0
2868, 0, 8, 684, 681, 221, 17.05%, 0, 2, 2, 5.45, 20943, 2592, 0, 0
2874, 0, 12, 684, 681, 268, 17.05%, 0, 2, 2, 5.39, 20971, 2592, 0, 0
2879, 0, 12, 684, 681, 268, 17.05%, 0, 2, 2, 6.48, 21003, 2592, 0, 0
2884, 0, 12, 684, 681, 268, 17.05%, 0, 2, 2, 6.84, 21035, 2592, 0, 0
2889, 0, 12, 684, 681, 268, 17.05%, 0, 2, 2, 7.44, 21075, 2592, 0, 0
2894, 0, 12, 684, 681, 268, 17.05%, 0, 2, 2, 7.61, 21115, 2592, 0, 0
2899, 0, 12, 684, 681, 268, 17.05%, 0, 2, 2, 7.65, 21155, 2592, 0, 0
2905, 0, 12, 684, 681, 268, 17.05%, 0, 2, 2, 7.66, 21195, 2592, 0, 0
2910, 0, 12, 684, 681, 268, 17.05%, 0, 2, 2, 7.35, 21233, 2592, 0, 0
2915, 0, 12, 684, 681, 268, 17.05%, 0, 2, 2, 7.31, 21271, 2592, 0, 0
2922, 0, 15, 685, 681, 267, 17.05%, 0, 2, 2, 6.74, 21313, 2592, 0, 0
2927, 0, 16, 685, 680, 266, 17.05%, 0, 2, 2, 6.68, 21346, 2592, 0, 0
2934, 0, 17, 685, 679, 265, 17.05%, 0, 3, 2, 6.12, 21378, 2592, 0, 0
2939, 0, 17, 685, 679, 265, 17.05%, 0, 3, 2, 5.90, 21403, 2592, 0, 0
2944, 0, 17, 685, 679, 265, 17.05%, 0, 3, 2, 6.61, 21438, 2592, 0, 0
2949, 0, 17, 685, 679, 265, 17.05%, 0, 3, 2, 7.79, 21480, 2592, 0, 0
2954, 0, 17, 685, 679, 265, 17.05%, 0, 3, 2, 8.09, 21522, 2592, 0, 0
2959, 0, 17, 685, 679, 265, 17.05%, 0, 3, 2, 8.16, 21564, 2592, 0, 0
2964, 0, 17, 685, 679, 265, 17.05%, 0, 3, 2, 8.18, 21606, 2592, 0, 0
2970, 0, 17, 685, 679, 265, 17.05%, 0, 3, 2, 8.18, 21648, 2592, 0, 0
2975, 0, 17, 685, 679, 265, 17.05%, 0, 3, 2, 7.73, 21681, 2592, 0, 0
2980, 0, 17, 685, 679, 265, 17.05%, 0, 3, 2, 8.08, 21723, 2592, 0, 0
2985, 0, 17, 685, 679, 265, 17.05%, 0, 3, 2, 8.16, 21765, 2592, 0, 0
2990, 0, 17, 686, 680, 265, 17.06%, 0, 3, 2, 8.18, 21807, 2593, 0, 0
2995, 0, 17, 688, 682, 265, 17.09%, 0, 3, 2, 8.18, 21850, 2598, 0, 0
3001, 0, 17, 688, 682, 265, 17.09%, 0, 3, 2, 7.51, 21881, 2598, 0, 0
3006, 0, 17, 691, 685, 265, 17.10%, 0, 3, 2, 7.90, 21927, 2600, 0, 0
3011, 0, 17, 692, 686, 265, 17.12%, 0, 3, 2, 8.08, 21969, 2602, 0, 0
3016, 0, 17, 692, 686, 265, 17.12%, 0, 3, 2, 8.15, 22011, 2602, 0, 0
3022, 0, 17, 692, 686, 265, 17.12%, 0, 3, 2, 8.17, 22053, 2602, 0, 0
3027, 0, 17, 692, 686, 265, 17.12%, 0, 3, 2, 8.17, 22095, 2602, 0, 0
3032, 0, 17, 692, 686, 265, 17.12%, 0, 3, 2, 7.98, 22135, 2602, 0, 0
3038, 0, 17, 696, 690, 265, 17.24%, 0, 3, 2, 8.09, 22183, 2620, 0, 0
3043, 0, 17, 698, 692, 265, 17.24%, 0, 3, 2, 8.15, 22224, 2620, 0, 0
3048, 0, 17, 700, 694, 265, 17.26%, 0, 3, 2, 8.16, 22267, 2624, 0, 0
3053, 0, 17, 701, 695, 265, 17.26%, 0, 3, 2, 8.17, 22308, 2624, 0, 0
3058, 0, 17, 701, 695, 265, 17.26%, 0, 3, 2, 8.17, 22350, 2624, 0, 0
3063, 0, 17, 702, 696, 265, 17.26%, 0, 3, 2, 8.09, 22391, 2624, 0, 0
3068, 0, 17, 703, 697, 265, 17.27%, 0, 3, 2, 8.16, 22433, 2625, 0, 0
3073, 0, 17, 706, 700, 265, 17.29%, 0, 3, 2, 8.17, 22475, 2628, 0, 0
3078, 0, 17, 706, 700, 265, 17.29%, 0, 3, 2, 8.18, 22517, 2628, 0, 0
3084, 0, 17, 706, 700, 265, 17.29%, 0, 3, 2, 8.17, 22559, 2628, 0, 0
3089, 0, 17, 707, 701, 265, 17.30%, 0, 3, 2, 8.18, 22602, 2630, 0, 0
3094, 0, 17, 707, 701, 265, 17.30%, 0, 3, 2, 8.19, 22644, 2630, 0, 0
3099, 0, 17, 707, 701, 265, 17.30%, 0, 3, 2, 8.18, 22686, 2630, 0, 0
3104, 0, 17, 708, 702, 265, 17.30%, 0, 3, 2, 8.18, 22727, 2630, 0, 0
3109, 0, 17, 708, 702, 265, 17.30%, 0, 3, 2, 8.18, 22769, 2630, 0, 0
3114, 0, 17, 708, 702, 265, 17.30%, 0, 3, 2, 8.19, 22811, 2630, 0, 0
3120, 0, 17, 709, 703, 265, 17.30%, 0, 3, 2, 8.19, 22853, 2630, 0, 0
3125, 0, 17, 709, 703, 265, 17.30%, 0, 3, 2, 8.18, 22895, 2630, 0, 0
3130, 0, 17, 710, 704, 265, 17.32%, 0, 3, 2, 8.18, 22937, 2633, 0, 0
3135, 0, 17, 710, 704, 265, 17.32%, 0, 3, 2, 8.18, 22979, 2633, 0, 0
3140, 0, 17, 710, 704, 265, 17.32%, 0, 3, 2, 8.17, 23021, 2633, 0, 0
3145, 0, 17, 710, 704, 265, 17.32%, 0, 3, 2, 8.18, 23063, 2633, 0, 0
3150, 0, 17, 710, 704, 265, 17.32%, 0, 3, 2, 8.19, 23105, 2633, 0, 0
3155, 0, 17, 710, 704, 265, 17.32%, 0, 3, 2, 8.19, 23147, 2633, 0, 0
3161, 0, 17, 710, 704, 265, 17.32%, 0, 3, 2, 8.19, 23189, 2633, 0, 0
3166, 0, 17, 711, 705, 265, 17.33%, 0, 3, 2, 8.19, 23230, 2635, 0, 0
3171, 0, 17, 711, 705, 265, 17.33%, 0, 3, 2, 8.19, 23272, 2635, 0, 0
3176, 0, 17, 712, 706, 265, 17.33%, 0, 3, 2, 8.19, 23314, 2635, 0, 0
3181, 0, 17, 712, 706, 265, 17.33%, 0, 3, 2, 8.18, 23356, 2635, 0, 0
3186, 0, 17, 713, 707, 265, 17.34%, 0, 3, 2, 8.19, 23397, 2636, 0, 0
3191, 0, 17, 713, 707, 265, 17.34%, 0, 3, 2, 8.18, 23439, 2636, 0, 0
3197, 0, 17, 713, 707, 265, 17.34%, 0, 3, 2, 7.59, 23479, 2636, 0, 0
3202, 0, 17, 713, 707, 265, 17.34%, 0, 3, 2, 7.19, 23514, 2636, 0, 0
3207, 0, 17, 714, 708, 265, 17.34%, 0, 3, 2, 7.72, 23554, 2636, 0, 0
3212, 0, 17, 715, 709, 265, 17.34%, 0, 3, 2, 8.03, 23595, 2636, 0, 0
3217, 0, 17, 715, 709, 265, 17.34%, 0, 3, 2, 8.14, 23637, 2636, 0, 0
3222, 0, 17, 716, 710, 265, 17.35%, 0, 3, 2, 8.18, 23679, 2638, 0, 0
3227, 0, 17, 717, 711, 265, 17.36%, 0, 3, 2, 8.17, 23720, 2639, 0, 0
3232, 0, 17, 717, 711, 265, 17.36%, 0, 3, 2, 8.18, 23762, 2639, 0, 0
3237, 0, 17, 717, 711, 265, 17.36%, 0, 3, 2, 8.17, 23804, 2639, 0, 0
3243, 0, 17, 717, 711, 265, 17.36%, 0, 3, 2, 8.17, 23846, 2639, 0, 0
3248, 0, 17, 717, 711, 265, 17.36%, 0, 3, 2, 8.17, 23888, 2639, 0, 0
3253, 0, 17, 717, 711, 265, 17.36%, 0, 3, 2, 8.19, 23930, 2639, 0, 0
3258, 0, 17, 717, 711, 265, 17.36%, 0, 3, 2, 8.06, 23970, 2639, 0, 0
3263, 0, 17, 717, 711, 265, 17.36%, 0, 3, 2, 8.12, 24012, 2639, 0, 0
3268, 0, 17, 717, 711, 265, 17.36%, 0, 3, 2, 8.17, 24054, 2639, 0, 0
3273, 0, 17, 717, 711, 265, 17.36%, 0, 3, 2, 7.89, 24094, 2639, 0, 0
3279, 0, 17, 718, 712, 265, 17.37%, 0, 3, 2, 6.60, 24121, 2640, 0, 0
3284, 0, 17, 718, 712, 265, 17.37%, 0, 3, 2, 4.91, 24140, 2640, 0, 0
3289, 0, 17, 718, 712, 265, 17.37%, 0, 3, 2, 3.61, 24153, 2640, 0, 0
3294, 0, 17, 718, 712, 265, 17.37%, 0, 3, 2, 3.07, 24167, 2640, 0, 0
3299, 0, 17, 718, 712, 265, 17.37%, 0, 3, 2, 2.78, 24180, 2640, 0, 0
3305, 0, 17, 718, 712, 265, 17.37%, 0, 3, 2, 5.32, 24207, 2640, 0, 0
3310, 0, 17, 718, 712, 265, 17.37%, 0, 3, 2, 7.44, 24249, 2640, 0, 0
3315, 0, 17, 718, 712, 265, 17.37%, 0, 3, 2, 7.04, 24284, 2640, 0, 0
3320, 0, 17, 718, 712, 265, 17.37%, 0, 3, 2, 5.74, 24308, 2640, 0, 0
3325, 0, 17, 718, 712, 265, 17.37%, 0, 3, 2, 4.42, 24327, 2640, 0, 0
3331, 0, 17, 718, 712, 265, 17.37%, 0, 3, 2, 3.33, 24340, 2640, 0, 0
3336, 0, 17, 718, 712, 265, 17.37%, 0, 3, 2, 3.00, 24354, 2640, 0, 0
3341, 0, 17, 718, 712, 265, 17.37%, 0, 3, 2, 2.73, 24367, 2640, 0, 0
3346, 0, 17, 718, 712, 265, 17.37%, 0, 3, 2, 2.59, 24380, 2640, 0, 0
3351, 0, 17, 718, 712, 265, 17.37%, 0, 3, 2, 2.64, 24393, 2640, 0, 0
3356, 0, 17, 718, 712, 265, 17.37%, 0, 3, 2, 2.61, 24406, 2640, 0, 0
3361, 0, 17, 718, 712, 265, 17.37%, 0, 3, 2, 5.25, 24433, 2640, 0, 0
3367, 0, 17, 718, 712, 265, 17.37%, 0, 3, 2, 7.42, 24475, 2640, 0, 0
3372, 0, 17, 718, 712, 265, 17.37%, 0, 3, 2, 7.99, 24517, 2640, 0, 0
3377, 0, 17, 718, 712, 265, 17.37%, 0, 3, 2, 8.14, 24559, 2640, 0, 0
3382, 0, 17, 720, 714, 265, 17.37%, 0, 3, 2, 8.16, 24600, 2640, 0, 0
3387, 0, 17, 720, 714, 265, 17.37%, 0, 3, 2, 8.18, 24642, 2640, 0, 0
3392, 0, 17, 720, 714, 265, 17.37%, 0, 3, 2, 8.18, 24684, 2640, 0, 0
3397, 0, 17, 720, 714, 265, 17.37%, 0, 3, 2, 8.18, 24726, 2640, 0, 0
3402, 0, 17, 720, 714, 265, 17.37%, 0, 3, 2, 8.17, 24768, 2640, 0, 0
3408, 0, 17, 720, 714, 265, 17.37%, 0, 3, 2, 8.16, 24810, 2640, 0, 0
3413, 0, 17, 720, 714, 265, 17.37%, 0, 3, 2, 8.18, 24852, 2640, 0, 0
3418, 0, 17, 720, 714, 265, 17.37%, 0, 3, 2, 8.17, 24894, 2640, 0, 0
3423, 0, 17, 720, 714, 265, 17.37%, 0, 3, 2, 8.16, 24936, 2640, 0, 0
3428, 0, 17, 720, 714, 265, 17.37%, 0, 3, 2, 8.16, 24978, 2640, 0, 0
3433, 0, 17, 720, 714, 265, 17.37%, 0, 3, 2, 8.16, 25020, 2640, 0, 0
3438, 0, 17, 720, 714, 265, 17.37%, 0, 3, 2, 8.17, 25062, 2640, 0, 0
3444, 0, 17, 720, 714, 265, 17.37%, 0, 3, 2, 8.16, 25104, 2640, 0, 0
3449, 0, 17, 720, 714, 265, 17.37%, 0, 3, 2, 8.16, 25146, 2640, 0, 0
3454, 0, 17, 720, 714, 265, 17.37%, 0, 3, 2, 8.18, 25188, 2640, 0, 0
3459, 0, 17, 720, 714, 265, 17.37%, 0, 3, 2, 8.19, 25230, 2640, 0, 0
3464, 0, 17, 720, 714, 265, 17.37%, 0, 3, 2, 8.19, 25272, 2640, 0, 0
3469, 0, 17, 720, 714, 265, 17.37%, 0, 3, 2, 8.19, 25314, 2640, 0, 0
3474, 0, 17, 720, 714, 265, 17.37%, 0, 3, 2, 7.74, 25352, 2640, 0, 0
3479, 0, 17, 720, 714, 265, 17.37%, 0, 3, 2, 7.55, 25390, 2640, 0, 0
3484, 0, 17, 720, 714, 265, 17.37%, 0, 3, 2, 7.50, 25428, 2640, 0, 0
3489, 0, 17, 720, 714, 265, 17.37%, 0, 3, 2, 7.48, 25466, 2640, 0, 0
3495, 0, 17, 720, 714, 265, 17.37%, 0, 3, 2, 7.47, 25504, 2640, 0, 0
3500, 0, 17, 720, 714, 265, 17.37%, 0, 3, 2, 7.47, 25542, 2640, 0, 0
3505, 0, 17, 720, 714, 265, 17.37%, 0, 3, 2, 7.46, 25580, 2640, 0, 0
3510, 0, 17, 720, 714, 265, 17.37%, 0, 3, 2, 7.47, 25618, 2640, 0, 0
3515, 0, 17, 720, 714, 265, 17.37%, 0, 3, 2, 7.47, 25656, 2640, 0, 0
3520, 0, 17, 720, 714, 265, 17.37%, 0, 3, 2, 7.47, 25694, 2640, 0, 0
3525, 0, 17, 720, 714, 265, 17.37%, 0, 3, 2, 7.47, 25732, 2640, 0, 0
3530, 0, 17, 720, 714, 265, 17.37%, 0, 3, 2, 7.48, 25770, 2640, 0, 0
3535, 0, 17, 720, 714, 265, 17.37%, 0, 3, 2, 7.48, 25808, 2640, 0, 0
3540, 0, 17, 720, 714, 265, 17.37%, 0, 3, 2, 7.48, 25846, 2640, 0, 0
3545, 0, 17, 720, 714, 265, 17.37%, 0, 3, 2, 7.47, 25884, 2640, 0, 0
3551, 0, 17, 720, 714, 265, 17.37%, 0, 3, 2, 7.47, 25922, 2640, 0, 0
3556, 0, 17, 720, 714, 265, 17.37%, 0, 3, 2, 7.48, 25960, 2640, 0, 0
3561, 0, 17, 720, 714, 265, 17.37%, 0, 3, 2, 7.48, 25998, 2640, 0, 0
3566, 0, 17, 720, 714, 265, 17.37%, 0, 3, 2, 7.47, 26036, 2640, 0, 0
3571, 0, 17, 720, 714, 265, 17.37%, 0, 3, 2, 7.48, 26074, 2640, 0, 0
3576, 0, 17, 720, 714, 265, 17.37%, 0, 3, 2, 7.48, 26112, 2640, 0, 0
3581, 0, 17, 720, 714, 265, 17.37%, 0, 3, 2, 7.48, 26150, 2640, 0, 0
3586, 0, 17, 720, 714, 265, 17.37%, 0, 3, 2, 7.48, 26188, 2640, 0, 0
3591, 0, 17, 720, 714, 265, 17.37%, 0, 3, 2, 7.47, 26226, 2640, 0, 0
3596, 0, 17, 720, 714, 265, 17.37%, 0, 3, 2, 7.47, 26264, 2640, 0, 0
3601, 0, 17, 720, 714, 265, 17.37%, 0, 3, 2, 7.47, 26302, 2640, 0, 0
3606, 0, 17, 720, 714, 265, 17.37%, 0, 3, 2, 7.47, 26340, 2640, 0, 0
3612, 0, 17, 720, 714, 265, 17.37%, 0, 3, 2, 7.47, 26378, 2640, 0, 0
3617, 0, 17, 720, 714, 265, 17.37%, 0, 3, 2, 7.48, 26416, 2640, 0, 0
3622, 0, 17, 720, 714, 265, 17.37%, 0, 3, 2, 7.47, 26454, 2640, 0, 0
3627, 0, 17, 720, 714, 265, 17.37%, 0, 3, 2, 7.47, 26492, 2640, 0, 0
3632, 0, 17, 720, 714, 265, 17.37%, 0, 3, 2, 7.48, 26530, 2640, 0, 0
3637, 0, 17, 720, 714, 265, 17.37%, 0, 3, 2, 7.48, 26568, 2640, 0, 0
3642, 0, 17, 720, 714, 265, 17.37%, 0, 3, 2, 7.48, 26606, 2640, 0, 0
3647, 0, 17, 720, 714, 265, 17.37%, 0, 3, 2, 7.47, 26644, 2640, 0, 0
3652, 0, 17, 720, 714, 265, 17.37%, 0, 3, 2, 7.47, 26682, 2640, 0, 0
3657, 0, 17, 720, 714, 265, 17.37%, 0, 3, 2, 7.47, 26720, 2640, 0, 0
3662, 0, 17, 720, 714, 265, 17.37%, 0, 3, 2, 7.47, 26758, 2640, 0, 0
3667, 0, 17, 720, 714, 265, 17.37%, 0, 3, 2, 7.47, 26796, 2640, 0, 0
3673, 0, 17, 720, 714, 265, 17.37%, 0, 3, 2, 7.47, 26834, 2640, 0, 0
3678, 0, 17, 720, 714, 265, 17.37%, 0, 3, 2, 7.47, 26872, 2640, 0, 0
3683, 0, 17, 720, 714, 265, 17.37%, 0, 3, 2, 6.09, 26896, 2640, 0, 0
3688, 0, 17, 720, 714, 265, 17.37%, 0, 3, 2, 4.31, 26909, 2640, 0, 0
3695, 0, 17, 720, 714, 265, 17.37%, 0, 5, 2, 4.02, 26924, 2640, 0, 0
3701, 0, 18, 720, 713, 277, 17.37%, 0, 6, 2, 3.84, 26952, 2640, 0, 0
3706, 0, 18, 721, 714, 277, 17.37%, 0, 6, 2, 3.68, 26968, 2640, 0, 0
3711, 0, 19, 721, 713, 276, 17.37%, 0, 6, 2, 3.85, 26986, 2640, 0, 0
3718, 0, 19, 722, 714, 276, 17.37%, 0, 6, 2, 4.06, 27010, 2640, 0, 0
3724, 0, 19, 724, 716, 276, 17.37%, 0, 6, 2, 4.17, 27038, 2641, 0, 0
3729, 0, 19, 726, 718, 276, 17.38%, 0, 6, 2, 4.16, 27064, 2642, 0, 0
3737, 0, 19, 729, 721, 276, 17.39%, 0, 6, 2, 4.90, 27101, 2643, 0, 0
3743, 0, 19, 731, 723, 276, 17.39%, 0, 6, 2, 5.13, 27134, 2643, 0, 0
3749, 0, 19, 734, 726, 276, 17.39%, 0, 6, 2, 5.48, 27171, 2643, 0, 0
3755, 0, 19, 736, 728, 276, 17.39%, 0, 6, 2, 5.40, 27200, 2643, 0, 0
3760, 0, 19, 739, 731, 276, 17.41%, 0, 6, 2, 6.71, 27241, 2647, 0, 0
3765, 0, 19, 741, 733, 276, 17.43%, 0, 6, 2, 6.93, 27278, 2649, 0, 0
3771, 0, 19, 743, 735, 276, 17.43%, 0, 6, 2, 6.21, 27300, 2649, 0, 0
3777, 0, 19, 746, 738, 276, 17.45%, 0, 6, 2, 6.04, 27331, 2652, 0, 0
3785, 0, 19, 749, 741, 276, 17.47%, 0, 6, 2, 5.65, 27363, 2655, 0, 0
3791, 0, 19, 752, 744, 276, 17.47%, 0, 6, 2, 5.68, 27392, 2655, 0, 0
3796, 0, 22, 753, 745, 278, 17.47%, 0, 6, 2, 5.85, 27422, 2655, 0, 0
3801, 0, 22, 754, 746, 278, 17.47%, 0, 6, 2, 5.47, 27443, 2656, 0, 0
3806, 0, 22, 754, 746, 278, 17.47%, 0, 6, 2, 7.29, 27483, 2656, 0, 0
3811, 0, 22, 754, 746, 278, 17.47%, 0, 6, 2, 7.72, 27523, 2656, 0, 0
3816, 0, 22, 754, 746, 278, 17.47%, 0, 6, 2, 7.83, 27563, 2656, 0, 0
3821, 0, 22, 754, 746, 278, 17.47%, 0, 6, 2, 7.86, 27603, 2656, 0, 0
3827, 0, 22, 754, 746, 278, 17.47%, 0, 6, 2, 7.87, 27643, 2656, 0, 0
3832, 0, 22, 754, 746, 278, 17.47%, 0, 6, 2, 7.88, 27683, 2656, 0, 0
3837, 0, 22, 755, 747, 278, 17.49%, 0, 6, 2, 7.88, 27724, 2658, 0, 0
3842, 0, 22, 756, 748, 278, 17.49%, 0, 6, 2, 7.77, 27764, 2659, 0, 0
3847, 0, 22, 756, 748, 278, 17.49%, 0, 6, 2, 7.34, 27799, 2659, 0, 0
3852, 0, 22, 756, 748, 278, 17.49%, 0, 6, 2, 6.32, 27831, 2659, 0, 0
3857, 0, 22, 756, 748, 278, 17.49%, 0, 6, 2, 5.82, 27863, 2659, 0, 0
3862, 0, 22, 756, 748, 278, 17.49%, 0, 6, 2, 4.75, 27886, 2659, 0, 0
3867, 0, 22, 756, 748, 278, 17.49%, 0, 6, 2, 4.57, 27909, 2659, 0, 0
3872, 0, 22, 756, 748, 278, 17.49%, 0, 6, 2, 6.76, 27946, 2659, 0, 0
3878, 0, 22, 756, 748, 278, 17.49%, 0, 6, 2, 7.58, 27986, 2659, 0, 0
3883, 0, 22, 756, 748, 278, 17.49%, 0, 6, 2, 7.57, 28025, 2659, 0, 0
3888, 0, 22, 756, 748, 278, 17.49%, 0, 6, 2, 5.19, 28048, 2659, 0, 0
3893, 0, 22, 756, 748, 278, 17.49%, 0, 6, 2, 4.69, 28071, 2659, 0, 0
3898, 0, 22, 756, 748, 278, 17.49%, 0, 6, 2, 4.93, 28096, 2659, 0, 0
3903, 0, 22, 756, 748, 278, 17.49%, 0, 6, 2, 7.07, 28136, 2659, 0, 0
3908, 0, 22, 756, 748, 278, 17.49%, 0, 6, 2, 7.66, 28176, 2659, 0, 0
3913, 0, 22, 756, 748, 278, 17.49%, 0, 6, 2, 7.81, 28216, 2659, 0, 0
3918, 0, 22, 756, 748, 278, 17.49%, 0, 6, 2, 7.12, 28250, 2659, 0, 0
3924, 0, 22, 756, 748, 278, 17.49%, 0, 6, 2, 7.12, 28286, 2659, 0, 0
3929, 0, 22, 756, 748, 278, 17.49%, 0, 6, 2, 7.50, 28326, 2659, 0, 0
3934, 0, 22, 757, 749, 278, 17.49%, 0, 6, 2, 6.96, 28352, 2659, 0, 0
3939, 0, 22, 757, 749, 278, 17.49%, 0, 6, 2, 7.57, 28392, 2659, 0, 0
3944, 0, 22, 757, 749, 278, 17.49%, 0, 6, 2, 7.79, 28432, 2659, 0, 0
3949, 0, 22, 757, 749, 278, 17.49%, 0, 6, 2, 6.13, 28462, 2659, 0, 0
3955, 0, 22, 757, 749, 278, 17.49%, 0, 6, 2, 5.00, 28487, 2659, 0, 0
3960, 0, 22, 757, 749, 278, 17.49%, 0, 6, 2, 4.78, 28511, 2659, 0, 0
3965, 0, 22, 757, 749, 278, 17.49%, 0, 6, 2, 4.34, 28533, 2659, 0, 0
3970, 0, 22, 757, 749, 278, 17.49%, 0, 6, 2, 4.59, 28554, 2659, 0, 0
3976, 0, 22, 757, 749, 278, 17.49%, 0, 6, 2, 4.16, 28577, 2659, 0, 0
3981, 0, 22, 757, 749, 278, 17.49%, 0, 7, 2, 3.38, 28590, 2659, 0, 0
3987, 0, 22, 757, 749, 278, 17.49%, 0, 7, 2, 2.89, 28603, 2659, 0, 0
3992, 0, 22, 757, 749, 278, 17.49%, 0, 7, 2, 2.71, 28617, 2659, 0, 0
3997, 0, 22, 757, 749, 278, 17.49%, 0, 7, 2, 2.59, 28630, 2659, 0, 0
4002, 0, 22, 757, 749, 278, 17.49%, 0, 7, 2, 2.54, 28643, 2659, 0, 0
4008, 0, 22, 757, 749, 278, 17.49%, 0, 7, 2, 2.52, 28656, 2659, 0, 0
4013, 0, 22, 757, 749, 278, 17.49%, 0, 7, 2, 2.56, 28669, 2659, 0, 0
4018, 0, 22, 758, 750, 278, 17.50%, 0, 7, 2, 5.42, 28703, 2660, 0, 0
4023, 0, 22, 760, 752, 278, 17.51%, 0, 7, 2, 6.82, 28743, 2661, 0, 0
4028, 0, 22, 760, 752, 278, 17.51%, 0, 7, 2, 7.59, 28783, 2661, 0, 0
4033, 0, 22, 760, 752, 278, 17.51%, 0, 7, 2, 7.79, 28823, 2661, 0, 0
4038, 0, 22, 760, 752, 278, 17.51%, 0, 7, 2, 7.85, 28863, 2661, 0, 0
4043, 0, 22, 760, 752, 278, 17.51%, 0, 7, 2, 7.87, 28903, 2661, 0, 0
4048, 0, 22, 760, 752, 278, 17.51%, 0, 7, 2, 7.28, 28933, 2661, 0, 0
4054, 0, 22, 760, 752, 278, 17.51%, 0, 7, 2, 7.71, 28973, 2661, 0, 0
4059, 0, 22, 760, 752, 278, 17.51%, 0, 7, 2, 7.84, 29013, 2661, 0, 0
4064, 0, 22, 760, 752, 278, 17.51%, 0, 7, 2, 7.87, 29053, 2661, 0, 0
4069, 0, 22, 760, 752, 278, 17.51%, 0, 7, 2, 6.31, 29084, 2661, 0, 0
4074, 0, 22, 760, 752, 278, 17.51%, 0, 7, 2, 4.58, 29099, 2661, 0, 0
4079, 0, 22, 760, 752, 278, 17.51%, 0, 7, 2, 3.43, 29112, 2661, 0, 0
4084, 0, 22, 760, 752, 278, 17.51%, 0, 7, 2, 5.64, 29142, 2661, 0, 0
4085, 0, 23, 760, 752, 278, 17.51%, 0, 7, 2, 0.00, 29150, 2661, 0, 0
4085, 0, 23, 760, 752, 278, 17.51%, 0, 7, 2, 0.00, 29150, 2661, 0, 0
4085, 0, 23, 760, 752, 278, 17.51%, 0, 7, 2, 0.00, 29150, 2661, 0, 0
4085, 0, 23, 760, 752, 278, 17.51%, 0, 7, 2, 0.00, 29150, 2661, 0, 0
