# relative_time, cycles_done, cur_item, corpus_count, pending_total, pending_favs, map_size, saved_crashes, saved_hangs, max_depth, execs_per_sec, total_execs, edges_found, total_crashes, servers_count
61, 0, 0, 577, 332, 46, 21.75%, 0, 0, 2, 40.20, 6166, 710, 0, 0
66, 0, 0, 586, 341, 46, 21.84%, 0, 0, 2, 38.25, 6335, 713, 0, 0
72, 0, 0, 596, 351, 46, 21.90%, 0, 0, 2, 41.27, 6551, 715, 0, 0
77, 0, 0, 607, 362, 46, 21.93%, 0, 0, 2, 26.30, 6750, 716, 0, 0
82, 0, 0, 615, 370, 46, 22.02%, 0, 0, 2, 36.46, 6958, 719, 0, 0
87, 0, 0, 620, 375, 46, 22.02%, 0, 0, 2, 40.10, 7163, 719, 0, 0
92, 0, 0, 628, 383, 46, 22.05%, 0, 0, 2, 39.78, 7343, 720, 0, 0
97, 0, 0, 635, 390, 46, 22.11%, 0, 0, 2, 43.97, 7570, 722, 0, 0
103, 0, 0, 643, 398, 46, 22.14%, 0, 0, 2, 40.78, 7772, 723, 0, 0
108, 0, 0, 651, 406, 46, 22.17%, 0, 0, 2, 42.44, 7981, 724, 0, 0
113, 0, 0, 659, 414, 46, 22.17%, 0, 0, 2, 42.97, 8188, 724, 0, 0
118, 0, 21, 664, 417, 85, 22.17%, 0, 0, 2, 38.27, 8360, 724, 0, 0
123, 0, 21, 670, 423, 85, 22.17%, 0, 0, 2, 33.34, 8509, 724, 0, 0
128, 0, 21, 674, 427, 85, 22.21%, 0, 0, 2, 32.98, 8652, 725, 0, 0
133, 0, 21, 682, 435, 85, 22.27%, 0, 0, 2, 32.73, 8818, 727, 0, 0
138, 0, 21, 689, 442, 85, 22.33%, 0, 0, 2, 32.52, 8972, 729, 0, 0
144, 0, 21, 695, 448, 85, 22.33%, 0, 0, 2, 30.84, 9111, 729, 0, 0
149, 0, 21, 700, 453, 85, 22.36%, 0, 0, 2, 32.13, 9266, 730, 0, 0
154, 0, 21, 704, 457, 85, 22.39%, 0, 0, 2, 31.52, 9423, 731, 0, 0
159, 0, 21, 708, 461, 85, 22.48%, 0, 0, 2, 32.69, 9591, 734, 0, 0
164, 0, 21, 715, 468, 85, 22.51%, 0, 0, 2, 32.91, 9741, 735, 0, 0
169, 0, 21, 716, 469, 85, 22.51%, 0, 0, 2, 33.20, 9900, 735, 0, 0
174, 0, 21, 721, 474, 85, 22.54%, 0, 0, 2, 32.19, 10055, 736, 0, 0
179, 0, 21, 728, 481, 85, 22.54%, 0, 0, 2, 30.82, 10209, 736, 0, 0
184, 0, 21, 733, 486, 85, 22.54%, 0, 0, 2, 31.18, 10359, 736, 0, 0
189, 0, 21, 736, 489, 85, 22.54%, 0, 0, 2, 31.88, 10525, 736, 0, 0
194, 0, 21, 738, 491, 85, 22.54%, 0, 0, 2, 31.27, 10680, 736, 0, 0
199, 0, 21, 740, 493, 85, 22.54%, 0, 0, 2, 29.82, 10823, 736, 0, 0
205, 0, 21, 742, 495, 85, 22.54%, 0, 0, 2, 30.95, 10982, 736, 0, 0
210, 0, 21, 744, 497, 85, 22.57%, 0, 0, 2, 32.22, 11151, 737, 0, 0
215, 0, 21, 746, 499, 85, 22.57%, 0, 0, 2, 31.37, 11309, 737, 0, 0
220, 0, 21, 748, 501, 85, 22.57%, 0, 0, 2, 31.99, 11471, 737, 0, 0
226, 0, 40, 749, 501, 90, 22.57%, 0, 0, 2, 34.26, 11665, 737, 0, 0
231, 0, 74, 749, 497, 86, 22.57%, 0, 0, 2, 34.40, 11858, 737, 0, 0
237, 0, 86, 750, 496, 84, 22.57%, 0, 0, 2, 35.73, 12049, 737, 0, 0
242, 0, 101, 753, 497, 82, 22.60%, 0, 0, 2, 35.76, 12231, 738, 0, 0
247, 0, 163, 753, 494, 81, 22.60%, 0, 0, 2, 36.56, 12445, 738, 0, 0
253, 0, 312, 755, 494, 80, 22.60%, 0, 0, 2, 35.63, 12640, 738, 0, 0
258, 0, 317, 757, 494, 77, 22.66%, 0, 0, 2, 37.09, 12866, 740, 0, 0
264, 0, 374, 759, 493, 74, 22.70%, 0, 0, 2, 41.76, 13060, 741, 0, 0
269, 0, 391, 762, 493, 71, 22.70%, 0, 0, 2, 38.36, 13246, 741, 0, 0
274, 0, 403, 763, 493, 70, 22.70%, 0, 0, 2, 32.86, 13394, 741, 0, 0
279, 0, 505, 764, 488, 65, 22.70%, 0, 0, 2, 39.49, 13601, 741, 0, 0
284, 0, 517, 765, 480, 56, 22.70%, 0, 0, 3, 42.89, 13815, 741, 0, 0
289, 0, 524, 768, 480, 54, 22.70%, 0, 0, 3, 38.63, 14000, 741, 0, 0
295, 0, 524, 771, 483, 54, 22.70%, 0, 0, 3, 34.89, 14171, 741, 0, 0
300, 0, 524, 772, 484, 54, 22.70%, 0, 0, 3, 35.27, 14352, 741, 0, 0
305, 0, 524, 774, 486, 54, 22.70%, 0, 0, 3, 35.15, 14524, 741, 0, 0
310, 0, 524, 775, 487, 54, 22.70%, 0, 0, 3, 36.17, 14711, 741, 0, 0
315, 0, 524, 777, 489, 54, 22.76%, 0, 0, 3, 33.94, 14879, 743, 0, 0
320, 0, 524, 778, 490, 54, 22.76%, 0, 0, 3, 32.83, 15026, 743, 0, 0
325, 0, 524, 780, 492, 54, 22.76%, 0, 0, 3, 31.75, 15181, 743, 0, 0
330, 0, 524, 780, 492, 54, 22.76%, 0, 0, 3, 34.48, 15361, 743, 0, 0
335, 0, 524, 781, 493, 54, 22.76%, 0, 0, 3, 35.47, 15537, 743, 0, 0
340, 0, 524, 782, 494, 54, 22.76%, 0, 0, 3, 33.92, 15710, 743, 0, 0
345, 0, 524, 783, 495, 54, 22.76%, 0, 0, 3, 35.26, 15885, 743, 0, 0
351, 0, 524, 783, 495, 54, 22.76%, 0, 0, 3, 35.43, 16071, 743, 0, 0
356, 0, 524, 785, 497, 54, 22.76%, 0, 0, 3, 37.30, 16263, 743, 0, 0
361, 0, 524, 786, 498, 54, 22.76%, 0, 0, 3, 35.51, 16439, 743, 0, 0
366, 0, 524, 786, 498, 54, 22.76%, 0, 0, 3, 33.50, 16609, 743, 0, 0
371, 0, 534, 786, 493, 49, 22.76%, 0, 0, 3, 36.88, 16797, 743, 0, 0
376, 0, 544, 786, 487, 43, 22.76%, 0, 0, 3, 40.78, 17036, 743, 0, 0
382, 0, 544, 791, 492, 43, 22.76%, 0, 0, 3, 33.24, 17196, 743, 0, 0
387, 0, 544, 793, 494, 43, 22.76%, 0, 0, 3, 29.28, 17350, 743, 0, 0
392, 0, 544, 793, 494, 43, 22.76%, 0, 0, 3, 29.31, 17498, 743, 0, 0
397, 0, 544, 795, 496, 43, 22.79%, 0, 0, 3, 28.67, 17641, 744, 0, 0
402, 0, 544, 798, 499, 43, 22.79%, 0, 0, 3, 30.40, 17788, 744, 0, 0
408, 0, 544, 799, 500, 43, 22.85%, 0, 0, 3, 30.21, 17940, 746, 0, 0
413, 0, 544, 799, 500, 43, 22.85%, 0, 0, 3, 28.69, 18092, 746, 0, 0
418, 0, 544, 800, 501, 43, 22.85%, 0, 0, 3, 29.65, 18242, 746, 0, 0
423, 0, 544, 801, 502, 43, 22.85%, 0, 0, 3, 28.55, 18388, 746, 0, 0
428, 0, 544, 802, 503, 43, 22.85%, 0, 0, 3, 29.69, 18543, 746, 0, 0
433, 0, 544, 803, 504, 43, 22.85%, 0, 0, 3, 29.39, 18696, 746, 0, 0
438, 0, 544, 803, 504, 43, 22.85%, 0, 0, 3, 30.73, 18853, 746, 0, 0
443, 0, 544, 804, 505, 43, 22.85%, 0, 0, 3, 29.03, 18995, 746, 0, 0
449, 0, 544, 804, 505, 43, 22.85%, 0, 0, 3, 29.95, 19158, 746, 0, 0
454, 0, 544, 805, 506, 43, 22.85%, 0, 0, 3, 29.78, 19311, 746, 0, 0
459, 0, 544, 807, 508, 43, 22.85%, 0, 0, 3, 30.10, 19464, 746, 0, 0
464, 0, 544, 808, 509, 43, 22.85%, 0, 0, 3, 31.09, 19628, 746, 0, 0
469, 0, 544, 810, 511, 43, 22.91%, 0, 0, 3, 29.89, 19781, 748, 0, 0
475, 0, 563, 810, 505, 40, 22.91%, 0, 0, 3, 35.96, 19964, 748, 0, 0
480, 0, 573, 811, 503, 37, 22.91%, 0, 0, 3, 31.48, 20115, 748, 0, 0
485, 0, 589, 811, 499, 33, 22.91%, 0, 0, 3, 34.01, 20306, 748, 0, 0
490, 0, 613, 811, 493, 28, 22.91%, 0, 0, 3, 35.23, 20488, 748, 0, 0
495, 0, 632, 812, 490, 24, 22.91%, 0, 0, 3, 36.25, 20666, 748, 0, 0
501, 0, 682, 812, 485, 19, 22.91%, 0, 0, 3, 38.36, 20891, 748, 0, 0
506, 0, 687, 817, 489, 18, 22.91%, 0, 0, 3, 37.74, 21080, 748, 0, 0
511, 0, 687, 817, 489, 18, 22.91%, 0, 0, 3, 31.21, 21232, 748, 0, 0
516, 0, 687, 819, 491, 18, 22.91%, 0, 0, 3, 30.94, 21384, 748, 0, 0
522, 0, 687, 820, 492, 18, 22.91%, 0, 0, 3, 31.43, 21556, 748, 0, 0
527, 0, 687, 822, 494, 18, 22.91%, 0, 0, 3, 31.67, 21711, 748, 0, 0
532, 0, 687, 823, 495, 18, 22.91%, 0, 0, 3, 31.01, 21874, 748, 0, 0
537, 0, 687, 823, 495, 18, 22.91%, 0, 0, 3, 32.65, 22046, 748, 0, 0
542, 0, 687, 823, 495, 18, 22.91%, 0, 0, 3, 32.46, 22212, 748, 0, 0
547, 0, 687, 825, 497, 18, 22.91%, 0, 0, 3, 33.12, 22381, 748, 0, 0
552, 0, 687, 825, 497, 18, 22.91%, 0, 0, 3, 32.99, 22545, 748, 0, 0
557, 0, 687, 826, 498, 18, 22.91%, 0, 0, 3, 32.28, 22701, 748, 0, 0
563, 0, 687, 828, 500, 18, 22.91%, 0, 0, 3, 32.25, 22870, 748, 0, 0
568, 0, 687, 830, 502, 18, 22.91%, 0, 0, 3, 30.15, 23023, 748, 0, 0
573, 0, 687, 830, 502, 18, 22.91%, 0, 0, 3, 31.54, 23182, 748, 0, 0
578, 0, 687, 832, 504, 18, 22.91%, 0, 0, 3, 30.48, 23322, 748, 0, 0
583, 0, 687, 833, 505, 18, 22.91%, 0, 0, 3, 30.19, 23480, 748, 0, 0
588, 0, 687, 834, 506, 18, 22.94%, 0, 0, 3, 31.38, 23638, 749, 0, 0
594, 0, 695, 834, 505, 18, 22.94%, 0, 0, 3, 30.08, 23789, 749, 0, 0
599, 0, 705, 837, 507, 17, 23.12%, 0, 0, 3, 30.92, 23945, 755, 0, 0
604, 0, 710, 840, 509, 18, 23.12%, 0, 0, 3, 26.68, 24067, 755, 0, 0
609, 0, 710, 841, 510, 18, 23.12%, 0, 0, 3, 23.97, 24181, 755, 0, 0
614, 0, 710, 842, 511, 18, 23.15%, 0, 0, 3, 22.63, 24295, 756, 0, 0
620, 0, 710, 843, 512, 18, 23.15%, 0, 0, 3, 22.21, 24408, 756, 0, 0
625, 0, 710, 843, 512, 18, 23.15%, 0, 0, 3, 22.25, 24522, 756, 0, 0
630, 0, 710, 844, 513, 18, 23.15%, 0, 0, 3, 21.84, 24629, 756, 0, 0
635, 0, 710, 844, 513, 18, 23.15%, 0, 0, 3, 21.43, 24736, 756, 0, 0
640, 0, 710, 844, 513, 18, 23.15%, 0, 0, 3, 21.51, 24847, 756, 0, 0
645, 0, 710, 844, 513, 18, 23.15%, 0, 0, 3, 21.19, 24956, 756, 0, 0
650, 0, 710, 844, 513, 18, 23.15%, 0, 0, 3, 20.55, 25062, 756, 0, 0
655, 0, 710, 844, 513, 18, 23.15%, 0, 0, 3, 22.64, 25180, 756, 0, 0
661, 0, 710, 844, 513, 18, 23.15%, 0, 0, 3, 19.89, 25280, 756, 0, 0
666, 0, 710, 844, 513, 18, 23.15%, 0, 0, 3, 21.55, 25394, 756, 0, 0
671, 0, 710, 844, 513, 18, 23.15%, 0, 0, 3, 21.53, 25504, 756, 0, 0
676, 0, 710, 844, 513, 18, 23.15%, 0, 0, 3, 21.06, 25614, 756, 0, 0
681, 0, 710, 845, 514, 18, 23.15%, 0, 0, 3, 21.77, 25723, 756, 0, 0
686, 0, 710, 846, 515, 18, 23.15%, 0, 0, 3, 22.59, 25838, 756, 0, 0
691, 0, 710, 846, 515, 18, 23.15%, 0, 0, 3, 21.77, 25948, 756, 0, 0
696, 0, 711, 846, 514, 17, 23.15%, 0, 0, 3, 31.25, 26105, 756, 0, 0
701, 0, 711, 851, 519, 17, 23.15%, 0, 0, 3, 38.05, 26304, 756, 0, 0
706, 0, 711, 862, 530, 17, 23.15%, 0, 0, 3, 30.86, 26441, 756, 0, 0
712, 0, 711, 876, 544, 17, 23.28%, 0, 0, 3, 30.75, 26599, 760, 0, 0
717, 0, 711, 878, 546, 17, 23.31%, 0, 0, 3, 37.81, 26795, 761, 0, 0
722, 0, 711, 883, 551, 17, 23.34%, 0, 0, 3, 30.39, 26939, 762, 0, 0
727, 0, 711, 889, 557, 17, 23.34%, 0, 0, 3, 32.00, 27081, 762, 0, 0
732, 0, 711, 891, 559, 17, 23.40%, 0, 0, 3, 33.10, 27248, 764, 0, 0
739, 0, 711, 896, 564, 26, 23.43%, 0, 0, 3, 32.73, 27476, 765, 0, 0
744, 0, 743, 896, 561, 24, 23.43%, 0, 0, 3, 32.98, 27654, 765, 0, 0
750, 0, 752, 896, 558, 22, 23.43%, 0, 0, 3, 32.64, 27838, 765, 0, 0
755, 0, 758, 897, 556, 19, 23.43%, 0, 0, 3, 35.64, 28035, 765, 0, 0
761, 0, 775, 897, 554, 18, 23.43%, 0, 0, 3, 31.52, 28160, 765, 0, 0
766, 0, 798, 897, 553, 17, 23.43%, 0, 0, 3, 34.81, 28334, 765, 0, 0
771, 0, 809, 897, 552, 16, 23.43%, 0, 0, 3, 30.50, 28474, 765, 0, 0
776, 0, 834, 897, 550, 14, 23.43%, 0, 0, 3, 33.93, 28665, 765, 0, 0
781, 0, 841, 897, 548, 12, 23.43%, 0, 0, 3, 33.06, 28823, 765, 0, 0
786, 0, 845, 897, 547, 11, 23.43%, 0, 0, 3, 27.14, 28962, 765, 0, 0
791, 0, 872, 898, 542, 6, 23.43%, 0, 0, 4, 30.81, 29117, 765, 0, 0
796, 1, 8, 898, 533, 0, 23.43%, 0, 0, 4, 35.88, 29298, 765, 0, 0
801, 1, 8, 904, 539, 0, 23.43%, 0, 0, 4, 35.70, 29467, 765, 0, 0
806, 1, 8, 904, 539, 0, 23.43%, 0, 0, 4, 34.47, 29641, 765, 0, 0
811, 1, 8, 905, 540, 0, 23.43%, 0, 0, 4, 34.11, 29809, 765, 0, 0
816, 1, 8, 907, 542, 0, 23.43%, 0, 0, 4, 35.16, 29992, 765, 0, 0
822, 1, 8, 908, 543, 0, 23.43%, 0, 0, 4, 34.78, 30172, 765, 0, 0
827, 1, 8, 910, 545, 0, 23.43%, 0, 0, 4, 35.33, 30349, 765, 0, 0
832, 1, 8, 911, 546, 0, 23.43%, 0, 0, 4, 36.39, 30530, 765, 0, 0
837, 1, 8, 914, 549, 0, 23.43%, 0, 0, 4, 36.06, 30707, 765, 0, 0
842, 1, 8, 916, 551, 0, 23.43%, 0, 0, 4, 36.11, 30891, 765, 0, 0
847, 1, 8, 918, 553, 0, 23.43%, 0, 0, 4, 37.47, 31082, 765, 0, 0
852, 1, 8, 919, 554, 0, 23.43%, 0, 0, 4, 36.81, 31261, 765, 0, 0
857, 1, 8, 922, 557, 0, 23.43%, 0, 0, 4, 34.90, 31437, 765, 0, 0
863, 1, 8, 922, 557, 0, 23.43%, 0, 0, 4, 34.58, 31621, 765, 0, 0
868, 1, 8, 922, 557, 0, 23.43%, 0, 0, 4, 35.85, 31802, 765, 0, 0
873, 1, 8, 924, 559, 0, 23.43%, 0, 0, 4, 35.03, 31986, 765, 0, 0
878, 1, 20, 925, 558, 0, 23.43%, 0, 0, 4, 35.65, 32163, 765, 0, 0
883, 1, 31, 926, 556, 0, 23.43%, 0, 0, 4, 35.31, 32340, 765, 0, 0
888, 1, 48, 926, 553, 0, 23.43%, 0, 0, 4, 35.50, 32527, 765, 0, 0
893, 1, 71, 927, 550, 0, 23.43%, 0, 0, 4, 34.11, 32701, 765, 0, 0
898, 1, 80, 927, 549, 0, 23.43%, 0, 0, 4, 36.17, 32898, 765, 0, 0
903, 1, 97, 927, 546, 0, 23.43%, 0, 0, 4, 35.70, 33081, 765, 0, 0
908, 1, 161, 928, 542, 0, 23.43%, 0, 0, 4, 34.71, 33253, 765, 0, 0
913, 1, 220, 930, 540, 0, 23.43%, 0, 0, 4, 34.73, 33435, 765, 0, 0
919, 1, 319, 932, 538, 0, 23.43%, 0, 0, 4, 37.66, 33626, 765, 0, 0
924, 1, 365, 932, 533, 0, 23.43%, 0, 0, 4, 33.43, 33805, 765, 0, 0
929, 1, 403, 932, 527, 0, 23.43%, 0, 0, 4, 30.88, 33970, 765, 0, 0
934, 1, 419, 933, 527, 0, 23.43%, 0, 0, 4, 28.78, 34110, 765, 0, 0
939, 1, 431, 935, 524, 0, 23.43%, 0, 0, 4, 29.02, 34247, 765, 0, 0
944, 1, 445, 936, 520, 0, 23.43%, 0, 0, 4, 28.34, 34387, 765, 0, 0
949, 1, 449, 938, 519, 0, 23.43%, 0, 0, 4, 26.58, 34522, 765, 0, 0
954, 1, 449, 941, 522, 0, 23.43%, 0, 0, 4, 26.32, 34646, 765, 0, 0
959, 1, 449, 941, 522, 0, 23.43%, 0, 0, 4, 24.57, 34766, 765, 0, 0
964, 1, 449, 943, 524, 0, 23.46%, 0, 0, 4, 25.53, 34896, 766, 0, 0
969, 1, 449, 944, 525, 0, 23.46%, 0, 0, 4, 26.70, 35026, 766, 0, 0
975, 1, 449, 947, 528, 0, 23.46%, 0, 0, 4, 24.13, 35154, 766, 0, 0
980, 1, 449, 949, 530, 0, 23.46%, 0, 0, 4, 23.93, 35273, 766, 0, 0
985, 1, 449, 951, 532, 0, 23.46%, 0, 0, 4, 26.23, 35406, 766, 0, 0
990, 1, 449, 951, 532, 0, 23.46%, 0, 0, 4, 25.72, 35539, 766, 0, 0
995, 1, 449, 951, 532, 0, 23.46%, 0, 0, 4, 25.58, 35673, 766, 0, 0
1000, 1, 449, 953, 534, 0, 23.46%, 0, 0, 4, 26.51, 35800, 766, 0, 0
1006, 1, 449, 954, 535, 0, 23.46%, 0, 0, 4, 26.61, 35940, 766, 0, 0
1011, 1, 449, 954, 535, 0, 23.46%, 0, 0, 4, 27.15, 36080, 766, 0, 0
1016, 1, 449, 954, 535, 0, 23.46%, 0, 0, 4, 26.35, 36216, 766, 0, 0
1021, 1, 449, 955, 536, 0, 23.46%, 0, 0, 4, 25.88, 36348, 766, 0, 0
1026, 1, 449, 956, 537, 0, 23.46%, 0, 0, 4, 25.98, 36475, 766, 0, 0
1032, 1, 449, 957, 538, 0, 23.46%, 0, 0, 4, 26.60, 36606, 766, 0, 0
1037, 1, 449, 958, 539, 0, 23.46%, 0, 0, 4, 25.84, 36735, 766, 0, 0
1042, 1, 449, 959, 540, 0, 23.46%, 0, 0, 4, 25.49, 36867, 766, 0, 0
1047, 1, 449, 959, 540, 0, 23.46%, 0, 0, 4, 25.39, 36999, 766, 0, 0
1052, 1, 449, 961, 542, 0, 23.46%, 0, 0, 4, 25.89, 37130, 766, 0, 0
1057, 1, 524, 961, 541, 2, 23.46%, 0, 0, 4, 26.86, 37264, 766, 0, 0
1063, 1, 853, 961, 539, 2, 23.46%, 0, 0, 4, 29.63, 37468, 766, 0, 0
1068, 1, 925, 963, 540, 2, 23.46%, 0, 0, 4, 31.99, 37651, 766, 0, 0
1073, 1, 941, 964, 540, 2, 23.46%, 0, 0, 4, 30.89, 37791, 766, 0, 0
1079, 1, 941, 967, 543, 2, 23.46%, 0, 0, 4, 21.59, 37890, 766, 0, 0
1084, 1, 941, 969, 545, 2, 23.46%, 0, 0, 4, 18.98, 37983, 766, 0, 0
1090, 1, 941, 970, 546, 2, 23.46%, 0, 0, 4, 18.17, 38087, 766, 0, 0
1095, 1, 941, 971, 547, 2, 23.46%, 0, 0, 4, 18.18, 38181, 766, 0, 0
1101, 1, 941, 972, 548, 2, 23.46%, 0, 0, 4, 18.08, 38277, 766, 0, 0
1106, 1, 941, 972, 548, 2, 23.46%, 0, 0, 4, 18.55, 38375, 766, 0, 0
1111, 1, 941, 972, 548, 2, 23.46%, 0, 0, 4, 17.99, 38464, 766, 0, 0
1116, 1, 941, 972, 548, 2, 23.46%, 0, 0, 4, 17.61, 38555, 766, 0, 0
1121, 1, 941, 972, 548, 2, 23.46%, 0, 0, 4, 17.60, 38645, 766, 0, 0
1126, 1, 941, 972, 548, 2, 23.46%, 0, 0, 4, 17.93, 38735, 766, 0, 0
1131, 1, 941, 973, 549, 2, 23.46%, 0, 0, 4, 18.09, 38825, 766, 0, 0
1136, 1, 941, 973, 549, 2, 23.46%, 0, 0, 4, 18.23, 38920, 766, 0, 0
1142, 1, 941, 973, 549, 2, 23.46%, 0, 0, 4, 18.18, 39013, 766, 0, 0
1147, 1, 941, 973, 549, 2, 23.46%, 0, 0, 4, 18.42, 39105, 766, 0, 0
1152, 1, 941, 973, 549, 2, 23.46%, 0, 0, 4, 17.76, 39194, 766, 0, 0
1157, 1, 941, 973, 549, 2, 23.46%, 0, 0, 4, 18.21, 39288, 766, 0, 0
1162, 1, 941, 973, 549, 2, 23.46%, 0, 0, 4, 18.18, 39381, 766, 0, 0
1167, 1, 941, 973, 549, 2, 23.46%, 0, 0, 4, 18.21, 39474, 766, 0, 0
1172, 1, 941, 973, 549, 2, 23.46%, 0, 0, 4, 18.31, 39565, 766, 0, 0
1177, 1, 941, 973, 549, 2, 23.46%, 0, 0, 4, 17.65, 39656, 766, 0, 0
1182, 1, 941, 973, 549, 2, 23.46%, 0, 0, 4, 18.21, 39752, 766, 0, 0
1188, 1, 951, 973, 548, 2, 23.46%, 0, 0, 4, 21.16, 39889, 766, 0, 0
1193, 1, 951, 976, 551, 2, 23.46%, 0, 0, 4, 24.39, 40010, 766, 0, 0
1198, 1, 951, 978, 553, 2, 23.46%, 0, 0, 4, 25.60, 40139, 766, 0, 0
1203, 1, 951, 978, 553, 2, 23.46%, 0, 0, 4, 25.79, 40271, 766, 0, 0
1208, 1, 951, 979, 554, 2, 23.46%, 0, 0, 4, 24.94, 40398, 766, 0, 0
1213, 1, 951, 980, 555, 2, 23.46%, 0, 0, 4, 26.49, 40536, 766, 0, 0
1218, 1, 951, 981, 556, 2, 23.46%, 0, 0, 4, 24.93, 40657, 766, 0, 0
1223, 1, 951, 983, 558, 2, 23.46%, 0, 0, 4, 24.57, 40773, 766, 0, 0
1228, 1, 951, 985, 560, 2, 23.46%, 0, 0, 4, 24.87, 40893, 766, 0, 0
1233, 1, 951, 985, 560, 2, 23.46%, 0, 0, 4, 26.25, 41029, 766, 0, 0
1238, 1, 951, 986, 561, 2, 23.46%, 0, 0, 4, 25.08, 41152, 766, 0, 0
1244, 1, 951, 986, 561, 2, 23.46%, 0, 0, 4, 25.87, 41281, 766, 0, 0
1249, 1, 951, 987, 562, 2, 23.46%, 0, 0, 4, 25.02, 41403, 766, 0, 0
1254, 1, 951, 988, 563, 2, 23.46%, 0, 0, 4, 26.66, 41542, 766, 0, 0
1259, 1, 951, 988, 563, 2, 23.46%, 0, 0, 4, 25.40, 41671, 766, 0, 0
1264, 1, 951, 990, 565, 2, 23.46%, 0, 0, 4, 26.81, 41807, 766, 0, 0
1269, 1, 951, 991, 566, 2, 23.46%, 0, 0, 4, 26.10, 41940, 766, 0, 0
1274, 1, 951, 992, 567, 2, 23.46%, 0, 0, 4, 26.68, 42077, 766, 0, 0
1279, 1, 951, 992, 567, 2, 23.46%, 0, 0, 4, 26.22, 42211, 766, 0, 0
1285, 1, 951, 992, 567, 2, 23.46%, 0, 0, 4, 26.21, 42340, 766, 0, 0
1290, 1, 951, 992, 567, 2, 23.46%, 0, 0, 4, 26.24, 42473, 766, 0, 0
1295, 1, 951, 993, 568, 2, 23.46%, 0, 0, 4, 25.74, 42615, 766, 0, 0
1300, 1, 970, 993, 567, 1, 23.46%, 0, 0, 4, 22.58, 42717, 766, 0, 0
1305, 1, 970, 993, 567, 1, 23.46%, 0, 0, 4, 21.47, 42822, 766, 0, 0
1311, 1, 970, 993, 567, 1, 23.46%, 0, 0, 4, 20.61, 42928, 766, 0, 0
1317, 1, 978, 993, 566, 0, 23.46%, 0, 0, 4, 19.38, 43056, 766, 0, 0
1322, 1, 979, 994, 566, 0, 23.46%, 0, 0, 4, 19.45, 43163, 766, 0, 0
1328, 1, 982, 995, 566, 0, 23.46%, 0, 0, 4, 21.73, 43284, 766, 0, 0
1333, 1, 984, 995, 565, 0, 23.46%, 0, 0, 4, 20.03, 43380, 766, 0, 0
1338, 1, 987, 997, 566, 0, 23.46%, 0, 0, 4, 19.48, 43516, 766, 0, 0
1344, 1, 988, 997, 565, 0, 23.46%, 0, 0, 4, 21.30, 43631, 766, 0, 0
1349, 1, 989, 999, 566, 0, 23.46%, 0, 0, 4, 19.19, 43724, 766, 0, 0
1355, 1, 989, 1012, 579, 0, 23.49%, 0, 0, 4, 23.87, 43859, 767, 0, 0
1360, 1, 989, 1021, 588, 0, 23.49%, 0, 0, 4, 22.93, 43973, 767, 0, 0
1366, 1, 999, 1024, 591, 2, 23.49%, 0, 0, 4, 24.17, 44105, 767, 0, 0
1371, 1, 1002, 1026, 592, 1, 23.49%, 0, 0, 4, 25.21, 44247, 767, 0, 0
1376, 1, 1002, 1027, 593, 1, 23.49%, 0, 0, 4, 27.84, 44399, 767, 0, 0
1383, 1, 1005, 1027, 592, 0, 23.49%, 0, 0, 4, 28.67, 44574, 767, 0, 0
1388, 1, 1006, 1027, 591, 0, 23.49%, 0, 0, 4, 26.28, 44694, 767, 0, 0
1395, 1, 1008, 1029, 592, 0, 23.49%, 0, 0, 4, 30.24, 44916, 767, 0, 0
1401, 1, 1012, 1029, 590, 0, 23.49%, 0, 0, 4, 30.28, 45138, 767, 0, 0
1406, 1, 1014, 1030, 590, 0, 23.49%, 0, 0, 4, 26.11, 45232, 767, 0, 0
1412, 1, 1024, 1031, 590, 0, 23.49%, 0, 0, 4, 19.55, 45332, 767, 0, 0
1419, 1, 1027, 1032, 590, 0, 23.49%, 0, 0, 4, 19.63, 45477, 767, 0, 0
1426, 1, 1029, 1032, 588, 0, 23.49%, 0, 0, 4, 21.14, 45620, 767, 0, 0
1431, 1, 1031, 1032, 587, 0, 23.49%, 0, 0, 4, 17.94, 45707, 767, 0, 0
1436, 1, 1031, 1035, 590, 0, 23.49%, 0, 0, 4, 17.37, 45793, 767, 0, 0
1442, 1, 1031, 1037, 592, 0, 23.49%, 0, 0, 4, 16.57, 45878, 767, 0, 0
1447, 1, 1031, 1038, 593, 0, 23.49%, 0, 0, 4, 17.30, 45966, 767, 0, 0
1452, 1, 1031, 1038, 593, 0, 23.49%, 0, 0, 4, 17.23, 46052, 767, 0, 0
1457, 1, 1031, 1039, 594, 0, 23.49%, 0, 0, 4, 16.93, 46138, 767, 0, 0
1462, 1, 1031, 1039, 594, 0, 23.49%, 0, 0, 4, 17.19, 46227, 767, 0, 0
1467, 1, 1031, 1039, 594, 0, 23.49%, 0, 0, 4, 16.30, 46309, 767, 0, 0
1472, 1, 1031, 1040, 595, 0, 23.49%, 0, 0, 4, 16.79, 46392, 767, 0, 0
1477, 1, 1031, 1042, 597, 0, 23.49%, 0, 0, 4, 17.44, 46484, 767, 0, 0
1482, 1, 1031, 1043, 598, 0, 23.49%, 0, 0, 4, 17.39, 46573, 767, 0, 0
1488, 1, 1031, 1043, 598, 0, 23.49%, 0, 0, 4, 16.80, 46656, 767, 0, 0
1493, 1, 1031, 1043, 598, 0, 23.49%, 0, 0, 4, 16.54, 46740, 767, 0, 0
1498, 1, 1031, 1043, 598, 0, 23.49%, 0, 0, 4, 17.06, 46827, 767, 0, 0
1503, 1, 1031, 1043, 598, 0, 23.49%, 0, 0, 4, 17.06, 46912, 767, 0, 0
1508, 1, 1031, 1044, 599, 0, 23.49%, 0, 0, 4, 16.75, 46997, 767, 0, 0
1513, 1, 1031, 1044, 599, 0, 23.49%, 0, 0, 4, 17.35, 47085, 767, 0, 0
1518, 1, 1031, 1044, 599, 0, 23.49%, 0, 0, 4, 17.40, 47172, 767, 0, 0
1523, 1, 1031, 1045, 600, 0, 23.49%, 0, 0, 4, 16.96, 47259, 767, 0, 0
1528, 1, 1031, 1045, 600, 0, 23.49%, 0, 0, 4, 16.72, 47344, 767, 0, 0
1533, 1, 1031, 1045, 600, 0, 23.49%, 0, 0, 4, 17.72, 47436, 767, 0, 0
1539, 1, 1031, 1045, 600, 0, 23.49%, 0, 0, 4, 17.72, 47524, 767, 0, 0
1544, 1, 1031, 1045, 600, 0, 23.49%, 0, 0, 4, 17.27, 47611, 767, 0, 0
1549, 1, 1031, 1045, 600, 0, 23.49%, 0, 0, 4, 16.98, 47698, 767, 0, 0
1554, 1, 1037, 1045, 599, 1, 23.49%, 0, 0, 4, 17.67, 47802, 767, 0, 0
1559, 1, 1039, 1045, 598, 0, 23.49%, 0, 0, 4, 16.65, 47889, 767, 0, 0
1565, 1, 1043, 1045, 597, 0, 23.49%, 0, 0, 4, 14.77, 47975, 767, 0, 0
1570, 2, 10, 1047, 596, 0, 23.49%, 0, 0, 4, 24.46, 48109, 767, 0, 0
1575, 2, 40, 1049, 597, 0, 23.49%, 0, 0, 4, 33.75, 48290, 767, 0, 0
1580, 2, 71, 1052, 599, 0, 23.49%, 0, 0, 4, 33.58, 48460, 767, 0, 0
1586, 2, 85, 1052, 598, 0, 23.49%, 0, 0, 4, 35.46, 48645, 767, 0, 0
1592, 2, 119, 1053, 598, 0, 23.49%, 0, 0, 4, 37.79, 48882, 767, 0, 0
1597, 2, 280, 1053, 595, 0, 23.49%, 0, 0, 4, 37.63, 49091, 767, 0, 0
1602, 2, 312, 1055, 595, 0, 23.49%, 0, 0, 4, 33.24, 49238, 767, 0, 0
1608, 2, 328, 1055, 594, 0, 23.49%, 0, 0, 4, 35.20, 49462, 767, 0, 0
1613, 2, 387, 1055, 587, 0, 23.49%, 0, 0, 4, 32.81, 49622, 767, 0, 0
1619, 2, 392, 1058, 590, 0, 23.49%, 0, 0, 4, 33.49, 49824, 767, 0, 0
1624, 2, 392, 1065, 597, 0, 23.49%, 0, 0, 4, 33.15, 49985, 767, 0, 0
1629, 2, 392, 1068, 600, 0, 23.49%, 0, 0, 4, 35.59, 50164, 767, 0, 0
1634, 2, 392, 1069, 601, 0, 23.49%, 0, 0, 4, 35.36, 50336, 767, 0, 0
1639, 2, 392, 1070, 602, 0, 23.49%, 0, 0, 4, 36.12, 50523, 767, 0, 0
1645, 2, 392, 1072, 604, 0, 23.49%, 0, 0, 4, 35.45, 50696, 767, 0, 0
1650, 2, 392, 1074, 606, 0, 23.49%, 0, 0, 4, 34.03, 50860, 767, 0, 0
1655, 2, 392, 1077, 609, 0, 23.49%, 0, 0, 4, 34.90, 51042, 767, 0, 0
1660, 2, 392, 1080, 612, 0, 23.49%, 0, 0, 4, 34.58, 51201, 767, 0, 0
1666, 2, 392, 1082, 614, 0, 23.49%, 0, 0, 4, 35.08, 51365, 767, 0, 0
1671, 2, 392, 1086, 618, 0, 23.49%, 0, 0, 4, 34.32, 51534, 767, 0, 0
1676, 2, 392, 1087, 619, 0, 23.49%, 0, 0, 4, 36.05, 51719, 767, 0, 0
1681, 2, 392, 1090, 622, 0, 23.49%, 0, 0, 4, 33.62, 51868, 767, 0, 0
1686, 2, 392, 1092, 624, 0, 23.49%, 0, 0, 4, 35.21, 52043, 767, 0, 0
1692, 2, 392, 1094, 626, 0, 23.49%, 0, 0, 4, 35.66, 52216, 767, 0, 0
1697, 2, 392, 1095, 627, 0, 23.49%, 0, 0, 4, 35.05, 52387, 767, 0, 0
1702, 2, 392, 1095, 627, 0, 23.49%, 0, 0, 4, 35.86, 52570, 767, 0, 0
1707, 2, 392, 1097, 629, 0, 23.49%, 0, 0, 4, 35.59, 52734, 767, 0, 0
1712, 2, 398, 1097, 626, 0, 23.49%, 0, 0, 4, 37.19, 52923, 767, 0, 0
1718, 2, 407, 1097, 625, 0, 23.49%, 0, 0, 4, 29.62, 53082, 767, 0, 0
1724, 2, 435, 1097, 621, 0, 23.49%, 0, 0, 4, 31.83, 53246, 767, 0, 0
1729, 2, 456, 1098, 619, 0, 23.49%, 0, 0, 4, 29.04, 53381, 767, 0, 0
1734, 2, 463, 1099, 618, 0, 23.49%, 0, 0, 4, 26.78, 53498, 767, 0, 0
1739, 2, 496, 1099, 610, 0, 23.49%, 0, 0, 4, 30.50, 53655, 767, 0, 0
1744, 2, 511, 1099, 608, 0, 23.49%, 0, 0, 4, 34.58, 53830, 767, 0, 0
1749, 2, 521, 1101, 610, 0, 23.49%, 0, 0, 4, 36.61, 54011, 767, 0, 0
1754, 2, 535, 1103, 612, 0, 23.49%, 0, 0, 4, 33.92, 54177, 767, 0, 0
1760, 2, 548, 1104, 612, 0, 23.49%, 0, 0, 4, 36.02, 54369, 767, 0, 0
1766, 2, 557, 1104, 608, 0, 23.49%, 0, 0, 4, 34.45, 54557, 767, 0, 0
1771, 2, 585, 1104, 605, 0, 23.49%, 0, 0, 4, 36.47, 54743, 767, 0, 0
1776, 2, 604, 1106, 604, 0, 23.49%, 0, 0, 4, 29.69, 54883, 767, 0, 0
1781, 2, 604, 1107, 605, 0, 23.49%, 0, 0, 4, 25.69, 55009, 767, 0, 0
1787, 2, 616, 1107, 602, 0, 23.49%, 0, 0, 4, 30.80, 55205, 767, 0, 0
1792, 2, 632, 1108, 597, 0, 23.49%, 0, 0, 4, 30.46, 55353, 767, 0, 0
1797, 2, 640, 1111, 598, 0, 23.49%, 0, 0, 4, 32.75, 55513, 767, 0, 0
1802, 2, 640, 1112, 599, 0, 23.49%, 0, 0, 4, 36.64, 55697, 767, 0, 0
1808, 2, 648, 1113, 598, 0, 23.49%, 0, 0, 4, 36.37, 55875, 767, 0, 0
1813, 2, 656, 1113, 595, 0, 23.49%, 0, 0, 4, 33.99, 56046, 767, 0, 0
1818, 2, 691, 1113, 588, 0, 23.49%, 0, 0, 4, 31.01, 56202, 767, 0, 0
1823, 2, 712, 1113, 584, 0, 23.49%, 0, 0, 4, 30.04, 56349, 767, 0, 0
1828, 2, 727, 1113, 578, 0, 23.49%, 0, 0, 4, 28.41, 56482, 767, 0, 0
1833, 2, 741, 1113, 572, 0, 23.49%, 0, 0, 4, 29.07, 56620, 767, 0, 0
1838, 2, 760, 1113, 570, 0, 23.49%, 0, 0, 4, 32.39, 56791, 767, 0, 0
1843, 2, 795, 1114, 566, 0, 23.49%, 0, 0, 4, 27.63, 56926, 767, 0, 0
1848, 2, 833, 1115, 564, 0, 23.49%, 0, 0, 4, 27.27, 57058, 767, 0, 0
1854, 2, 845, 1115, 563, 0, 23.49%, 0, 0, 4, 24.71, 57169, 767, 0, 0
1859, 2, 869, 1116, 562, 0, 23.49%, 0, 0, 4, 28.20, 57309, 767, 0, 0
1864, 2, 880, 1117, 560, 0, 23.49%, 0, 0, 4, 27.41, 57445, 767, 0, 0
1869, 2, 897, 1119, 560, 0, 23.49%, 0, 0, 5, 30.18, 57599, 767, 0, 0
1875, 2, 927, 1119, 559, 1, 23.49%, 0, 0, 5, 28.55, 57778, 767, 0, 0
1880, 2, 927, 1121, 561, 1, 23.49%, 0, 0, 5, 27.32, 57915, 767, 0, 0
1885, 2, 927, 1122, 562, 1, 23.49%, 0, 0, 5, 27.25, 58043, 767, 0, 0
1890, 2, 1033, 1122, 561, 1, 23.49%, 0, 0, 5, 26.18, 58163, 767, 0, 0
1896, 2, 1033, 1123, 562, 1, 23.49%, 0, 0, 5, 18.33, 58246, 767, 0, 0
1901, 2, 1091, 1124, 561, 1, 23.49%, 0, 0, 5, 19.77, 58344, 767, 0, 0
1906, 2, 1091, 1126, 563, 1, 23.49%, 0, 0, 5, 20.26, 58451, 767, 0, 0
1911, 2, 1091, 1128, 565, 1, 23.49%, 0, 0, 5, 20.41, 58558, 767, 0, 0
1916, 2, 1091, 1129, 566, 1, 23.49%, 0, 0, 5, 20.13, 58660, 767, 0, 0
1921, 2, 1091, 1130, 567, 1, 23.49%, 0, 0, 5, 20.87, 58761, 767, 0, 0
1927, 2, 1091, 1131, 568, 1, 23.49%, 0, 0, 5, 20.06, 58862, 767, 0, 0
1932, 2, 1091, 1133, 570, 1, 23.49%, 0, 0, 5, 20.43, 58962, 767, 0, 0
1937, 2, 1091, 1133, 570, 1, 23.49%, 0, 0, 5, 20.44, 59065, 767, 0, 0
1942, 2, 1091, 1136, 573, 1, 23.49%, 0, 0, 5, 21.78, 59186, 767, 0, 0
1947, 2, 1091, 1137, 574, 1, 23.49%, 0, 0, 5, 21.17, 59292, 767, 0, 0
1952, 2, 1091, 1137, 574, 1, 23.49%, 0, 0, 5, 20.66, 59397, 767, 0, 0
1957, 2, 1091, 1137, 574, 1, 23.49%, 0, 0, 5, 20.70, 59505, 767, 0, 0
1963, 2, 1091, 1137, 574, 1, 23.49%, 0, 0, 5, 20.09, 59605, 767, 0, 0
1968, 2, 1091, 1138, 575, 1, 23.49%, 0, 0, 5, 20.18, 59701, 767, 0, 0
1973, 2, 1091, 1139, 576, 1, 23.49%, 0, 0, 5, 21.88, 59819, 767, 0, 0
1978, 2, 1091, 1139, 576, 1, 23.49%, 0, 0, 5, 21.44, 59929, 767, 0, 0
1983, 2, 1091, 1139, 576, 1, 23.49%, 0, 0, 5, 20.36, 60031, 767, 0, 0
1988, 2, 1091, 1140, 577, 1, 23.49%, 0, 0, 5, 20.57, 60136, 767, 0, 0
1993, 2, 1091, 1141, 578, 1, 23.49%, 0, 0, 5, 20.33, 60235, 767, 0, 0
1999, 2, 1091, 1141, 578, 1, 23.49%, 0, 0, 5, 20.75, 60343, 767, 0, 0
2004, 2, 1091, 1141, 578, 1, 23.49%, 0, 0, 5, 20.22, 60441, 767, 0, 0
2009, 2, 1091, 1141, 578, 1, 23.49%, 0, 0, 5, 20.06, 60545, 767, 0, 0
2014, 2, 1091, 1141, 578, 1, 23.49%, 0, 0, 5, 20.42, 60645, 767, 0, 0
2019, 2, 1091, 1142, 579, 1, 23.49%, 0, 0, 5, 19.98, 60745, 767, 0, 0
2024, 2, 1091, 1142, 579, 1, 23.49%, 0, 0, 5, 20.20, 60851, 767, 0, 0
2030, 2, 1091, 1144, 581, 1, 23.49%, 0, 0, 5, 20.56, 60958, 767, 0, 0
2035, 2, 1091, 1144, 581, 1, 23.49%, 0, 0, 5, 19.81, 61057, 767, 0, 0
2040, 2, 1117, 1144, 580, 1, 23.49%, 0, 0, 5, 23.93, 61216, 767, 0, 0
2045, 2, 1118, 1147, 582, 0, 23.49%, 0, 0, 6, 30.05, 61388, 767, 0, 0
2051, 2, 1118, 1160, 595, 0, 23.49%, 0, 0, 6, 30.07, 61525, 767, 0, 0
2056, 2, 1118, 1169, 604, 0, 23.49%, 0, 0, 6, 26.18, 61632, 767, 0, 0
2061, 2, 1118, 1175, 610, 0, 23.49%, 0, 0, 6, 22.74, 61714, 767, 0, 0
2068, 2, 1144, 1182, 617, 1, 23.49%, 0, 0, 6, 23.32, 61887, 767, 0, 0
2073, 2, 1150, 1183, 617, 0, 23.49%, 0, 0, 6, 28.54, 62058, 767, 0, 0
2078, 2, 1151, 1183, 616, 0, 23.49%, 0, 0, 6, 27.11, 62180, 767, 0, 0
2085, 2, 1157, 1183, 614, 0, 23.49%, 0, 0, 6, 27.65, 62403, 767, 0, 0
2090, 2, 1158, 1184, 614, 0, 23.49%, 0, 0, 6, 29.89, 62572, 767, 0, 0
2095, 2, 1160, 1185, 614, 0, 23.49%, 0, 0, 6, 26.82, 62697, 767, 0, 0
2100, 2, 1160, 1186, 615, 0, 23.49%, 0, 0, 6, 23.39, 62806, 767, 0, 0
2105, 2, 1170, 1186, 614, 0, 23.49%, 0, 0, 6, 20.50, 62894, 767, 0, 0
2111, 2, 1183, 1186, 612, 0, 23.49%, 0, 0, 6, 22.66, 63068, 767, 0, 0
2116, 2, 1183, 1188, 614, 0, 23.49%, 0, 0, 6, 23.08, 63171, 767, 0, 0
2121, 2, 1183, 1189, 615, 0, 23.49%, 0, 0, 6, 23.85, 63284, 767, 0, 0
2126, 2, 1183, 1190, 616, 0, 23.49%, 0, 0, 6, 23.50, 63398, 767, 0, 0
2131, 2, 1183, 1190, 616, 0, 23.49%, 0, 0, 6, 24.69, 63529, 767, 0, 0
2136, 2, 1183, 1190, 616, 0, 23.49%, 0, 0, 6, 25.44, 63659, 767, 0, 0
2142, 2, 1185, 1190, 615, 0, 23.49%, 0, 0, 6, 25.71, 63803, 767, 0, 0
2147, 2, 1188, 1191, 614, 0, 23.49%, 0, 0, 6, 18.74, 63882, 767, 0, 0
2153, 2, 1190, 1192, 614, 0, 23.49%, 0, 0, 6, 15.97, 63965, 767, 0, 0
2158, 2, 1191, 1192, 613, 0, 23.49%, 0, 0, 6, 14.38, 64035, 767, 0, 0
2163, 3, 16, 1192, 611, 0, 23.49%, 0, 0, 6, 22.97, 64146, 767, 0, 0
2168, 3, 74, 1192, 608, 0, 23.49%, 0, 0, 6, 32.60, 64323, 767, 0, 0
2173, 3, 117, 1192, 607, 0, 23.49%, 0, 0, 6, 36.92, 64527, 767, 0, 0
2178, 3, 222, 1192, 602, 0, 23.49%, 0, 0, 6, 35.09, 64710, 767, 0, 0
2183, 3, 315, 1193, 600, 0, 23.49%, 0, 0, 6, 32.87, 64865, 767, 0, 0
2188, 3, 385, 1193, 596, 0, 23.49%, 0, 0, 6, 32.09, 65026, 767, 0, 0
2193, 3, 401, 1193, 593, 0, 23.49%, 0, 0, 6, 35.16, 65215, 767, 0, 0
2199, 3, 423, 1194, 590, 0, 23.49%, 0, 0, 6, 28.17, 65347, 767, 0, 0
2204, 3, 453, 1194, 584, 0, 23.49%, 0, 0, 6, 27.06, 65487, 767, 0, 0
2209, 3, 474, 1194, 577, 0, 23.49%, 0, 0, 6, 26.13, 65622, 767, 0, 0
2214, 3, 487, 1194, 573, 0, 23.49%, 0, 0, 6, 24.99, 65757, 767, 0, 0
2219, 3, 502, 1194, 568, 0, 23.49%, 0, 0, 6, 29.80, 65911, 767, 0, 0
2224, 3, 515, 1194, 567, 0, 23.49%, 0, 0, 6, 34.68, 66097, 767, 0, 0
2229, 3, 533, 1194, 565, 0, 23.49%, 0, 0, 6, 36.02, 66281, 767, 0, 0
2235, 3, 550, 1194, 563, 0, 23.49%, 0, 0, 6, 38.82, 66528, 767, 0, 0
2241, 3, 575, 1194, 559, 0, 23.49%, 0, 0, 6, 36.62, 66710, 767, 0, 0
2246, 3, 593, 1196, 559, 0, 23.49%, 0, 0, 6, 30.60, 66850, 767, 0, 0
2251, 3, 612, 1196, 557, 0, 23.49%, 0, 0, 6, 31.52, 67003, 767, 0, 0
2256, 3, 638, 1196, 554, 0, 23.49%, 0, 0, 6, 29.91, 67156, 767, 0, 0
2263, 3, 667, 1196, 550, 0, 23.49%, 0, 0, 6, 31.12, 67358, 767, 0, 0
2268, 3, 690, 1196, 546, 0, 23.49%, 0, 0, 6, 27.08, 67483, 767, 0, 0
2273, 3, 709, 1196, 541, 0, 23.49%, 0, 0, 6, 26.42, 67615, 767, 0, 0
2278, 3, 743, 1196, 537, 0, 23.49%, 0, 0, 6, 26.68, 67746, 767, 0, 0
2283, 3, 755, 1196, 535, 0, 23.49%, 0, 0, 6, 28.45, 67902, 767, 0, 0
2288, 3, 776, 1197, 533, 0, 23.49%, 0, 0, 6, 29.77, 68051, 767, 0, 0
2294, 3, 806, 1197, 529, 0, 23.49%, 0, 0, 6, 23.93, 68210, 767, 0, 0
2299, 3, 827, 1198, 526, 0, 23.49%, 0, 0, 6, 24.71, 68329, 767, 0, 0
2304, 3, 834, 1199, 524, 0, 23.49%, 0, 0, 6, 27.86, 68465, 767, 0, 0
2309, 3, 842, 1201, 525, 0, 23.49%, 0, 0, 6, 23.39, 68576, 767, 0, 0
2314, 3, 850, 1201, 523, 0, 23.49%, 0, 0, 6, 23.06, 68695, 767, 0, 0
2320, 3, 872, 1202, 522, 0, 23.49%, 0, 0, 6, 26.65, 68819, 767, 0, 0
2325, 3, 885, 1202, 519, 0, 23.49%, 0, 0, 6, 22.17, 68928, 767, 0, 0
2330, 3, 899, 1202, 516, 0, 23.49%, 0, 0, 6, 27.20, 69076, 767, 0, 0
2335, 3, 905, 1202, 513, 0, 23.49%, 0, 0, 6, 30.73, 69229, 767, 0, 0
2340, 3, 919, 1202, 509, 0, 23.49%, 0, 0, 6, 29.04, 69372, 767, 0, 0
2345, 3, 931, 1202, 506, 0, 23.49%, 0, 0, 6, 27.59, 69511, 767, 0, 0
2350, 3, 948, 1202, 504, 0, 23.49%, 0, 0, 6, 21.28, 69613, 767, 0, 0
2355, 3, 952, 1203, 504, 0, 23.49%, 0, 0, 6, 20.42, 69720, 767, 0, 0
2360, 3, 975, 1203, 501, 0, 23.49%, 0, 0, 6, 20.18, 69828, 767, 0, 0
2367, 3, 986, 1204, 501, 0, 23.49%, 0, 0, 6, 18.29, 69943, 767, 0, 0
2373, 3, 986, 1205, 502, 0, 23.49%, 0, 0, 6, 15.97, 70019, 767, 0, 0
2378, 3, 993, 1205, 500, 0, 23.49%, 0, 0, 6, 16.98, 70111, 767, 0, 0
2384, 3, 997, 1205, 498, 0, 23.49%, 0, 0, 6, 16.52, 70209, 767, 0, 0
2389, 3, 1006, 1205, 496, 0, 23.49%, 0, 0, 6, 22.03, 70316, 767, 0, 0
2395, 3, 1020, 1205, 493, 0, 23.49%, 0, 0, 6, 21.09, 70429, 767, 0, 0
2400, 3, 1026, 1205, 491, 0, 23.49%, 0, 0, 6, 24.33, 70544, 767, 0, 0
2406, 3, 1036, 1205, 489, 0, 23.49%, 0, 0, 6, 19.31, 70657, 767, 0, 0
2411, 3, 1037, 1205, 488, 0, 23.49%, 0, 0, 6, 18.62, 70753, 767, 0, 0
2416, 3, 1071, 1206, 487, 0, 23.49%, 0, 0, 6, 25.95, 70897, 767, 0, 0
2421, 3, 1078, 1207, 486, 0, 23.49%, 0, 0, 6, 30.78, 71068, 767, 0, 0
2426, 3, 1087, 1207, 484, 0, 23.49%, 0, 0, 6, 27.89, 71223, 767, 0, 0
2431, 3, 1094, 1208, 484, 0, 23.49%, 0, 0, 6, 21.40, 71316, 767, 0, 0
2437, 3, 1097, 1208, 482, 0, 23.49%, 0, 0, 6, 16.82, 71399, 767, 0, 0
2442, 3, 1106, 1209, 481, 0, 23.49%, 0, 0, 6, 20.99, 71507, 767, 0, 0
2447, 3, 1109, 1209, 479, 0, 23.49%, 0, 0, 6, 20.17, 71600, 767, 0, 0
2452, 3, 1116, 1209, 476, 0, 23.49%, 0, 0, 6, 19.04, 71700, 767, 0, 0
2457, 3, 1120, 1210, 475, 0, 23.49%, 0, 0, 6, 17.32, 71785, 767, 0, 0
2464, 3, 1124, 1210, 473, 0, 23.49%, 0, 0, 6, 23.98, 71942, 767, 0, 0
2469, 3, 1137, 1210, 471, 0, 23.49%, 0, 0, 6, 18.79, 72032, 767, 0, 0
2474, 3, 1143, 1210, 468, 0, 23.49%, 0, 0, 6, 15.02, 72100, 767, 0, 0
2479, 3, 1148, 1210, 467, 0, 23.49%, 0, 0, 6, 28.25, 72253, 767, 0, 0
2484, 3, 1169, 1210, 464, 0, 23.49%, 0, 0, 6, 23.11, 72356, 767, 0, 0
2490, 3, 1177, 1210, 462, 0, 23.49%, 0, 0, 6, 17.46, 72436, 767, 0, 0
2495, 3, 1194, 1210, 459, 0, 23.49%, 0, 0, 6, 17.28, 72526, 767, 0, 0
2500, 3, 1205, 1210, 456, 0, 23.49%, 0, 0, 6, 17.85, 72613, 767, 0, 0
2505, 4, 7, 1211, 454, 0, 23.49%, 0, 0, 6, 25.84, 72765, 767, 0, 0
2510, 4, 74, 1211, 453, 0, 23.49%, 0, 0, 6, 31.38, 72934, 767, 0, 0
2515, 4, 217, 1211, 451, 0, 23.49%, 0, 0, 6, 34.92, 73126, 767, 0, 0
2520, 4, 323, 1211, 450, 0, 23.49%, 0, 0, 6, 34.82, 73306, 767, 0, 0
2526, 4, 397, 1211, 445, 0, 23.49%, 0, 0, 6, 31.56, 73469, 767, 0, 0
2531, 4, 434, 1211, 442, 0, 23.49%, 0, 0, 6, 28.27, 73627, 767, 0, 0
2536, 4, 483, 1211, 437, 0, 23.49%, 0, 0, 6, 28.68, 73773, 767, 0, 0
2541, 4, 508, 1211, 436, 0, 23.49%, 0, 0, 6, 34.31, 73952, 767, 0, 0
2546, 4, 521, 1211, 435, 0, 23.49%, 0, 0, 6, 33.96, 74130, 767, 0, 0
2551, 4, 542, 1211, 434, 0, 23.49%, 0, 0, 6, 34.84, 74313, 767, 0, 0
2556, 4, 564, 1211, 434, 0, 23.49%, 0, 0, 6, 35.54, 74486, 767, 0, 0
2561, 4, 575, 1211, 431, 0, 23.49%, 0, 0, 6, 32.82, 74656, 767, 0, 0
2567, 4, 614, 1211, 430, 0, 23.49%, 0, 0, 6, 35.27, 74838, 767, 0, 0
2572, 4, 648, 1212, 430, 0, 23.49%, 0, 0, 6, 32.44, 74992, 767, 0, 0
2577, 4, 668, 1212, 429, 0, 23.49%, 0, 0, 6, 28.70, 75110, 767, 0, 0
2582, 4, 705, 1212, 425, 0, 23.49%, 0, 0, 6, 27.49, 75243, 767, 0, 0
2587, 4, 731, 1212, 422, 0, 23.49%, 0, 0, 6, 27.14, 75386, 767, 0, 0
2592, 4, 752, 1212, 418, 0, 23.49%, 0, 0, 6, 29.14, 75529, 767, 0, 0
2597, 4, 765, 1213, 419, 0, 23.49%, 0, 0, 6, 29.53, 75669, 767, 0, 0
2602, 4, 794, 1213, 415, 0, 23.49%, 0, 0, 6, 25.87, 75800, 767, 0, 0
2607, 4, 802, 1215, 416, 0, 23.49%, 0, 0, 6, 24.28, 75918, 767, 0, 0
2613, 4, 809, 1216, 414, 0, 23.49%, 0, 0, 6, 25.38, 76043, 767, 0, 0
2618, 4, 834, 1216, 409, 0, 23.49%, 0, 0, 6, 28.81, 76204, 767, 0, 0
2623, 4, 846, 1216, 408, 0, 23.49%, 0, 0, 6, 25.97, 76310, 767, 0, 0
2628, 4, 864, 1216, 401, 0, 23.49%, 0, 0, 6, 27.47, 76453, 767, 0, 0
2633, 4, 880, 1216, 400, 0, 23.49%, 0, 0, 6, 33.07, 76631, 767, 0, 0
2638, 4, 916, 1216, 398, 0, 23.49%, 0, 0, 6, 32.73, 76792, 767, 0, 0
2643, 4, 924, 1216, 396, 0, 23.49%, 0, 0, 6, 24.24, 76889, 767, 0, 0
2648, 4, 935, 1216, 393, 0, 23.49%, 0, 0, 6, 22.02, 77002, 767, 0, 0
2653, 4, 940, 1216, 390, 0, 23.49%, 0, 0, 6, 25.19, 77131, 767, 0, 0
2658, 4, 959, 1216, 388, 0, 23.49%, 0, 0, 6, 26.24, 77256, 767, 0, 0
2664, 4, 965, 1216, 386, 0, 23.49%, 0, 0, 6, 21.14, 77353, 767, 0, 0
2669, 4, 982, 1217, 384, 0, 23.49%, 0, 0, 6, 17.67, 77445, 767, 0, 0
2675, 4, 982, 1226, 393, 0, 23.49%, 0, 0, 6, 19.36, 77550, 767, 0, 0
2681, 4, 1010, 1227, 393, 0, 23.49%, 0, 0, 6, 20.78, 77674, 767, 0, 0
2686, 4, 1011, 1228, 393, 0, 23.49%, 0, 0, 6, 17.42, 77758, 767, 0, 0
2691, 4, 1037, 1228, 390, 0, 23.49%, 0, 0, 6, 17.84, 77849, 767, 0, 0
2696, 4, 1045, 1228, 389, 0, 23.49%, 0, 0, 6, 16.26, 77931, 767, 0, 0
2702, 4, 1054, 1228, 386, 0, 23.49%, 0, 0, 6, 20.25, 78046, 767, 0, 0
2707, 4, 1063, 1228, 384, 0, 23.49%, 0, 0, 6, 20.17, 78144, 767, 0, 0
2713, 4, 1069, 1230, 384, 0, 23.49%, 0, 0, 6, 27.81, 78305, 767, 0, 0
2718, 4, 1082, 1230, 381, 0, 23.49%, 0, 0, 6, 19.82, 78398, 767, 0, 0
2723, 4, 1083, 1231, 381, 0, 23.49%, 0, 0, 6, 23.62, 78522, 767, 0, 0
2728, 4, 1098, 1231, 379, 0, 23.49%, 0, 0, 6, 21.16, 78626, 767, 0, 0
2733, 4, 1104, 1231, 377, 0, 23.49%, 0, 0, 6, 17.59, 78708, 767, 0, 0
2738, 4, 1118, 1231, 374, 0, 23.49%, 0, 0, 6, 18.15, 78799, 767, 0, 0
2743, 4, 1127, 1231, 373, 0, 23.49%, 0, 0, 6, 18.93, 78910, 767, 0, 0
2748, 4, 1130, 1231, 371, 0, 23.49%, 0, 0, 6, 17.49, 79006, 767, 0, 0
2754, 4, 1149, 1231, 368, 0, 23.49%, 0, 0, 6, 21.71, 79134, 767, 0, 0
2759, 4, 1168, 1231, 365, 0, 23.49%, 0, 0, 6, 18.89, 79237, 767, 0, 0
2764, 4, 1181, 1231, 364, 0, 23.49%, 0, 0, 6, 16.99, 79314, 767, 0, 0
2769, 4, 1199, 1231, 362, 0, 23.49%, 0, 0, 6, 16.26, 79396, 767, 0, 0
2774, 4, 1209, 1231, 360, 0, 23.49%, 0, 0, 6, 15.86, 79478, 767, 0, 0
2779, 4, 1214, 1231, 359, 0, 23.49%, 0, 0, 6, 15.73, 79560, 767, 0, 0
2784, 4, 1215, 1231, 358, 0, 23.49%, 0, 0, 6, 16.03, 79641, 767, 0, 0
2789, 4, 1215, 1231, 358, 0, 23.49%, 0, 0, 6, 15.13, 79716, 767, 0, 0
2794, 4, 1224, 1231, 357, 0, 23.49%, 0, 0, 6, 15.88, 79796, 767, 0, 0
2800, 4, 1228, 1232, 356, 0, 23.49%, 0, 0, 6, 24.34, 79922, 767, 0, 0
2805, 5, 10, 1232, 355, 0, 23.49%, 0, 0, 6, 34.83, 80113, 767, 0, 0
2810, 5, 80, 1232, 355, 0, 23.49%, 0, 0, 6, 35.71, 80289, 767, 0, 0
2815, 5, 274, 1232, 355, 0, 23.49%, 0, 0, 6, 38.65, 80514, 767, 0, 0
2820, 5, 318, 1232, 353, 0, 23.49%, 0, 0, 6, 31.98, 80671, 767, 0, 0
2826, 5, 365, 1232, 350, 0, 23.49%, 0, 0, 6, 33.06, 80863, 767, 0, 0
2831, 5, 402, 1232, 347, 0, 23.49%, 0, 0, 6, 30.51, 81019, 767, 0, 0
2836, 5, 438, 1232, 343, 0, 23.49%, 0, 0, 6, 26.31, 81145, 767, 0, 0
2841, 5, 497, 1233, 341, 0, 23.49%, 0, 0, 6, 28.05, 81279, 767, 0, 0
2847, 5, 514, 1233, 340, 0, 23.49%, 0, 0, 6, 34.98, 81467, 767, 0, 0
2852, 5, 534, 1233, 339, 0, 23.49%, 0, 0, 6, 39.66, 81669, 767, 0, 0
2857, 5, 541, 1233, 337, 0, 23.49%, 0, 0, 6, 35.41, 81830, 767, 0, 0
2862, 5, 561, 1233, 335, 0, 23.49%, 0, 0, 6, 31.67, 81997, 767, 0, 0
2867, 5, 579, 1233, 333, 0, 23.49%, 0, 0, 6, 29.45, 82146, 767, 0, 0
2873, 5, 603, 1233, 331, 0, 23.49%, 0, 0, 6, 31.56, 82333, 767, 0, 0
2878, 5, 625, 1233, 328, 0, 23.49%, 0, 0, 6, 30.91, 82493, 767, 0, 0
2883, 5, 669, 1233, 326, 0, 23.49%, 0, 0, 6, 29.35, 82649, 767, 0, 0
2888, 5, 700, 1233, 323, 0, 23.49%, 0, 0, 6, 27.59, 82790, 767, 0, 0
2893, 5, 721, 1233, 321, 0, 23.49%, 0, 0, 6, 27.90, 82943, 767, 0, 0
2899, 5, 744, 1234, 319, 0, 23.49%, 0, 0, 6, 27.99, 83079, 767, 0, 0
2904, 5, 758, 1234, 316, 0, 23.49%, 0, 1, 6, 31.45, 83197, 767, 0, 0
2909, 5, 778, 1234, 315, 0, 23.49%, 0, 1, 6, 30.53, 83347, 767, 0, 0
2914, 5, 825, 1234, 312, 0, 23.49%, 0, 1, 6, 24.44, 83464, 767, 0, 0
2919, 5, 850, 1234, 310, 0, 23.49%, 0, 1, 6, 26.49, 83607, 767, 0, 0
2924, 5, 873, 1234, 309, 0, 23.49%, 0, 1, 6, 28.59, 83754, 767, 0, 0
2929, 5, 890, 1234, 308, 0, 23.49%, 0, 1, 6, 28.54, 83866, 767, 0, 0
2934, 5, 921, 1234, 305, 0, 23.49%, 0, 1, 6, 30.01, 84020, 767, 0, 0
2939, 5, 963, 1234, 304, 0, 23.49%, 0, 1, 6, 25.54, 84154, 767, 0, 0
2944, 5, 973, 1234, 301, 0, 23.49%, 0, 1, 6, 19.44, 84237, 767, 0, 0
2949, 5, 983, 1234, 299, 0, 23.49%, 0, 1, 6, 18.94, 84328, 767, 0, 0
2955, 5, 998, 1234, 297, 0, 23.49%, 0, 1, 6, 23.48, 84455, 767, 0, 0
2960, 5, 1023, 1234, 295, 0, 23.49%, 0, 1, 6, 17.44, 84541, 767, 0, 0
2965, 5, 1052, 1234, 293, 0, 23.49%, 0, 1, 6, 26.07, 84665, 767, 0, 0
2970, 5, 1061, 1234, 291, 0, 23.49%, 0, 1, 6, 28.72, 84829, 767, 0, 0
2975, 5, 1077, 1234, 288, 0, 23.49%, 0, 1, 6, 20.39, 84925, 767, 0, 0
2980, 5, 1085, 1235, 286, 0, 23.49%, 0, 1, 6, 20.17, 85021, 767, 0, 0
2985, 5, 1092, 1235, 284, 0, 23.49%, 0, 1, 6, 17.95, 85109, 767, 0, 0
2990, 5, 1099, 1236, 284, 0, 23.49%, 0, 1, 6, 19.90, 85225, 767, 0, 0
2996, 5, 1108, 1236, 282, 0, 23.49%, 0, 1, 6, 19.77, 85332, 767, 0, 0
3001, 5, 1114, 1237, 282, 0, 23.49%, 0, 1, 6, 19.86, 85429, 767, 0, 0
3006, 5, 1131, 1237, 281, 0, 23.49%, 0, 1, 6, 22.29, 85539, 767, 0, 0
3011, 5, 1136, 1237, 279, 0, 23.49%, 0, 1, 6, 21.06, 85640, 767, 0, 0
3016, 5, 1144, 1237, 277, 0, 23.49%, 0, 1, 6, 20.23, 85732, 767, 0, 0
3021, 5, 1165, 1237, 275, 0, 23.49%, 0, 1, 6, 24.96, 85863, 767, 0, 0
3026, 5, 1200, 1237, 273, 0, 23.49%, 0, 1, 6, 21.18, 85965, 767, 0, 0
3031, 5, 1211, 1237, 272, 0, 23.49%, 0, 1, 6, 20.66, 86066, 767, 0, 0
3036, 5, 1218, 1237, 270, 0, 23.49%, 0, 1, 6, 21.60, 86192, 767, 0, 0
3042, 5, 1219, 1238, 270, 0, 23.49%, 0, 1, 6, 24.25, 86312, 767, 0, 0
3047, 5, 1222, 1238, 269, 0, 23.49%, 0, 1, 6, 20.54, 86424, 767, 0, 0
3052, 5, 1225, 1238, 268, 0, 23.49%, 0, 1, 6, 17.28, 86498, 767, 0, 0
3057, 5, 1236, 1238, 266, 0, 23.49%, 0, 1, 6, 16.68, 86581, 767, 0, 0
3062, 5, 1236, 1238, 266, 0, 23.49%, 0, 1, 6, 14.37, 86651, 767, 0, 0
3067, 6, 10, 1238, 264, 0, 23.49%, 0, 1, 6, 18.86, 86741, 767, 0, 0
3072, 6, 76, 1238, 264, 0, 23.49%, 0, 1, 6, 31.02, 86932, 767, 0, 0
3077, 6, 283, 1238, 262, 0, 23.49%, 0, 1, 6, 38.14, 87133, 767, 0, 0
3082, 6, 363, 1238, 261, 0, 23.49%, 0, 1, 6, 33.77, 87296, 767, 0, 0
3087, 6, 401, 1238, 257, 0, 23.49%, 0, 1, 6, 32.74, 87466, 767, 0, 0
3092, 6, 444, 1238, 255, 0, 23.49%, 0, 1, 6, 29.25, 87622, 767, 0, 0
3098, 6, 499, 1238, 252, 0, 23.49%, 0, 1, 6, 28.23, 87759, 767, 0, 0
3103, 6, 514, 1238, 251, 0, 23.49%, 0, 1, 6, 37.21, 87957, 767, 0, 0
3108, 6, 534, 1238, 250, 0, 23.49%, 0, 1, 6, 38.42, 88151, 767, 0, 0
3115, 6, 560, 1238, 249, 0, 23.49%, 0, 1, 6, 39.58, 88407, 767, 0, 0
3120, 6, 575, 1238, 248, 0, 23.49%, 0, 1, 6, 32.68, 88563, 767, 0, 0
3125, 6, 607, 1238, 247, 0, 23.49%, 0, 1, 6, 33.78, 88737, 767, 0, 0
3130, 6, 626, 1238, 245, 0, 23.49%, 0, 1, 6, 33.69, 88890, 767, 0, 0
3135, 6, 658, 1238, 243, 0, 23.49%, 0, 1, 6, 31.68, 89048, 767, 0, 0
3141, 6, 695, 1238, 239, 0, 23.49%, 0, 1, 6, 26.07, 89181, 767, 0, 0
3146, 6, 749, 1238, 238, 0, 23.49%, 0, 1, 6, 29.36, 89342, 767, 0, 0
3151, 6, 780, 1238, 237, 0, 23.49%, 0, 1, 6, 32.47, 89518, 767, 0, 0
3156, 6, 818, 1238, 233, 0, 23.49%, 0, 1, 6, 27.64, 89676, 767, 0, 0
3161, 6, 837, 1238, 230, 0, 23.49%, 0, 1, 6, 27.23, 89810, 767, 0, 0
3166, 6, 871, 1238, 229, 0, 23.49%, 0, 1, 6, 29.37, 89959, 767, 0, 0
3172, 6, 889, 1239, 230, 0, 23.49%, 0, 1, 6, 27.50, 90101, 767, 0, 0
3179, 6, 926, 1239, 227, 0, 23.49%, 0, 1, 6, 25.72, 90294, 767, 0, 0
3184, 6, 943, 1239, 225, 0, 23.49%, 0, 1, 6, 22.79, 90414, 767, 0, 0
3189, 6, 962, 1239, 222, 0, 23.49%, 0, 1, 6, 29.77, 90568, 767, 0, 0
3194, 6, 980, 1239, 220, 0, 23.49%, 0, 1, 6, 25.25, 90685, 767, 0, 0
3199, 6, 1037, 1239, 219, 0, 23.49%, 0, 1, 6, 20.95, 90800, 767, 0, 0
3204, 6, 1055, 1239, 219, 0, 23.49%, 0, 1, 6, 19.54, 90904, 767, 0, 0
3209, 6, 1074, 1239, 216, 0, 23.49%, 0, 1, 6, 20.49, 91012, 767, 0, 0
3214, 6, 1084, 1240, 216, 0, 23.49%, 0, 1, 6, 24.83, 91139, 767, 0, 0
3219, 6, 1106, 1240, 215, 0, 23.49%, 0, 1, 6, 22.67, 91272, 767, 0, 0
3224, 6, 1132, 1240, 214, 0, 23.49%, 0, 1, 6, 18.92, 91372, 767, 0, 0
3230, 6, 1144, 1240, 211, 0, 23.49%, 0, 1, 6, 22.91, 91483, 767, 0, 0
3235, 6, 1182, 1240, 209, 0, 23.49%, 0, 1, 6, 20.12, 91587, 767, 0, 0
3241, 6, 1189, 1240, 207, 0, 23.49%, 0, 1, 6, 18.60, 91697, 767, 0, 0
3246, 6, 1202, 1240, 207, 0, 23.49%, 0, 1, 6, 18.20, 91786, 767, 0, 0
3251, 6, 1210, 1240, 206, 0, 23.49%, 0, 1, 6, 22.35, 91902, 767, 0, 0
3256, 6, 1212, 1242, 207, 0, 23.49%, 0, 1, 6, 25.62, 92035, 767, 0, 0
3261, 6, 1212, 1242, 207, 0, 23.49%, 0, 1, 6, 25.89, 92169, 767, 0, 0
3267, 6, 1216, 1242, 206, 0, 23.49%, 0, 1, 6, 26.33, 92292, 767, 0, 0
3272, 6, 1216, 1242, 206, 0, 23.49%, 0, 1, 6, 18.31, 92373, 767, 0, 0
3277, 6, 1223, 1244, 206, 0, 23.49%, 0, 1, 6, 16.32, 92452, 767, 0, 0
3282, 6, 1223, 1244, 206, 0, 23.49%, 0, 1, 6, 24.09, 92593, 767, 0, 0
3287, 6, 1223, 1244, 206, 0, 23.49%, 0, 1, 6, 27.73, 92740, 767, 0, 0
3292, 6, 1233, 1245, 206, 0, 23.55%, 0, 1, 6, 22.02, 92825, 769, 0, 0
3298, 6, 1234, 1249, 209, 0, 23.55%, 0, 1, 6, 18.94, 92923, 769, 0, 0
3303, 6, 1244, 1252, 212, 1, 23.55%, 0, 1, 6, 18.06, 93015, 769, 0, 0
3308, 6, 1244, 1253, 213, 1, 23.55%, 0, 1, 6, 17.12, 93097, 769, 0, 0
3313, 6, 1244, 1253, 213, 1, 23.55%, 0, 1, 6, 16.95, 93183, 769, 0, 0
3318, 6, 1244, 1254, 214, 1, 23.55%, 0, 1, 6, 17.98, 93278, 769, 0, 0
3323, 6, 1244, 1254, 214, 1, 23.55%, 0, 1, 6, 17.89, 93369, 769, 0, 0
3328, 6, 1244, 1254, 214, 1, 23.55%, 0, 1, 6, 17.28, 93457, 769, 0, 0
3333, 6, 1251, 1254, 213, 0, 23.55%, 0, 1, 6, 18.67, 93561, 769, 0, 0
3339, 6, 1251, 1255, 214, 0, 23.55%, 0, 1, 6, 20.84, 93666, 769, 0, 0
3344, 6, 1254, 1255, 213, 0, 23.55%, 0, 1, 6, 19.22, 93750, 769, 0, 0
3349, 7, 44, 1255, 211, 0, 23.55%, 0, 1, 6, 26.28, 93876, 769, 0, 0
3354, 7, 92, 1255, 211, 0, 23.55%, 0, 1, 6, 34.55, 94057, 769, 0, 0
3359, 7, 283, 1255, 207, 0, 23.55%, 0, 1, 6, 35.60, 94243, 769, 0, 0
3364, 7, 358, 1255, 207, 0, 23.55%, 0, 1, 6, 35.20, 94426, 769, 0, 0
3369, 7, 413, 1255, 205, 0, 23.55%, 0, 1, 6, 30.56, 94573, 769, 0, 0
3374, 7, 468, 1255, 204, 0, 23.55%, 0, 1, 6, 25.07, 94686, 769, 0, 0
3379, 7, 503, 1255, 202, 0, 23.55%, 0, 1, 6, 30.64, 94834, 769, 0, 0
3384, 7, 517, 1255, 201, 0, 23.55%, 0, 1, 6, 37.02, 95028, 769, 0, 0
3389, 7, 537, 1255, 199, 0, 23.55%, 0, 1, 6, 36.05, 95203, 769, 0, 0
3394, 7, 561, 1255, 198, 0, 23.55%, 0, 1, 6, 36.73, 95387, 769, 0, 0
3399, 7, 577, 1255, 198, 0, 23.55%, 0, 1, 6, 34.19, 95525, 769, 0, 0
3404, 7, 612, 1255, 195, 0, 23.55%, 0, 1, 6, 34.20, 95695, 769, 0, 0
3410, 7, 662, 1255, 195, 0, 23.55%, 0, 1, 6, 34.69, 95879, 769, 0, 0
3416, 7, 697, 1255, 194, 0, 23.55%, 0, 1, 6, 30.14, 96040, 769, 0, 0
3421, 7, 735, 1255, 190, 0, 23.55%, 0, 1, 6, 31.59, 96195, 769, 0, 0
3426, 7, 763, 1255, 190, 0, 23.55%, 0, 1, 6, 30.04, 96339, 769, 0, 0
3431, 7, 784, 1255, 188, 0, 23.55%, 0, 1, 6, 26.05, 96469, 769, 0, 0
3436, 7, 801, 1255, 185, 0, 23.55%, 0, 1, 6, 24.91, 96590, 769, 0, 0
3441, 7, 841, 1255, 184, 0, 23.55%, 0, 1, 6, 26.30, 96724, 769, 0, 0
3446, 7, 884, 1255, 183, 0, 23.55%, 0, 1, 6, 28.92, 96877, 769, 0, 0
3451, 7, 920, 1255, 181, 0, 23.55%, 0, 1, 6, 32.18, 97041, 769, 0, 0
3456, 7, 949, 1255, 180, 0, 23.55%, 0, 1, 6, 25.60, 97165, 769, 0, 0
3462, 7, 989, 1255, 178, 0, 23.55%, 0, 1, 6, 23.43, 97275, 769, 0, 0
3467, 7, 1037, 1255, 176, 0, 23.55%, 0, 1, 6, 21.25, 97393, 769, 0, 0
3472, 7, 1044, 1255, 175, 0, 23.55%, 0, 1, 6, 17.77, 97480, 769, 0, 0
3477, 7, 1049, 1255, 174, 0, 23.55%, 0, 1, 6, 17.47, 97592, 769, 0, 0
3482, 7, 1055, 1255, 172, 0, 23.55%, 0, 1, 6, 19.80, 97695, 769, 0, 0
3487, 7, 1121, 1255, 171, 0, 23.55%, 0, 1, 6, 20.58, 97810, 769, 0, 0
3492, 7, 1146, 1255, 170, 0, 23.55%, 0, 1, 6, 23.30, 97922, 769, 0, 0
3498, 7, 1154, 1255, 169, 0, 23.55%, 0, 1, 6, 25.87, 98074, 769, 0, 0
3503, 7, 1196, 1255, 167, 0, 23.55%, 0, 1, 6, 18.18, 98156, 769, 0, 0
3508, 7, 1203, 1255, 166, 0, 23.55%, 0, 1, 6, 15.46, 98234, 769, 0, 0
3513, 7, 1242, 1255, 164, 0, 23.55%, 0, 1, 6, 15.49, 98316, 769, 0, 0
3518, 7, 1244, 1255, 163, 0, 23.55%, 0, 1, 6, 17.35, 98407, 769, 0, 0
3523, 7, 1248, 1255, 163, 0, 23.55%, 0, 1, 6, 18.10, 98507, 769, 0, 0
3528, 7, 1250, 1256, 163, 0, 23.55%, 0, 1, 6, 19.23, 98605, 769, 0, 0
3534, 7, 1250, 1257, 164, 0, 23.55%, 0, 1, 6, 21.66, 98719, 769, 0, 0
3539, 7, 1250, 1257, 164, 0, 23.55%, 0, 1, 6, 21.75, 98831, 769, 0, 0
3544, 7, 1252, 1257, 163, 0, 23.55%, 0, 1, 6, 20.47, 98923, 769, 0, 0
3549, 7, 1252, 1257, 163, 0, 23.55%, 0, 1, 6, 15.06, 98993, 769, 0, 0
3554, 8, 11, 1257, 162, 0, 23.55%, 0, 1, 6, 22.72, 99109, 769, 0, 0
3559, 8, 85, 1257, 161, 0, 23.55%, 0, 1, 6, 31.06, 99276, 769, 0, 0
3564, 8, 118, 1257, 160, 0, 23.55%, 0, 1, 6, 33.30, 99449, 769, 0, 0
3569, 8, 319, 1257, 158, 0, 23.55%, 0, 1, 6, 34.68, 99626, 769, 0, 0
3574, 8, 418, 1257, 157, 0, 23.55%, 0, 1, 6, 30.41, 99784, 769, 0, 0
3580, 8, 481, 1257, 153, 0, 23.55%, 0, 1, 6, 26.14, 99936, 769, 0, 0
3585, 8, 512, 1257, 153, 0, 23.55%, 0, 1, 6, 38.02, 100132, 769, 0, 0
3590, 8, 534, 1257, 153, 0, 23.55%, 0, 1, 6, 38.47, 100330, 769, 0, 0
3596, 8, 562, 1257, 153, 0, 23.55%, 0, 1, 6, 36.89, 100550, 769, 0, 0
3601, 8, 585, 1257, 151, 0, 23.55%, 0, 1, 6, 34.63, 100726, 769, 0, 0
3606, 8, 613, 1257, 151, 0, 23.55%, 0, 1, 6, 32.35, 100869, 769, 0, 0
3613, 8, 647, 1257, 147, 0, 23.55%, 0, 1, 6, 30.19, 101064, 769, 0, 0
3618, 8, 687, 1257, 145, 0, 23.55%, 0, 1, 6, 29.57, 101208, 769, 0, 0
3623, 8, 720, 1257, 142, 0, 23.55%, 0, 1, 6, 26.43, 101340, 769, 0, 0
3628, 8, 750, 1257, 141, 0, 23.55%, 0, 1, 6, 29.69, 101498, 769, 0, 0
3634, 8, 759, 1257, 141, 0, 23.55%, 0, 1, 6, 30.42, 101657, 769, 0, 0
3639, 8, 798, 1257, 139, 0, 23.55%, 0, 1, 6, 26.92, 101790, 769, 0, 0
3644, 8, 851, 1257, 138, 0, 23.55%, 0, 1, 6, 28.43, 101934, 769, 0, 0
3649, 8, 890, 1257, 137, 0, 23.55%, 0, 1, 6, 30.93, 102089, 769, 0, 0
3655, 8, 936, 1258, 136, 0, 23.55%, 0, 1, 6, 24.01, 102228, 769, 0, 0
3660, 8, 942, 1258, 135, 0, 23.55%, 0, 1, 6, 24.46, 102355, 769, 0, 0
3665, 8, 961, 1258, 134, 0, 23.55%, 0, 1, 6, 25.15, 102474, 769, 0, 0
3670, 8, 1016, 1259, 134, 0, 23.55%, 0, 1, 6, 24.43, 102585, 769, 0, 0
3675, 8, 1037, 1259, 132, 0, 23.55%, 0, 1, 6, 20.15, 102690, 769, 0, 0
3682, 8, 1069, 1259, 131, 0, 23.55%, 0, 1, 6, 19.60, 102840, 769, 0, 0
3687, 8, 1114, 1259, 130, 0, 23.55%, 0, 1, 6, 19.64, 102941, 769, 0, 0
3692, 8, 1131, 1259, 130, 0, 23.55%, 0, 1, 6, 21.29, 103044, 769, 0, 0
3697, 8, 1153, 1259, 130, 0, 23.55%, 0, 1, 6, 19.97, 103156, 769, 0, 0
3702, 8, 1191, 1259, 129, 0, 23.55%, 0, 1, 6, 20.14, 103258, 769, 0, 0
3707, 8, 1200, 1259, 129, 0, 23.55%, 0, 1, 6, 18.77, 103344, 769, 0, 0
3712, 8, 1229, 1259, 128, 0, 23.55%, 0, 1, 6, 16.17, 103422, 769, 0, 0
3718, 8, 1237, 1259, 127, 0, 23.55%, 0, 1, 6, 17.30, 103512, 769, 0, 0
3725, 8, 1246, 1259, 127, 0, 23.55%, 0, 1, 6, 17.11, 103631, 769, 0, 0
3730, 8, 1246, 1259, 127, 0, 23.55%, 0, 1, 6, 16.95, 103716, 769, 0, 0
3735, 9, 10, 1259, 125, 0, 23.55%, 0, 1, 6, 27.90, 103865, 769, 0, 0
3740, 9, 74, 1259, 125, 0, 23.55%, 0, 1, 6, 28.22, 104010, 769, 0, 0
3745, 9, 101, 1259, 124, 0, 23.55%, 0, 1, 6, 33.58, 104199, 769, 0, 0
3750, 9, 381, 1259, 123, 0, 23.55%, 0, 1, 6, 33.05, 104372, 769, 0, 0
3757, 9, 450, 1259, 123, 0, 23.55%, 0, 1, 6, 29.57, 104547, 769, 0, 0
3762, 9, 485, 1260, 122, 0, 23.55%, 0, 1, 6, 26.39, 104662, 769, 0, 0
3767, 9, 511, 1260, 121, 0, 23.55%, 0, 1, 6, 37.16, 104855, 769, 0, 0
3772, 9, 530, 1260, 121, 0, 23.55%, 0, 1, 6, 37.78, 105052, 769, 0, 0
3777, 9, 549, 1260, 121, 0, 23.55%, 0, 1, 6, 38.75, 105249, 769, 0, 0
3783, 9, 578, 1260, 121, 0, 23.55%, 0, 1, 6, 33.32, 105419, 769, 0, 0
3788, 9, 612, 1260, 121, 0, 23.55%, 0, 1, 6, 34.72, 105597, 769, 0, 0
3794, 9, 671, 1260, 120, 0, 23.55%, 0, 1, 6, 34.65, 105787, 769, 0, 0
3799, 9, 720, 1260, 119, 0, 23.55%, 0, 1, 6, 29.80, 105925, 769, 0, 0
3804, 9, 755, 1260, 119, 0, 23.55%, 0, 1, 6, 28.67, 106052, 769, 0, 0
3810, 9, 790, 1260, 118, 0, 23.55%, 0, 1, 6, 33.48, 106229, 769, 0, 0
3815, 9, 814, 1260, 117, 0, 23.55%, 0, 1, 6, 28.25, 106361, 769, 0, 0
3820, 9, 850, 1260, 115, 0, 23.55%, 0, 1, 6, 24.66, 106484, 769, 0, 0
3825, 9, 871, 1260, 115, 0, 23.55%, 0, 1, 6, 27.07, 106601, 769, 0, 0
3830, 9, 898, 1260, 114, 0, 23.55%, 0, 1, 6, 26.23, 106732, 769, 0, 0
3835, 9, 938, 1260, 113, 0, 23.55%, 0, 1, 6, 23.97, 106847, 769, 0, 0
3841, 9, 955, 1260, 111, 0, 23.55%, 0, 1, 6, 24.97, 107014, 769, 0, 0
3846, 9, 991, 1260, 109, 0, 23.55%, 0, 1, 6, 20.12, 107108, 769, 0, 0
3851, 9, 1037, 1260, 107, 0, 23.55%, 0, 1, 6, 20.04, 107218, 769, 0, 0
3856, 9, 1050, 1260, 107, 0, 23.55%, 0, 1, 6, 16.92, 107298, 769, 0, 0
3862, 9, 1105, 1260, 105, 0, 23.55%, 0, 1, 6, 23.77, 107444, 769, 0, 0
3867, 9, 1131, 1260, 103, 0, 23.55%, 0, 1, 6, 20.48, 107541, 769, 0, 0
3873, 9, 1165, 1260, 103, 0, 23.55%, 0, 1, 6, 25.21, 107671, 769, 0, 0
3878, 9, 1175, 1260, 103, 0, 23.55%, 0, 1, 6, 18.04, 107756, 769, 0, 0
3883, 9, 1232, 1260, 101, 0, 23.55%, 0, 1, 6, 16.57, 107840, 769, 0, 0
3888, 9, 1238, 1260, 100, 0, 23.55%, 0, 1, 6, 14.87, 107912, 769, 0, 0
3893, 9, 1240, 1260, 99, 0, 23.55%, 0, 1, 6, 18.05, 108016, 769, 0, 0
3898, 9, 1243, 1260, 98, 0, 23.55%, 0, 1, 6, 15.59, 108092, 769, 0, 0
3903, 9, 1244, 1260, 97, 0, 23.55%, 0, 1, 6, 15.91, 108174, 769, 0, 0
3910, 9, 1253, 1263, 100, 0, 23.55%, 0, 1, 6, 18.41, 108300, 769, 0, 0
3915, 9, 1253, 1263, 100, 0, 23.55%, 0, 1, 6, 16.36, 108378, 769, 0, 0
3920, 10, 0, 1263, 98, 0, 23.55%, 0, 1, 6, 25.96, 108507, 769, 0, 0
3925, 10, 73, 1263, 98, 0, 23.55%, 0, 1, 6, 33.42, 108688, 769, 0, 0
3931, 10, 155, 1263, 98, 0, 23.55%, 0, 1, 6, 34.05, 108869, 769, 0, 0
3937, 10, 361, 1263, 98, 0, 23.55%, 0, 1, 6, 34.69, 109092, 769, 0, 0
3942, 10, 462, 1263, 97, 0, 23.55%, 0, 1, 6, 31.30, 109248, 769, 0, 0
3947, 10, 512, 1263, 96, 0, 23.55%, 0, 1, 6, 37.56, 109442, 769, 0, 0
3953, 10, 529, 1263, 96, 0, 23.55%, 0, 1, 6, 35.12, 109647, 769, 0, 0
3958, 10, 545, 1263, 96, 0, 23.55%, 0, 1, 6, 38.23, 109834, 769, 0, 0
3963, 10, 573, 1263, 95, 0, 23.55%, 0, 1, 6, 33.06, 110003, 769, 0, 0
3968, 10, 592, 1263, 94, 0, 23.55%, 0, 1, 6, 29.05, 110138, 769, 0, 0
3973, 10, 621, 1263, 92, 0, 23.55%, 0, 1, 6, 33.86, 110314, 769, 0, 0
3979, 10, 672, 1263, 90, 0, 23.55%, 0, 1, 6, 34.80, 110519, 769, 0, 0
3984, 10, 704, 1263, 89, 0, 23.55%, 0, 1, 6, 29.88, 110671, 769, 0, 0
3989, 10, 755, 1263, 89, 0, 23.55%, 0, 1, 6, 29.93, 110827, 769, 0, 0
3994, 10, 791, 1263, 88, 0, 23.55%, 0, 1, 6, 26.66, 110972, 769, 0, 0
4000, 10, 809, 1263, 85, 0, 23.55%, 0, 1, 6, 23.63, 111102, 769, 0, 0
4005, 10, 841, 1263, 85, 0, 23.55%, 0, 1, 6, 25.87, 111241, 769, 0, 0
4010, 10, 872, 1263, 83, 0, 23.55%, 0, 1, 6, 30.99, 111406, 769, 0, 0
4015, 10, 946, 1263, 82, 0, 23.55%, 0, 1, 6, 28.44, 111558, 769, 0, 0
4020, 10, 968, 1263, 81, 0, 23.55%, 0, 1, 6, 22.78, 111656, 769, 0, 0
4025, 10, 995, 1264, 81, 0, 23.55%, 0, 1, 6, 17.26, 111732, 769, 0, 0
4030, 10, 1010, 1264, 80, 0, 23.55%, 0, 1, 6, 18.11, 111816, 769, 0, 0
4035, 10, 1035, 1264, 80, 0, 23.55%, 0, 1, 6, 15.82, 111895, 769, 0, 0
4041, 10, 1046, 1264, 79, 0, 23.55%, 0, 1, 6, 16.27, 111979, 769, 0, 0
4046, 10, 1089, 1264, 79, 0, 23.55%, 0, 1, 6, 20.93, 112103, 769, 0, 0
4051, 10, 1113, 1265, 79, 0, 23.55%, 0, 1, 6, 18.16, 112196, 769, 0, 0
4057, 10, 1115, 1265, 78, 0, 23.55%, 0, 1, 6, 16.62, 112304, 769, 0, 0
4062, 10, 1142, 1265, 77, 0, 23.55%, 0, 1, 6, 15.34, 112384, 769, 0, 0
4068, 10, 1172, 1265, 76, 0, 23.55%, 0, 1, 6, 22.31, 112509, 769, 0, 0
4073, 10, 1196, 1265, 74, 0, 23.55%, 0, 1, 6, 17.78, 112593, 769, 0, 0
4080, 10, 1198, 1265, 73, 0, 23.55%, 0, 1, 6, 14.33, 112685, 769, 0, 0
4085, 10, 1213, 1265, 72, 0, 23.55%, 0, 1, 6, 14.66, 112758, 769, 0, 0
4090, 10, 1213, 1265, 72, 0, 23.55%, 0, 1, 6, 17.16, 112848, 769, 0, 0
4095, 10, 1241, 1265, 70, 0, 23.55%, 0, 1, 6, 17.39, 112935, 769, 0, 0
4100, 10, 1241, 1265, 70, 0, 23.55%, 0, 1, 6, 21.00, 113047, 769, 0, 0
4105, 10, 1247, 1265, 69, 0, 23.55%, 0, 1, 6, 19.86, 113156, 769, 0, 0
4110, 10, 1250, 1265, 68, 0, 23.55%, 0, 1, 6, 18.87, 113248, 769, 0, 0
4116, 10, 1264, 1266, 69, 0, 23.55%, 0, 1, 6, 24.54, 113382, 769, 0, 0
4121, 10, 1264, 1266, 69, 0, 23.55%, 0, 1, 6, 25.22, 113514, 769, 0, 0
4126, 10, 1265, 1266, 68, 0, 23.55%, 0, 1, 6, 23.95, 113629, 769, 0, 0
4131, 10, 1265, 1266, 68, 0, 23.55%, 0, 1, 6, 20.22, 113725, 769, 0, 0
4136, 11, 21, 1266, 67, 0, 23.55%, 0, 1, 6, 22.90, 113840, 769, 0, 0
4142, 11, 96, 1266, 67, 0, 23.55%, 0, 1, 6, 33.39, 114056, 769, 0, 0
4147, 11, 312, 1266, 66, 0, 23.55%, 0, 1, 6, 33.35, 114227, 769, 0, 0
4152, 11, 377, 1266, 66, 0, 23.55%, 0, 1, 6, 32.19, 114387, 769, 0, 0
4159, 11, 453, 1266, 66, 0, 23.55%, 0, 1, 6, 28.31, 114591, 769, 0, 0
4164, 11, 506, 1266, 66, 0, 23.55%, 0, 1, 6, 32.33, 114758, 769, 0, 0
4169, 11, 526, 1266, 66, 0, 23.55%, 0, 1, 6, 38.72, 114965, 769, 0, 0
4174, 11, 543, 1266, 66, 0, 23.55%, 0, 1, 6, 36.32, 115142, 769, 0, 0
4179, 11, 573, 1266, 66, 0, 23.55%, 0, 1, 6, 36.78, 115326, 769, 0, 0
4184, 11, 613, 1266, 66, 0, 23.55%, 0, 1, 6, 35.19, 115499, 769, 0, 0
4189, 11, 639, 1266, 65, 0, 23.55%, 0, 1, 6, 32.92, 115658, 769, 0, 0
4194, 11, 689, 1266, 65, 0, 23.55%, 0, 1, 6, 36.38, 115853, 769, 0, 0
4199, 11, 700, 1266, 64, 0, 23.55%, 0, 1, 6, 32.67, 116010, 769, 0, 0
4204, 11, 734, 1266, 63, 0, 23.55%, 0, 1, 6, 31.00, 116161, 769, 0, 0
4210, 11, 789, 1266, 63, 0, 23.55%, 0, 1, 6, 31.23, 116326, 769, 0, 0
4215, 11, 822, 1266, 62, 0, 23.55%, 0, 1, 6, 24.80, 116439, 769, 0, 0
4221, 11, 865, 1266, 61, 0, 23.55%, 0, 1, 6, 27.08, 116619, 769, 0, 0
4226, 11, 883, 1266, 60, 0, 23.55%, 0, 1, 6, 27.45, 116769, 769, 0, 0
4231, 11, 905, 1266, 60, 0, 23.55%, 0, 1, 6, 29.00, 116921, 769, 0, 0
4237, 11, 920, 1266, 57, 0, 23.55%, 0, 1, 6, 25.62, 117060, 769, 0, 0
4242, 11, 971, 1266, 57, 0, 23.55%, 0, 1, 6, 23.77, 117171, 769, 0, 0
4247, 11, 1015, 1266, 56, 0, 23.55%, 0, 1, 6, 21.39, 117269, 769, 0, 0
4252, 11, 1037, 1266, 56, 0, 23.55%, 0, 1, 6, 18.25, 117356, 769, 0, 0
4257, 11, 1138, 1266, 55, 0, 23.55%, 0, 1, 6, 22.06, 117469, 769, 0, 0
4264, 11, 1164, 1266, 55, 0, 23.55%, 0, 1, 6, 23.72, 117634, 769, 0, 0
4269, 11, 1197, 1266, 55, 0, 23.55%, 0, 1, 6, 21.25, 117744, 769, 0, 0
4274, 11, 1239, 1266, 55, 0, 23.55%, 0, 1, 6, 21.13, 117840, 769, 0, 0
4279, 11, 1249, 1266, 54, 0, 23.55%, 0, 1, 6, 18.51, 117932, 769, 0, 0
4285, 11, 1259, 1266, 53, 0, 23.55%, 0, 1, 6, 16.39, 118006, 769, 0, 0
4290, 12, 74, 1266, 52, 0, 23.55%, 0, 1, 6, 27.32, 118168, 769, 0, 0
4295, 12, 314, 1266, 52, 0, 23.55%, 0, 1, 6, 32.86, 118348, 769, 0, 0
4300, 12, 396, 1266, 52, 0, 23.55%, 0, 1, 6, 32.64, 118507, 769, 0, 0
4305, 12, 466, 1266, 51, 0, 23.55%, 0, 1, 6, 27.82, 118647, 769, 0, 0
4310, 12, 510, 1266, 50, 0, 23.55%, 0, 1, 6, 35.41, 118823, 769, 0, 0
4315, 12, 532, 1266, 50, 0, 23.55%, 0, 1, 6, 39.76, 119033, 769, 0, 0
4321, 12, 554, 1267, 51, 0, 23.55%, 0, 1, 6, 37.64, 119222, 769, 0, 0
4326, 12, 575, 1267, 51, 0, 23.55%, 0, 1, 6, 36.01, 119399, 769, 0, 0
4331, 12, 614, 1267, 51, 0, 23.55%, 0, 1, 6, 33.91, 119571, 769, 0, 0
4336, 12, 650, 1267, 50, 0, 23.55%, 0, 1, 6, 33.58, 119744, 769, 0, 0
4341, 12, 687, 1267, 49, 0, 23.55%, 0, 1, 6, 30.20, 119860, 769, 0, 0
4346, 12, 749, 1267, 48, 0, 23.55%, 0, 1, 6, 32.50, 120021, 769, 0, 0
4351, 12, 785, 1267, 48, 0, 23.55%, 0, 1, 6, 30.50, 120183, 769, 0, 0
4357, 12, 815, 1267, 48, 0, 23.55%, 0, 1, 6, 31.54, 120352, 769, 0, 0
4362, 12, 845, 1267, 47, 0, 23.55%, 0, 1, 6, 29.39, 120505, 769, 0, 0
4367, 12, 880, 1267, 47, 0, 23.55%, 0, 1, 6, 29.57, 120654, 769, 0, 0
4372, 12, 910, 1267, 47, 0, 23.55%, 0, 1, 6, 27.78, 120798, 769, 0, 0
4378, 12, 948, 1267, 46, 0, 23.55%, 0, 1, 6, 24.57, 120941, 769, 0, 0
4383, 12, 969, 1267, 45, 0, 23.55%, 0, 1, 6, 21.56, 121051, 769, 0, 0
4388, 12, 986, 1267, 43, 0, 23.55%, 0, 1, 6, 16.95, 121132, 769, 0, 0
4393, 12, 1037, 1267, 42, 0, 23.55%, 0, 1, 6, 18.21, 121236, 769, 0, 0
4398, 12, 1062, 1267, 41, 0, 23.55%, 0, 1, 6, 20.59, 121344, 769, 0, 0
4404, 12, 1110, 1267, 41, 0, 23.55%, 0, 1, 6, 18.82, 121436, 769, 0, 0
4409, 12, 1173, 1267, 40, 0, 23.55%, 0, 1, 6, 18.56, 121540, 769, 0, 0
4414, 12, 1198, 1267, 39, 0, 23.55%, 0, 1, 6, 15.82, 121618, 769, 0, 0
4421, 12, 1213, 1267, 38, 0, 23.55%, 0, 1, 6, 14.47, 121726, 769, 0, 0
4426, 12, 1245, 1267, 38, 0, 23.55%, 0, 1, 6, 16.61, 121816, 769, 0, 0
4431, 12, 1245, 1267, 38, 0, 23.55%, 0, 1, 6, 18.94, 121916, 769, 0, 0
4436, 13, 10, 1267, 37, 0, 23.55%, 0, 1, 6, 25.96, 122048, 769, 0, 0
4441, 13, 87, 1267, 37, 0, 23.55%, 0, 1, 6, 33.16, 122231, 769, 0, 0
4447, 13, 283, 1267, 37, 0, 23.55%, 0, 1, 6, 34.07, 122415, 769, 0, 0
4452, 13, 359, 1267, 37, 0, 23.55%, 0, 1, 6, 31.59, 122582, 769, 0, 0
4457, 13, 428, 1267, 36, 0, 23.55%, 0, 1, 6, 29.50, 122729, 769, 0, 0
4462, 13, 485, 1267, 35, 0, 23.55%, 0, 1, 6, 26.32, 122858, 769, 0, 0
4467, 13, 514, 1267, 35, 0, 23.55%, 0, 1, 6, 37.60, 123066, 769, 0, 0
4472, 13, 540, 1267, 35, 0, 23.55%, 0, 1, 6, 37.13, 123260, 769, 0, 0
4477, 13, 570, 1267, 35, 0, 23.55%, 0, 1, 6, 38.90, 123465, 769, 0, 0
4482, 13, 613, 1267, 35, 0, 23.55%, 0, 1, 6, 37.56, 123658, 769, 0, 0
4488, 13, 650, 1267, 35, 0, 23.55%, 0, 1, 6, 33.72, 123815, 769, 0, 0
4494, 13, 703, 1267, 35, 0, 23.55%, 0, 1, 6, 33.98, 124047, 769, 0, 0
4499, 13, 755, 1267, 35, 0, 23.55%, 0, 1, 6, 31.46, 124202, 769, 0, 0
4504, 13, 809, 1267, 35, 0, 23.55%, 0, 1, 6, 27.08, 124341, 769, 0, 0
4509, 13, 865, 1267, 35, 0, 23.55%, 0, 1, 6, 27.05, 124473, 769, 0, 0
4514, 13, 872, 1267, 35, 0, 23.55%, 0, 1, 6, 26.69, 124605, 769, 0, 0
4520, 13, 940, 1267, 35, 0, 23.55%, 0, 1, 6, 29.11, 124760, 769, 0, 0
4525, 13, 990, 1267, 35, 0, 23.55%, 0, 1, 6, 22.84, 124865, 769, 0, 0
4530, 13, 1000, 1267, 34, 0, 23.55%, 0, 1, 6, 20.06, 124973, 769, 0, 0
4536, 13, 1032, 1267, 33, 0, 23.55%, 0, 1, 6, 19.27, 125074, 769, 0, 0
4541, 13, 1032, 1267, 33, 0, 23.55%, 0, 1, 6, 15.78, 125151, 769, 0, 0
4546, 13, 1092, 1267, 32, 0, 23.55%, 0, 1, 6, 17.70, 125248, 769, 0, 0
4551, 13, 1093, 1267, 32, 0, 23.55%, 0, 1, 6, 18.55, 125349, 769, 0, 0
4556, 13, 1184, 1267, 31, 0, 23.55%, 0, 1, 6, 23.40, 125478, 769, 0, 0
4561, 13, 1204, 1267, 31, 0, 23.55%, 0, 1, 6, 15.49, 125545, 769, 0, 0
4566, 13, 1221, 1267, 30, 0, 23.55%, 0, 1, 6, 16.09, 125627, 769, 0, 0
4572, 13, 1235, 1267, 30, 0, 23.55%, 0, 1, 6, 16.96, 125718, 769, 0, 0
4577, 13, 1235, 1267, 30, 0, 23.55%, 0, 1, 6, 15.80, 125797, 769, 0, 0
4582, 13, 1245, 1267, 29, 0, 23.55%, 0, 1, 6, 17.46, 125886, 769, 0, 0
4587, 13, 1252, 1268, 30, 0, 23.55%, 0, 1, 6, 15.19, 125963, 769, 0, 0
4592, 13, 1252, 1268, 30, 0, 23.55%, 0, 1, 6, 14.58, 126036, 769, 0, 0
4597, 13, 1266, 1268, 30, 0, 23.55%, 0, 1, 6, 16.13, 126131, 769, 0, 0
4602, 14, 44, 1268, 29, 0, 23.55%, 0, 1, 6, 27.31, 126273, 769, 0, 0
4607, 14, 120, 1268, 29, 0, 23.55%, 0, 1, 6, 33.91, 126453, 769, 0, 0
4612, 14, 320, 1268, 29, 0, 23.55%, 0, 1, 6, 33.50, 126630, 769, 0, 0
4617, 14, 403, 1268, 29, 0, 23.55%, 0, 1, 6, 32.26, 126803, 769, 0, 0
4623, 14, 476, 1268, 29, 0, 23.55%, 0, 1, 6, 30.22, 126969, 769, 0, 0
4628, 14, 515, 1268, 29, 0, 23.55%, 0, 1, 6, 40.31, 127182, 769, 0, 0
4633, 14, 537, 1268, 29, 0, 23.55%, 0, 1, 6, 36.85, 127374, 769, 0, 0
4638, 14, 554, 1268, 29, 0, 23.55%, 0, 1, 6, 34.48, 127539, 769, 0, 0
4643, 14, 592, 1268, 29, 0, 23.55%, 0, 1, 6, 35.65, 127727, 769, 0, 0
4648, 14, 617, 1268, 28, 0, 23.55%, 0, 1, 6, 34.72, 127902, 769, 0, 0
4653, 14, 678, 1268, 28, 0, 23.55%, 0, 1, 6, 33.93, 128067, 769, 0, 0
4658, 14, 705, 1268, 28, 0, 23.55%, 0, 1, 6, 30.99, 128216, 769, 0, 0
4663, 14, 752, 1268, 28, 0, 23.55%, 0, 1, 6, 27.83, 128347, 769, 0, 0
4668, 14, 808, 1268, 27, 0, 23.55%, 0, 1, 6, 26.70, 128493, 769, 0, 0
4673, 14, 850, 1268, 27, 0, 23.55%, 0, 1, 6, 28.02, 128638, 769, 0, 0
4679, 14, 889, 1268, 26, 0, 23.55%, 0, 1, 6, 30.97, 128808, 769, 0, 0
4684, 14, 997, 1268, 26, 0, 23.55%, 0, 1, 6, 24.83, 128945, 769, 0, 0
4689, 14, 1021, 1268, 26, 0, 23.55%, 0, 1, 6, 21.69, 129053, 769, 0, 0
4694, 14, 1065, 1268, 26, 0, 23.55%, 0, 1, 6, 24.74, 129173, 769, 0, 0
4699, 14, 1109, 1268, 26, 0, 23.55%, 0, 1, 6, 20.54, 129281, 769, 0, 0
4704, 14, 1189, 1268, 26, 0, 23.55%, 0, 1, 6, 23.86, 129403, 769, 0, 0
4709, 14, 1210, 1268, 26, 0, 23.55%, 0, 1, 6, 23.45, 129522, 769, 0, 0
4714, 14, 1256, 1268, 26, 0, 23.55%, 0, 1, 6, 21.53, 129628, 769, 0, 0
4719, 14, 1261, 1268, 24, 0, 23.55%, 0, 1, 6, 26.36, 129763, 769, 0, 0
4726, 14, 1263, 1269, 24, 0, 23.55%, 0, 1, 6, 31.35, 129952, 769, 0, 0
4731, 14, 1263, 1270, 25, 0, 23.58%, 0, 1, 6, 18.51, 130023, 770, 0, 0
4736, 14, 1263, 1270, 25, 0, 23.58%, 0, 1, 6, 15.57, 130097, 770, 0, 0
4741, 14, 1263, 1270, 25, 0, 23.58%, 0, 1, 6, 14.65, 130170, 770, 0, 0
4746, 14, 1263, 1270, 25, 0, 23.58%, 0, 1, 6, 14.28, 130242, 770, 0, 0
4751, 14, 1263, 1270, 25, 0, 23.58%, 0, 1, 6, 14.36, 130316, 770, 0, 0
4756, 14, 1269, 1270, 24, 1, 23.58%, 0, 1, 6, 14.47, 130391, 770, 0, 0
4762, 14, 1269, 1270, 24, 1, 23.58%, 0, 1, 6, 14.65, 130467, 770, 0, 0
4767, 14, 1269, 1270, 24, 1, 23.58%, 0, 1, 6, 14.46, 130540, 770, 0, 0
4772, 14, 1269, 1270, 24, 1, 23.58%, 0, 1, 6, 14.16, 130612, 770, 0, 0
4777, 14, 1269, 1270, 24, 1, 23.58%, 0, 1, 6, 14.20, 130684, 770, 0, 0
4782, 14, 1269, 1270, 24, 1, 23.58%, 0, 1, 6, 14.34, 130756, 770, 0, 0
4787, 14, 1269, 1270, 24, 1, 23.58%, 0, 1, 6, 14.36, 130828, 770, 0, 0
4792, 14, 1269, 1270, 24, 1, 23.58%, 0, 1, 6, 14.40, 130903, 770, 0, 0
4797, 14, 1269, 1270, 24, 1, 23.58%, 0, 1, 6, 14.40, 130978, 770, 0, 0
4802, 14, 1269, 1270, 24, 1, 23.58%, 0, 1, 6, 14.39, 131050, 770, 0, 0
4807, 14, 1269, 1270, 24, 1, 23.58%, 0, 1, 6, 14.40, 131122, 770, 0, 0
4812, 14, 1269, 1270, 24, 1, 23.58%, 0, 1, 6, 14.37, 131194, 770, 0, 0
4817, 14, 1269, 1270, 24, 1, 23.58%, 0, 1, 6, 14.38, 131266, 770, 0, 0
4822, 14, 1269, 1270, 24, 1, 23.58%, 0, 1, 6, 14.40, 131338, 770, 0, 0
4828, 14, 1269, 1270, 24, 1, 23.58%, 0, 1, 6, 14.42, 131413, 770, 0, 0
4833, 14, 1269, 1270, 24, 1, 23.58%, 0, 1, 6, 14.37, 131485, 770, 0, 0
4838, 14, 1269, 1270, 24, 1, 23.58%, 0, 1, 6, 14.42, 131560, 770, 0, 0
4843, 14, 1269, 1270, 24, 1, 23.58%, 0, 1, 6, 14.44, 131635, 770, 0, 0
4848, 14, 1269, 1270, 24, 1, 23.58%, 0, 1, 6, 14.42, 131707, 770, 0, 0
4853, 14, 1269, 1270, 24, 1, 23.58%, 0, 1, 6, 14.41, 131782, 770, 0, 0
4858, 14, 1269, 1270, 24, 1, 23.58%, 0, 1, 6, 14.42, 131857, 770, 0, 0
4863, 14, 1269, 1270, 24, 1, 23.58%, 0, 1, 6, 14.13, 131930, 770, 0, 0
4869, 14, 1269, 1270, 24, 1, 23.58%, 0, 1, 6, 14.28, 132005, 770, 0, 0
4874, 15, 11, 1270, 23, 0, 23.58%, 0, 1, 6, 18.56, 132094, 770, 0, 0
4879, 15, 74, 1270, 23, 0, 23.58%, 0, 1, 6, 29.55, 132262, 770, 0, 0
4884, 15, 131, 1270, 23, 0, 23.58%, 0, 1, 6, 33.31, 132447, 770, 0, 0
4889, 15, 312, 1270, 23, 0, 23.58%, 0, 1, 6, 34.85, 132640, 770, 0, 0
4896, 15, 482, 1270, 23, 0, 23.58%, 0, 1, 6, 32.24, 132866, 770, 0, 0
4901, 15, 505, 1270, 23, 0, 23.58%, 0, 1, 6, 31.78, 133021, 770, 0, 0
4906, 15, 521, 1270, 22, 0, 23.58%, 0, 1, 6, 37.75, 133215, 770, 0, 0
4911, 15, 542, 1270, 22, 0, 23.58%, 0, 1, 6, 37.32, 133395, 770, 0, 0
4916, 15, 575, 1270, 22, 0, 23.58%, 0, 1, 6, 38.59, 133598, 770, 0, 0
4921, 15, 612, 1270, 22, 0, 23.58%, 0, 1, 6, 34.03, 133768, 770, 0, 0
4927, 15, 679, 1270, 22, 0, 23.58%, 0, 1, 6, 35.53, 133961, 770, 0, 0
4932, 15, 743, 1270, 22, 0, 23.58%, 0, 1, 6, 35.24, 134141, 770, 0, 0
4937, 15, 761, 1270, 22, 0, 23.58%, 0, 1, 6, 34.55, 134318, 770, 0, 0
4942, 15, 828, 1270, 22, 0, 23.58%, 0, 1, 6, 30.32, 134479, 770, 0, 0
4947, 15, 841, 1270, 22, 0, 23.58%, 0, 1, 6, 30.80, 134637, 770, 0, 0
4954, 15, 857, 1270, 22, 0, 23.58%, 0, 1, 6, 28.76, 134834, 770, 0, 0
4959, 15, 872, 1270, 21, 0, 23.58%, 0, 1, 6, 31.21, 135000, 770, 0, 0
4966, 15, 992, 1270, 21, 0, 23.58%, 0, 1, 6, 27.07, 135161, 770, 0, 0
4971, 15, 1076, 1270, 21, 0, 23.58%, 0, 1, 6, 18.87, 135249, 770, 0, 0
4976, 15, 1164, 1270, 20, 0, 23.58%, 0, 1, 6, 19.53, 135345, 770, 0, 0
4981, 15, 1231, 1270, 20, 0, 23.58%, 0, 1, 6, 20.08, 135445, 770, 0, 0
4986, 15, 1244, 1270, 19, 0, 23.58%, 0, 1, 6, 28.11, 135600, 770, 0, 0
4991, 15, 1255, 1270, 19, 0, 23.58%, 0, 1, 6, 23.47, 135706, 770, 0, 0
4996, 15, 1269, 1270, 18, 0, 23.58%, 0, 1, 6, 16.43, 135782, 770, 0, 0
5002, 15, 1269, 1270, 18, 0, 23.58%, 0, 1, 6, 14.76, 135856, 770, 0, 0
5007, 16, 10, 1270, 18, 0, 23.58%, 0, 1, 6, 22.52, 135965, 770, 0, 0
5012, 16, 87, 1270, 18, 0, 23.58%, 0, 1, 6, 32.45, 136140, 770, 0, 0
5017, 16, 320, 1270, 18, 0, 23.58%, 0, 1, 6, 33.63, 136322, 770, 0, 0
5023, 16, 406, 1270, 18, 0, 23.58%, 0, 1, 6, 32.58, 136511, 770, 0, 0
5028, 16, 481, 1271, 19, 0, 23.58%, 0, 1, 6, 27.04, 136640, 770, 0, 0
5033, 16, 508, 1271, 19, 0, 23.58%, 0, 1, 6, 34.16, 136812, 770, 0, 0
5038, 16, 527, 1271, 19, 0, 23.58%, 0, 1, 6, 36.39, 137004, 770, 0, 0
5044, 16, 545, 1271, 19, 0, 23.58%, 0, 1, 6, 39.03, 137200, 770, 0, 0
5049, 16, 585, 1271, 19, 0, 23.58%, 0, 1, 6, 35.81, 137387, 770, 0, 0
5054, 16, 614, 1271, 18, 0, 23.58%, 0, 1, 6, 35.70, 137565, 770, 0, 0
5059, 16, 664, 1271, 18, 0, 23.58%, 0, 1, 6, 36.69, 137757, 770, 0, 0
5064, 16, 695, 1271, 18, 0, 23.58%, 0, 1, 6, 30.25, 137882, 770, 0, 0
5069, 16, 734, 1271, 18, 0, 23.58%, 0, 1, 6, 29.42, 138023, 770, 0, 0
5074, 16, 758, 1271, 18, 0, 23.58%, 0, 1, 6, 28.17, 138161, 770, 0, 0
5079, 16, 836, 1271, 17, 0, 23.58%, 0, 1, 6, 29.99, 138320, 770, 0, 0
5084, 16, 850, 1271, 17, 0, 23.58%, 0, 1, 6, 26.59, 138449, 770, 0, 0
5090, 16, 880, 1272, 18, 0, 23.58%, 0, 1, 6, 27.33, 138597, 770, 0, 0
5095, 16, 966, 1272, 18, 0, 23.58%, 0, 1, 6, 24.62, 138734, 770, 0, 0
5100, 16, 1037, 1272, 17, 0, 23.58%, 0, 1, 6, 20.46, 138836, 770, 0, 0
5105, 16, 1051, 1272, 17, 0, 23.58%, 0, 1, 6, 18.90, 138928, 770, 0, 0
5110, 16, 1125, 1272, 17, 0, 23.58%, 0, 1, 6, 17.03, 139019, 770, 0, 0
5115, 16, 1176, 1273, 17, 0, 23.58%, 0, 1, 6, 23.09, 139134, 770, 0, 0
5121, 16, 1231, 1274, 17, 0, 23.58%, 0, 1, 6, 22.90, 139306, 770, 0, 0
5127, 16, 1257, 1274, 17, 0, 23.58%, 0, 1, 6, 18.79, 139409, 770, 0, 0
5132, 16, 1258, 1274, 16, 0, 23.58%, 0, 1, 6, 19.05, 139498, 770, 0, 0
5137, 16, 1267, 1275, 17, 0, 23.58%, 0, 1, 7, 18.24, 139594, 770, 0, 0
5142, 16, 1267, 1275, 17, 0, 23.58%, 0, 1, 7, 16.25, 139674, 770, 0, 0
5147, 16, 1267, 1275, 17, 0, 23.58%, 0, 1, 7, 16.02, 139753, 770, 0, 0
5152, 16, 1267, 1275, 17, 0, 23.58%, 0, 1, 7, 15.08, 139828, 770, 0, 0
5157, 16, 1267, 1275, 17, 0, 23.58%, 0, 1, 7, 14.85, 139905, 770, 0, 0
5162, 16, 1269, 1275, 16, 0, 23.58%, 0, 1, 7, 14.47, 139977, 770, 0, 0
5168, 16, 1269, 1275, 16, 0, 23.58%, 0, 1, 7, 14.46, 140051, 770, 0, 0
5173, 16, 1270, 1276, 17, 0, 23.58%, 0, 1, 7, 16.59, 140149, 770, 0, 0
5178, 16, 1272, 1276, 16, 0, 23.58%, 0, 1, 7, 19.08, 140254, 770, 0, 0
5183, 16, 1272, 1278, 18, 0, 23.58%, 0, 1, 7, 18.63, 140345, 770, 0, 0
5188, 16, 1272, 1278, 18, 0, 23.58%, 0, 1, 7, 19.71, 140449, 770, 0, 0
5193, 16, 1273, 1278, 17, 0, 23.58%, 0, 1, 7, 18.95, 140550, 770, 0, 0
5199, 16, 1274, 1278, 16, 0, 23.58%, 0, 1, 7, 18.42, 140651, 770, 0, 0
5204, 16, 1274, 1278, 16, 0, 23.58%, 0, 1, 7, 15.04, 140724, 770, 0, 0
5210, 17, 40, 1278, 15, 0, 23.58%, 0, 1, 7, 23.82, 140836, 770, 0, 0
5215, 17, 86, 1278, 14, 0, 23.58%, 0, 1, 7, 31.33, 141010, 770, 0, 0
5220, 17, 312, 1278, 14, 0, 23.58%, 0, 1, 7, 34.98, 141199, 770, 0, 0
5225, 17, 387, 1278, 14, 0, 23.58%, 0, 1, 7, 32.10, 141354, 770, 0, 0
5230, 17, 417, 1278, 14, 0, 23.58%, 0, 1, 7, 32.01, 141503, 770, 0, 0
5235, 17, 508, 1278, 14, 0, 23.58%, 0, 1, 7, 37.65, 141693, 770, 0, 0
5240, 17, 527, 1278, 14, 0, 23.58%, 0, 1, 7, 37.23, 141889, 770, 0, 0
5245, 17, 545, 1278, 14, 0, 23.58%, 0, 1, 7, 33.50, 142056, 770, 0, 0
5250, 17, 576, 1278, 14, 0, 23.58%, 0, 1, 7, 38.08, 142260, 770, 0, 0
5255, 17, 612, 1278, 14, 0, 23.58%, 0, 1, 7, 34.23, 142425, 770, 0, 0
5261, 17, 637, 1278, 14, 0, 23.58%, 0, 1, 7, 35.68, 142618, 770, 0, 0
5266, 17, 696, 1278, 14, 0, 23.58%, 0, 1, 7, 30.56, 142781, 770, 0, 0
5271, 17, 756, 1278, 14, 0, 23.58%, 0, 1, 7, 33.50, 142956, 770, 0, 0
5276, 17, 809, 1278, 14, 0, 23.58%, 0, 1, 7, 27.28, 143100, 770, 0, 0
5282, 17, 858, 1278, 14, 0, 23.58%, 0, 1, 7, 28.40, 143272, 770, 0, 0
5287, 17, 880, 1279, 15, 0, 23.58%, 0, 1, 7, 28.84, 143408, 770, 0, 0
5292, 17, 935, 1279, 14, 0, 23.58%, 0, 1, 7, 24.07, 143536, 770, 0, 0
5297, 17, 1037, 1279, 14, 0, 23.58%, 0, 1, 7, 21.14, 143646, 770, 0, 0
5302, 17, 1121, 1279, 14, 0, 23.58%, 0, 1, 7, 19.56, 143749, 770, 0, 0
5308, 17, 1159, 1279, 14, 0, 23.58%, 0, 1, 7, 23.80, 143866, 770, 0, 0
5313, 17, 1190, 1279, 14, 0, 23.58%, 0, 1, 7, 16.90, 143946, 770, 0, 0
5318, 17, 1254, 1279, 14, 0, 23.58%, 0, 1, 7, 15.45, 144021, 770, 0, 0
5323, 17, 1260, 1279, 14, 0, 23.58%, 0, 1, 7, 21.37, 144145, 770, 0, 0
5328, 17, 1269, 1279, 14, 0, 23.58%, 0, 1, 7, 17.26, 144234, 770, 0, 0
5333, 17, 1273, 1279, 14, 0, 23.58%, 0, 1, 7, 18.12, 144321, 770, 0, 0
5338, 18, 10, 1279, 13, 0, 23.58%, 0, 1, 7, 22.25, 144432, 770, 0, 0
5343, 18, 86, 1279, 13, 0, 23.58%, 0, 1, 7, 32.19, 144609, 770, 0, 0
5348, 18, 220, 1279, 13, 0, 23.58%, 0, 1, 7, 35.10, 144802, 770, 0, 0
5353, 18, 347, 1279, 13, 0, 23.58%, 0, 1, 7, 32.09, 144959, 770, 0, 0
5359, 18, 427, 1279, 13, 0, 23.58%, 0, 1, 7, 28.77, 145129, 770, 0, 0
5364, 18, 501, 1279, 13, 0, 23.58%, 0, 1, 7, 28.89, 145272, 770, 0, 0
5369, 18, 516, 1279, 13, 0, 23.58%, 0, 1, 7, 38.82, 145478, 770, 0, 0
5374, 18, 540, 1279, 13, 0, 23.58%, 0, 1, 7, 36.95, 145662, 770, 0, 0
5380, 18, 570, 1279, 13, 0, 23.58%, 0, 1, 7, 35.64, 145851, 770, 0, 0
5385, 18, 601, 1279, 13, 0, 23.58%, 0, 1, 7, 33.00, 146012, 770, 0, 0
5391, 18, 675, 1279, 13, 0, 23.58%, 0, 1, 7, 34.44, 146227, 770, 0, 0
5397, 18, 711, 1279, 13, 0, 23.58%, 0, 1, 7, 30.49, 146373, 770, 0, 0
5402, 18, 750, 1279, 13, 0, 23.58%, 0, 1, 7, 27.34, 146503, 770, 0, 0
5407, 18, 791, 1279, 13, 0, 23.58%, 0, 1, 7, 25.35, 146633, 770, 0, 0
5412, 18, 850, 1279, 13, 0, 23.58%, 0, 1, 7, 26.99, 146769, 770, 0, 0
5417, 18, 871, 1279, 13, 0, 23.58%, 0, 1, 7, 29.36, 146920, 770, 0, 0
5424, 18, 923, 1279, 13, 0, 23.58%, 0, 1, 7, 27.75, 147140, 770, 0, 0
5429, 18, 1000, 1279, 12, 0, 23.58%, 0, 1, 7, 26.97, 147276, 770, 0, 0
5434, 18, 1067, 1279, 12, 0, 23.58%, 0, 1, 7, 21.02, 147378, 770, 0, 0
5439, 18, 1144, 1279, 11, 0, 23.58%, 0, 1, 7, 20.89, 147472, 770, 0, 0
5444, 18, 1162, 1279, 11, 0, 23.58%, 0, 1, 7, 24.55, 147625, 770, 0, 0
5450, 18, 1244, 1279, 11, 0, 23.58%, 0, 1, 7, 18.86, 147706, 770, 0, 0
5455, 18, 1253, 1279, 11, 0, 23.58%, 0, 1, 7, 17.35, 147790, 770, 0, 0
5460, 18, 1263, 1279, 11, 0, 23.58%, 0, 1, 7, 14.88, 147861, 770, 0, 0
5465, 18, 1263, 1279, 11, 0, 23.58%, 0, 1, 7, 14.13, 147931, 770, 0, 0
5470, 18, 1268, 1279, 11, 0, 23.58%, 0, 1, 7, 15.66, 148041, 770, 0, 0
5475, 18, 1269, 1279, 10, 0, 23.58%, 0, 1, 7, 17.16, 148139, 770, 0, 0
5480, 18, 1278, 1279, 10, 0, 23.58%, 0, 1, 7, 16.13, 148219, 770, 0, 0
5485, 19, 48, 1279, 9, 0, 23.58%, 0, 1, 7, 26.77, 148362, 770, 0, 0
5490, 19, 117, 1279, 9, 0, 23.58%, 0, 1, 7, 32.94, 148537, 770, 0, 0
5495, 19, 275, 1279, 8, 0, 23.58%, 0, 1, 7, 34.13, 148719, 770, 0, 0
5500, 19, 391, 1279, 8, 0, 23.58%, 0, 1, 7, 31.58, 148878, 770, 0, 0
5506, 19, 439, 1279, 8, 0, 23.58%, 0, 1, 7, 26.68, 149035, 770, 0, 0
5511, 19, 486, 1279, 8, 0, 23.58%, 0, 1, 7, 25.15, 149162, 770, 0, 0
5517, 19, 511, 1279, 8, 0, 23.58%, 0, 1, 7, 37.53, 149365, 770, 0, 0
5522, 19, 534, 1279, 8, 0, 23.58%, 0, 1, 7, 38.17, 149557, 770, 0, 0
5527, 19, 554, 1279, 8, 0, 23.58%, 0, 1, 7, 36.11, 149736, 770, 0, 0
5532, 19, 579, 1279, 8, 0, 23.58%, 0, 1, 7, 32.25, 149892, 770, 0, 0
5537, 19, 695, 1280, 9, 1, 23.61%, 0, 1, 7, 35.41, 150071, 771, 0, 0
5542, 19, 1174, 1280, 9, 1, 23.61%, 0, 1, 7, 24.89, 150159, 771, 0, 0
5547, 19, 1208, 1280, 9, 1, 23.61%, 0, 1, 7, 17.70, 150237, 771, 0, 0
5552, 19, 1273, 1281, 10, 1, 23.61%, 0, 1, 7, 18.65, 150331, 771, 0, 0
5559, 19, 1279, 1281, 10, 1, 23.61%, 0, 1, 7, 18.90, 150458, 771, 0, 0
5564, 20, 21, 1281, 9, 0, 23.61%, 0, 1, 7, 22.12, 150566, 771, 0, 0
5569, 20, 85, 1281, 9, 0, 23.61%, 0, 1, 7, 29.18, 150730, 771, 0, 0
5574, 20, 320, 1281, 9, 0, 23.61%, 0, 1, 7, 35.26, 150919, 771, 0, 0
5579, 20, 391, 1281, 9, 0, 23.61%, 0, 1, 7, 34.08, 151088, 771, 0, 0
5584, 20, 461, 1281, 9, 0, 23.61%, 0, 1, 7, 30.09, 151248, 771, 0, 0
5589, 20, 506, 1281, 9, 0, 23.61%, 0, 1, 7, 30.32, 151397, 771, 0, 0
5595, 20, 524, 1281, 9, 0, 23.61%, 0, 1, 7, 33.44, 151579, 771, 0, 0
5600, 20, 542, 1281, 9, 0, 23.61%, 0, 1, 7, 31.08, 151736, 771, 0, 0
5605, 20, 567, 1281, 9, 0, 23.61%, 0, 1, 7, 30.28, 151892, 771, 0, 0
5610, 20, 579, 1281, 9, 0, 23.61%, 0, 1, 7, 30.55, 152058, 771, 0, 0
5615, 20, 601, 1281, 9, 0, 23.61%, 0, 1, 7, 28.42, 152195, 771, 0, 0
5620, 20, 640, 1281, 8, 0, 23.61%, 0, 1, 7, 32.50, 152373, 771, 0, 0
5625, 20, 686, 1281, 8, 0, 23.61%, 0, 1, 7, 29.27, 152519, 771, 0, 0
5630, 20, 709, 1281, 8, 0, 23.61%, 0, 1, 7, 26.19, 152638, 771, 0, 0
5635, 20, 750, 1281, 8, 0, 23.61%, 0, 1, 7, 30.12, 152803, 771, 0, 0
5640, 20, 800, 1281, 8, 0, 23.61%, 0, 1, 7, 27.66, 152947, 771, 0, 0
5647, 20, 844, 1281, 8, 0, 23.61%, 0, 1, 7, 24.90, 153082, 771, 0, 0
5652, 20, 871, 1281, 8, 0, 23.61%, 0, 1, 7, 30.10, 153232, 771, 0, 0
5657, 20, 890, 1281, 8, 0, 23.61%, 0, 1, 7, 28.01, 153369, 771, 0, 0
5662, 20, 954, 1281, 7, 0, 23.61%, 0, 1, 7, 25.93, 153507, 771, 0, 0
5667, 20, 996, 1281, 7, 0, 23.61%, 0, 1, 7, 25.16, 153650, 771, 0, 0
5673, 20, 1031, 1281, 7, 0, 23.61%, 0, 1, 7, 21.01, 153758, 771, 0, 0
5678, 20, 1068, 1281, 7, 0, 23.61%, 0, 1, 7, 20.51, 153863, 771, 0, 0
5683, 20, 1097, 1281, 7, 0, 23.61%, 0, 1, 7, 16.72, 153944, 771, 0, 0
5688, 20, 1118, 1281, 7, 0, 23.61%, 0, 1, 7, 16.53, 154028, 771, 0, 0
5693, 20, 1122, 1281, 7, 0, 23.61%, 0, 1, 7, 21.73, 154140, 771, 0, 0
5698, 20, 1147, 1281, 7, 0, 23.61%, 0, 1, 7, 23.23, 154257, 771, 0, 0
5703, 20, 1244, 1281, 7, 0, 23.61%, 0, 1, 7, 22.66, 154370, 771, 0, 0
5709, 20, 1256, 1281, 7, 0, 23.61%, 0, 1, 7, 20.32, 154474, 771, 0, 0
5714, 20, 1271, 1281, 7, 0, 23.61%, 0, 1, 7, 17.28, 154555, 771, 0, 0
5719, 20, 1279, 1283, 7, 0, 23.61%, 0, 1, 7, 17.88, 154646, 771, 0, 0
5724, 20, 1280, 1283, 7, 0, 23.61%, 0, 1, 7, 17.25, 154736, 771, 0, 0
5729, 21, 71, 1283, 6, 0, 23.61%, 0, 1, 7, 25.60, 154869, 771, 0, 0
5734, 21, 142, 1283, 6, 0, 23.61%, 0, 1, 7, 31.10, 155045, 771, 0, 0
5740, 21, 327, 1283, 6, 0, 23.61%, 0, 1, 7, 31.18, 155221, 771, 0, 0
5745, 21, 391, 1283, 5, 0, 23.61%, 0, 1, 7, 30.25, 155381, 771, 0, 0
5750, 21, 496, 1283, 5, 0, 23.61%, 0, 1, 7, 30.25, 155530, 771, 0, 0
5755, 21, 512, 1283, 5, 0, 23.61%, 0, 1, 7, 33.40, 155705, 771, 0, 0
5760, 21, 532, 1283, 5, 0, 23.61%, 0, 1, 7, 32.64, 155872, 771, 0, 0
5765, 21, 546, 1283, 5, 0, 23.61%, 0, 1, 7, 36.27, 156050, 771, 0, 0
5770, 21, 564, 1283, 5, 0, 23.61%, 0, 1, 7, 33.63, 156201, 771, 0, 0
5775, 21, 601, 1283, 5, 0, 23.61%, 0, 1, 7, 31.87, 156366, 771, 0, 0
5780, 21, 650, 1283, 5, 0, 23.61%, 0, 1, 7, 34.12, 156545, 771, 0, 0
5786, 21, 720, 1283, 5, 0, 23.61%, 0, 1, 7, 28.90, 156689, 771, 0, 0
5791, 21, 750, 1283, 5, 0, 23.61%, 0, 1, 7, 26.74, 156827, 771, 0, 0
5796, 21, 769, 1283, 5, 0, 23.61%, 0, 1, 7, 29.78, 156959, 771, 0, 0
5801, 21, 800, 1283, 5, 0, 23.61%, 0, 1, 7, 23.76, 157072, 771, 0, 0
5806, 21, 822, 1283, 5, 0, 23.61%, 0, 1, 7, 23.42, 157193, 771, 0, 0
5811, 21, 857, 1284, 6, 1, 23.61%, 0, 1, 7, 24.40, 157324, 771, 0, 0
5816, 21, 1192, 1284, 6, 1, 23.61%, 0, 1, 7, 22.73, 157436, 771, 0, 0
5822, 21, 1283, 1285, 7, 1, 23.61%, 0, 1, 7, 22.71, 157552, 771, 0, 0
5827, 21, 1283, 1285, 7, 1, 23.61%, 0, 1, 7, 22.42, 157661, 771, 0, 0
5832, 21, 1283, 1285, 7, 1, 23.61%, 0, 1, 7, 22.02, 157777, 771, 0, 0
5837, 21, 1284, 1286, 7, 0, 23.61%, 0, 1, 7, 17.78, 157859, 771, 0, 0
5842, 21, 1284, 1286, 7, 0, 23.61%, 0, 1, 7, 16.64, 157942, 771, 0, 0
5847, 21, 1284, 1286, 7, 0, 23.61%, 0, 1, 7, 16.30, 158023, 771, 0, 0
5852, 21, 1285, 1286, 6, 0, 23.61%, 0, 1, 7, 15.52, 158103, 771, 0, 0
5857, 21, 1285, 1286, 6, 0, 23.61%, 0, 1, 7, 15.86, 158185, 771, 0, 0
5863, 22, 67, 1286, 5, 0, 23.61%, 0, 1, 7, 28.93, 158360, 771, 0, 0
5868, 22, 101, 1286, 5, 0, 23.61%, 0, 1, 7, 29.70, 158518, 771, 0, 0
5873, 22, 314, 1286, 5, 0, 23.61%, 0, 1, 7, 31.78, 158696, 771, 0, 0
5878, 22, 403, 1286, 5, 0, 23.61%, 0, 1, 7, 31.23, 158868, 771, 0, 0
5883, 22, 501, 1286, 4, 0, 23.61%, 0, 1, 7, 29.82, 159014, 771, 0, 0
5888, 22, 515, 1286, 4, 0, 23.61%, 0, 1, 7, 37.73, 159207, 771, 0, 0
5893, 22, 534, 1286, 4, 0, 23.61%, 0, 1, 7, 35.28, 159384, 771, 0, 0
5898, 22, 561, 1286, 4, 0, 23.61%, 0, 1, 7, 37.47, 159573, 771, 0, 0
5904, 22, 576, 1286, 4, 0, 23.61%, 0, 1, 7, 32.56, 159712, 771, 0, 0
5909, 22, 612, 1286, 4, 0, 23.61%, 0, 1, 7, 31.55, 159869, 771, 0, 0
5914, 22, 645, 1286, 4, 0, 23.61%, 0, 1, 7, 31.32, 160040, 771, 0, 0
5920, 22, 691, 1286, 4, 0, 23.61%, 0, 1, 7, 28.60, 160193, 771, 0, 0
5925, 22, 720, 1286, 4, 0, 23.61%, 0, 1, 7, 23.67, 160307, 771, 0, 0
5930, 22, 772, 1286, 4, 0, 23.61%, 0, 1, 7, 29.79, 160467, 771, 0, 0
5935, 22, 836, 1286, 4, 0, 23.61%, 0, 1, 7, 27.21, 160600, 771, 0, 0
5941, 22, 872, 1286, 4, 0, 23.61%, 0, 1, 7, 28.05, 160748, 771, 0, 0
5946, 22, 890, 1286, 4, 0, 23.61%, 0, 1, 7, 28.12, 160880, 771, 0, 0
5951, 22, 972, 1286, 4, 0, 23.61%, 0, 1, 7, 22.74, 160992, 771, 0, 0
5956, 22, 1037, 1286, 4, 0, 23.61%, 0, 1, 7, 19.70, 161091, 771, 0, 0
5961, 22, 1098, 1286, 4, 0, 23.61%, 0, 1, 7, 18.39, 161191, 771, 0, 0
5966, 22, 1098, 1287, 5, 0, 23.61%, 0, 1, 7, 15.72, 161264, 771, 0, 0
5971, 22, 1151, 1287, 5, 0, 23.61%, 0, 1, 7, 23.73, 161386, 771, 0, 0
5977, 22, 1215, 1287, 5, 0, 23.61%, 0, 1, 7, 19.59, 161482, 771, 0, 0
5982, 22, 1226, 1287, 5, 0, 23.61%, 0, 1, 7, 18.31, 161589, 771, 0, 0
5987, 22, 1264, 1287, 5, 0, 23.61%, 0, 1, 7, 22.25, 161704, 771, 0, 0
5992, 22, 1269, 1287, 5, 0, 23.61%, 0, 1, 7, 25.20, 161841, 771, 0, 0
5997, 22, 1279, 1287, 5, 0, 23.61%, 0, 1, 7, 19.94, 161928, 771, 0, 0
6002, 22, 1283, 1287, 5, 0, 23.61%, 0, 1, 7, 24.02, 162095, 771, 0, 0
6007, 23, 10, 1287, 5, 0, 23.61%, 0, 1, 7, 26.70, 162230, 771, 0, 0
6012, 23, 74, 1287, 5, 0, 23.61%, 0, 1, 7, 30.95, 162392, 771, 0, 0
6017, 23, 117, 1287, 5, 0, 23.61%, 0, 1, 7, 35.54, 162569, 771, 0, 0
6023, 23, 320, 1287, 5, 0, 23.61%, 0, 1, 7, 33.49, 162742, 771, 0, 0
6028, 23, 403, 1287, 5, 0, 23.61%, 0, 1, 7, 31.50, 162904, 771, 0, 0
6033, 23, 478, 1287, 5, 0, 23.61%, 0, 1, 7, 30.63, 163052, 771, 0, 0
6038, 23, 508, 1287, 5, 0, 23.61%, 0, 1, 7, 32.41, 163213, 771, 0, 0
6043, 23, 527, 1287, 5, 0, 23.61%, 0, 1, 7, 34.48, 163396, 771, 0, 0
6048, 23, 542, 1287, 5, 0, 23.61%, 0, 1, 7, 36.20, 163578, 771, 0, 0
6053, 23, 573, 1287, 5, 0, 23.61%, 0, 1, 7, 32.34, 163751, 771, 0, 0
6058, 23, 584, 1287, 5, 0, 23.61%, 0, 1, 7, 27.67, 163866, 771, 0, 0
6063, 23, 614, 1287, 5, 0, 23.61%, 0, 1, 7, 31.49, 164029, 771, 0, 0
6068, 23, 650, 1287, 5, 0, 23.61%, 0, 1, 7, 32.88, 164190, 771, 0, 0
6073, 23, 705, 1287, 5, 0, 23.61%, 0, 1, 7, 30.79, 164372, 771, 0, 0
6078, 23, 755, 1287, 5, 0, 23.61%, 0, 1, 7, 28.46, 164518, 771, 0, 0
6083, 23, 820, 1287, 5, 0, 23.61%, 0, 1, 7, 28.42, 164670, 771, 0, 0
6089, 23, 871, 1287, 5, 0, 23.61%, 0, 1, 7, 30.95, 164830, 771, 0, 0
6095, 23, 946, 1287, 5, 0, 23.61%, 0, 1, 7, 28.84, 165005, 771, 0, 0
6100, 23, 1037, 1287, 5, 0, 23.61%, 0, 1, 7, 22.16, 165103, 771, 0, 0
6105, 23, 1099, 1287, 5, 0, 23.61%, 0, 1, 7, 22.33, 165209, 771, 0, 0
6110, 23, 1153, 1288, 6, 0, 23.61%, 0, 1, 7, 20.01, 165306, 771, 0, 0
6116, 23, 1178, 1288, 6, 0, 23.61%, 0, 1, 7, 17.89, 165397, 771, 0, 0
6121, 23, 1208, 1288, 6, 0, 23.61%, 0, 1, 7, 17.00, 165484, 771, 0, 0
6126, 23, 1269, 1288, 6, 0, 23.61%, 0, 1, 7, 16.61, 165566, 771, 0, 0
6131, 23, 1271, 1288, 6, 0, 23.61%, 0, 1, 7, 15.66, 165643, 771, 0, 0
6136, 23, 1283, 1288, 6, 0, 23.61%, 0, 1, 7, 19.17, 165741, 771, 0, 0
6141, 24, 21, 1288, 6, 0, 23.61%, 0, 1, 7, 31.31, 165922, 771, 0, 0
6147, 24, 86, 1288, 6, 0, 23.61%, 0, 1, 7, 33.28, 166100, 771, 0, 0
6152, 24, 319, 1288, 6, 0, 23.61%, 0, 1, 7, 31.73, 166265, 771, 0, 0
6157, 24, 386, 1288, 6, 0, 23.61%, 0, 1, 7, 28.84, 166412, 771, 0, 0
6163, 24, 416, 1288, 6, 0, 23.61%, 0, 1, 7, 25.73, 166550, 771, 0, 0
6168, 24, 471, 1288, 6, 0, 23.61%, 0, 1, 7, 28.49, 166721, 771, 0, 0
6173, 24, 511, 1288, 6, 0, 23.61%, 0, 1, 7, 38.79, 166919, 771, 0, 0
6178, 24, 530, 1288, 6, 0, 23.61%, 0, 1, 7, 38.88, 167116, 771, 0, 0
6183, 24, 549, 1288, 6, 0, 23.61%, 0, 1, 7, 38.04, 167297, 771, 0, 0
6188, 24, 575, 1288, 6, 0, 23.61%, 0, 1, 7, 34.10, 167463, 771, 0, 0
6194, 24, 632, 1288, 6, 0, 23.61%, 0, 1, 7, 32.59, 167629, 771, 0, 0
6199, 24, 695, 1288, 6, 0, 23.61%, 0, 1, 7, 29.77, 167780, 771, 0, 0
6204, 24, 755, 1288, 6, 0, 23.61%, 0, 1, 7, 28.23, 167930, 771, 0, 0
6211, 24, 795, 1288, 6, 0, 23.61%, 0, 1, 7, 26.99, 168092, 771, 0, 0
6216, 24, 834, 1288, 6, 0, 23.61%, 0, 1, 7, 28.83, 168233, 771, 0, 0
6221, 24, 871, 1288, 6, 0, 23.61%, 0, 1, 7, 28.80, 168380, 771, 0, 0
6228, 24, 903, 1288, 6, 0, 23.61%, 0, 1, 7, 32.27, 168625, 771, 0, 0
6233, 24, 992, 1288, 6, 0, 23.61%, 0, 1, 7, 23.75, 168738, 771, 0, 0
6238, 24, 1037, 1288, 6, 0, 23.61%, 0, 1, 7, 18.47, 168824, 771, 0, 0
6243, 24, 1061, 1288, 6, 0, 23.61%, 0, 1, 7, 17.52, 168913, 771, 0, 0
6249, 24, 1091, 1288, 6, 0, 23.61%, 0, 1, 7, 20.81, 169042, 771, 0, 0
6254, 24, 1171, 1288, 6, 0, 23.61%, 0, 1, 7, 25.05, 169170, 771, 0, 0
6259, 24, 1198, 1288, 6, 0, 23.61%, 0, 1, 7, 17.17, 169246, 771, 0, 0
6264, 24, 1236, 1288, 6, 0, 23.61%, 0, 1, 7, 14.75, 169321, 771, 0, 0
6270, 24, 1268, 1289, 7, 0, 23.61%, 0, 1, 7, 19.50, 169437, 771, 0, 0
6275, 24, 1268, 1289, 7, 0, 23.61%, 0, 1, 7, 24.63, 169572, 771, 0, 0
6280, 24, 1279, 1290, 8, 0, 23.61%, 0, 1, 7, 18.48, 169656, 771, 0, 0
6285, 24, 1281, 1291, 9, 0, 23.61%, 0, 1, 7, 27.30, 169814, 771, 0, 0
6290, 24, 1283, 1291, 8, 0, 23.61%, 0, 1, 7, 30.12, 169978, 771, 0, 0
6296, 24, 1288, 1291, 8, 0, 23.61%, 0, 1, 7, 25.72, 170103, 771, 0, 0
6301, 25, 21, 1291, 7, 0, 23.61%, 0, 1, 7, 23.78, 170212, 771, 0, 0
6307, 25, 117, 1291, 7, 0, 23.61%, 0, 1, 7, 33.34, 170400, 771, 0, 0
6313, 25, 358, 1291, 7, 0, 23.61%, 0, 1, 7, 34.45, 170612, 771, 0, 0
6318, 25, 403, 1291, 7, 0, 23.61%, 0, 1, 7, 28.30, 170759, 771, 0, 0
6323, 25, 463, 1293, 9, 0, 23.61%, 0, 1, 7, 25.17, 170875, 771, 0, 0
6328, 25, 503, 1293, 9, 0, 23.61%, 0, 1, 7, 31.47, 171036, 771, 0, 0
6333, 25, 517, 1293, 9, 0, 23.61%, 0, 1, 7, 37.60, 171228, 771, 0, 0
6338, 25, 541, 1293, 9, 0, 23.61%, 0, 1, 7, 38.57, 171423, 771, 0, 0
6344, 25, 559, 1293, 9, 0, 23.61%, 0, 1, 7, 35.14, 171597, 771, 0, 0
6349, 25, 585, 1293, 9, 0, 23.61%, 0, 1, 7, 32.74, 171758, 771, 0, 0
6354, 25, 632, 1293, 9, 0, 23.61%, 0, 1, 7, 33.16, 171933, 771, 0, 0
6359, 25, 705, 1293, 9, 0, 23.61%, 0, 1, 7, 28.46, 172083, 771, 0, 0
6364, 25, 730, 1293, 9, 0, 23.61%, 0, 1, 7, 26.63, 172223, 771, 0, 0
6369, 25, 758, 1293, 9, 0, 23.61%, 0, 1, 7, 29.65, 172374, 771, 0, 0
6374, 25, 798, 1293, 9, 0, 23.61%, 0, 1, 7, 30.55, 172554, 771, 0, 0
6380, 25, 862, 1293, 9, 0, 23.61%, 0, 1, 7, 27.08, 172694, 771, 0, 0
6385, 25, 890, 1293, 9, 0, 23.61%, 0, 1, 7, 28.88, 172838, 771, 0, 0
6390, 25, 933, 1293, 9, 0, 23.61%, 0, 1, 7, 27.39, 172965, 771, 0, 0
6395, 25, 1022, 1293, 9, 0, 23.61%, 0, 1, 7, 21.58, 173067, 771, 0, 0
6400, 25, 1103, 1293, 9, 0, 23.61%, 0, 1, 7, 18.82, 173152, 771, 0, 0
6405, 25, 1113, 1293, 9, 0, 23.61%, 0, 1, 7, 17.79, 173246, 771, 0, 0
6410, 25, 1144, 1294, 10, 0, 23.61%, 0, 1, 7, 20.90, 173343, 771, 0, 0
6415, 25, 1207, 1294, 10, 0, 23.61%, 0, 1, 7, 23.40, 173468, 771, 0, 0
6420, 25, 1244, 1294, 10, 0, 23.61%, 0, 1, 7, 22.11, 173578, 771, 0, 0
6425, 25, 1274, 1294, 10, 0, 23.61%, 0, 1, 7, 16.55, 173655, 771, 0, 0
6430, 25, 1274, 1294, 10, 0, 23.61%, 0, 1, 7, 15.76, 173734, 771, 0, 0
6435, 25, 1282, 1294, 10, 0, 23.61%, 0, 1, 7, 16.79, 173818, 771, 0, 0
6441, 25, 1283, 1294, 9, 0, 23.61%, 0, 1, 7, 28.42, 173965, 771, 0, 0
6446, 25, 1290, 1295, 10, 0, 23.61%, 0, 1, 7, 22.17, 174073, 771, 0, 0
6451, 25, 1292, 1295, 9, 0, 23.61%, 0, 1, 7, 22.37, 174184, 771, 0, 0
6456, 25, 1293, 1295, 8, 0, 23.61%, 0, 1, 7, 23.25, 174292, 771, 0, 0
6461, 26, 73, 1295, 7, 0, 23.61%, 0, 1, 7, 29.29, 174445, 771, 0, 0
6466, 26, 283, 1295, 7, 0, 23.61%, 0, 1, 7, 32.97, 174605, 771, 0, 0
6471, 26, 393, 1295, 7, 0, 23.61%, 0, 1, 7, 31.54, 174756, 771, 0, 0
6476, 26, 458, 1295, 7, 0, 23.61%, 0, 1, 7, 31.79, 174937, 771, 0, 0
6481, 26, 510, 1295, 7, 0, 23.61%, 0, 1, 7, 34.96, 175107, 771, 0, 0
6486, 26, 527, 1295, 7, 0, 23.61%, 0, 1, 7, 34.80, 175285, 771, 0, 0
6492, 26, 549, 1295, 7, 0, 23.61%, 0, 1, 7, 39.15, 175495, 771, 0, 0
6497, 26, 579, 1295, 7, 0, 23.61%, 0, 1, 7, 32.25, 175660, 771, 0, 0
6502, 26, 619, 1295, 7, 0, 23.61%, 0, 1, 7, 34.13, 175833, 771, 0, 0
6508, 26, 646, 1295, 7, 0, 23.61%, 0, 1, 7, 34.35, 176032, 771, 0, 0
6514, 26, 695, 1295, 7, 0, 23.61%, 0, 1, 7, 30.98, 176185, 771, 0, 0
6519, 26, 755, 1295, 7, 0, 23.61%, 0, 1, 7, 30.32, 176336, 771, 0, 0
6524, 26, 798, 1295, 7, 0, 23.61%, 0, 1, 7, 26.34, 176473, 771, 0, 0
6529, 26, 833, 1295, 7, 0, 23.61%, 0, 1, 7, 24.57, 176587, 771, 0, 0
6534, 26, 872, 1295, 7, 0, 23.61%, 0, 1, 7, 29.64, 176744, 771, 0, 0
6539, 26, 963, 1295, 7, 0, 23.61%, 0, 1, 7, 27.76, 176894, 771, 0, 0
6544, 26, 1041, 1295, 7, 0, 23.61%, 0, 1, 7, 24.60, 177012, 771, 0, 0
6549, 26, 1063, 1295, 6, 0, 23.61%, 0, 1, 7, 25.98, 177143, 771, 0, 0
6553, 26, 1129, 1295, 6, 0, 23.61%, 0, 1, 7, 21.13, 177213, 771, 0, 0
6553, 26, 1129, 1295, 6, 0, 23.61%, 0, 1, 7, 0.00, 177213, 771, 0, 0
6553, 26, 1129, 1295, 6, 0, 23.61%, 0, 1, 7, 0.00, 177213, 771, 0, 0
6553, 26, 1129, 1295, 6, 0, 23.61%, 0, 1, 7, 0.00, 177213, 771, 0, 0
