# relative_time, cycles_done, cur_item, corpus_count, pending_total, pending_favs, map_size, saved_crashes, saved_hangs, max_depth, execs_per_sec, total_execs, edges_found, total_crashes, servers_count
63, 0, 1, 204, 197, 46, 19.62%, 0, 0, 2, 23.44, 2694, 603, 0, 0
68, 0, 1, 208, 201, 46, 19.69%, 0, 0, 2, 22.52, 2806, 605, 0, 0
74, 0, 1, 214, 207, 46, 19.69%, 0, 0, 2, 23.89, 2940, 605, 0, 0
79, 0, 1, 218, 211, 46, 19.69%, 0, 0, 2, 24.13, 3046, 605, 0, 0
84, 0, 1, 221, 214, 46, 19.72%, 0, 0, 2, 24.26, 3165, 606, 0, 0
89, 0, 1, 225, 218, 46, 19.72%, 0, 0, 2, 25.27, 3282, 606, 0, 0
94, 0, 1, 230, 223, 46, 19.72%, 0, 0, 2, 25.88, 3417, 606, 0, 0
99, 0, 1, 234, 227, 46, 19.75%, 0, 0, 2, 24.06, 3533, 607, 0, 0
104, 0, 1, 238, 231, 46, 19.75%, 0, 0, 2, 25.32, 3662, 607, 0, 0
110, 0, 1, 239, 232, 46, 19.75%, 0, 0, 2, 24.84, 3785, 607, 0, 0
115, 0, 1, 240, 233, 46, 19.75%, 0, 0, 2, 26.55, 3902, 607, 0, 0
120, 0, 1, 243, 236, 46, 19.79%, 0, 0, 2, 25.18, 4013, 608, 0, 0
125, 0, 1, 247, 240, 46, 19.79%, 0, 0, 2, 26.59, 4146, 608, 0, 0
130, 0, 1, 249, 242, 46, 19.79%, 0, 0, 2, 25.53, 4258, 608, 0, 0
136, 0, 1, 252, 245, 46, 19.79%, 0, 0, 2, 25.25, 4392, 608, 0, 0
141, 0, 1, 255, 248, 46, 19.82%, 0, 0, 2, 25.51, 4509, 609, 0, 0
146, 0, 1, 256, 249, 46, 19.82%, 0, 0, 2, 23.39, 4616, 609, 0, 0
151, 0, 1, 257, 250, 46, 19.82%, 0, 0, 2, 24.77, 4743, 609, 0, 0
156, 0, 1, 259, 252, 46, 19.82%, 0, 0, 2, 22.48, 4838, 609, 0, 0
162, 0, 1, 260, 253, 46, 19.82%, 0, 0, 2, 25.70, 4968, 609, 0, 0
167, 0, 1, 261, 254, 46, 19.82%, 0, 0, 2, 25.93, 5094, 609, 0, 0
172, 0, 1, 262, 255, 46, 19.82%, 0, 0, 2, 25.70, 5227, 609, 0, 0
177, 0, 1, 263, 256, 46, 19.82%, 0, 0, 2, 26.57, 5360, 609, 0, 0
182, 0, 1, 267, 260, 46, 19.85%, 0, 0, 2, 23.34, 5459, 610, 0, 0
187, 0, 9, 273, 265, 62, 19.95%, 0, 0, 2, 29.08, 5630, 613, 0, 0
192, 0, 9, 273, 265, 62, 19.95%, 0, 0, 2, 34.00, 5811, 613, 0, 0
198, 0, 9, 273, 265, 62, 19.95%, 0, 0, 2, 27.30, 5962, 613, 0, 0
203, 0, 9, 273, 265, 62, 19.95%, 0, 0, 2, 13.24, 6012, 613, 0, 0
208, 0, 9, 273, 265, 62, 19.95%, 0, 0, 2, 10.44, 6062, 613, 0, 0
213, 0, 9, 273, 265, 62, 19.95%, 0, 0, 2, 12.92, 6125, 613, 0, 0
218, 0, 9, 278, 270, 62, 19.98%, 0, 0, 2, 18.37, 6232, 614, 0, 0
224, 0, 9, 280, 272, 62, 19.98%, 0, 0, 2, 17.43, 6315, 614, 0, 0
229, 0, 9, 281, 273, 62, 20.14%, 0, 0, 2, 17.85, 6411, 619, 0, 0
234, 0, 9, 282, 274, 62, 20.14%, 0, 0, 2, 17.43, 6492, 619, 0, 0
239, 0, 9, 284, 276, 62, 20.14%, 0, 0, 2, 17.66, 6584, 619, 0, 0
244, 0, 9, 284, 276, 62, 20.14%, 0, 0, 2, 16.56, 6664, 619, 0, 0
250, 0, 9, 286, 278, 62, 20.14%, 0, 0, 2, 18.99, 6767, 619, 0, 0
255, 0, 9, 287, 279, 62, 20.14%, 0, 0, 2, 18.99, 6862, 619, 0, 0
260, 0, 9, 288, 280, 62, 20.14%, 0, 0, 2, 18.64, 6955, 619, 0, 0
265, 0, 9, 290, 282, 62, 20.14%, 0, 0, 2, 18.53, 7041, 619, 0, 0
270, 0, 9, 291, 283, 62, 20.24%, 0, 0, 2, 19.60, 7146, 622, 0, 0
275, 0, 9, 291, 283, 62, 20.24%, 0, 0, 2, 18.04, 7233, 622, 0, 0
280, 0, 9, 293, 285, 62, 20.24%, 0, 0, 2, 18.02, 7319, 622, 0, 0
285, 0, 9, 294, 286, 62, 20.31%, 0, 0, 2, 17.62, 7407, 624, 0, 0
291, 0, 9, 295, 287, 62, 20.31%, 0, 0, 2, 19.22, 7518, 624, 0, 0
296, 0, 9, 297, 289, 62, 20.37%, 0, 0, 2, 18.85, 7614, 626, 0, 0
301, 0, 9, 298, 290, 62, 20.37%, 0, 0, 2, 18.58, 7703, 626, 0, 0
306, 0, 9, 299, 291, 62, 20.37%, 0, 0, 2, 18.56, 7794, 626, 0, 0
312, 0, 9, 302, 294, 62, 20.40%, 0, 0, 2, 16.81, 7876, 627, 0, 0
317, 0, 9, 304, 296, 62, 20.40%, 0, 0, 2, 17.31, 7963, 627, 0, 0
323, 0, 9, 306, 298, 62, 20.40%, 0, 0, 2, 16.32, 8050, 627, 0, 0
328, 0, 9, 306, 298, 62, 20.40%, 0, 0, 2, 19.14, 8153, 627, 0, 0
333, 0, 9, 308, 300, 62, 20.40%, 0, 0, 2, 17.32, 8231, 627, 0, 0
338, 0, 9, 310, 302, 62, 20.40%, 0, 0, 2, 18.08, 8320, 627, 0, 0
344, 0, 9, 311, 303, 62, 20.44%, 0, 0, 2, 17.52, 8418, 628, 0, 0
349, 0, 9, 311, 303, 62, 20.44%, 0, 0, 2, 16.39, 8498, 628, 0, 0
354, 0, 9, 312, 304, 62, 20.44%, 0, 0, 2, 18.32, 8600, 628, 0, 0
359, 0, 9, 315, 307, 62, 20.50%, 0, 0, 2, 18.51, 8698, 630, 0, 0
365, 0, 9, 319, 311, 62, 20.53%, 0, 0, 2, 19.24, 8817, 631, 0, 0
371, 0, 9, 320, 312, 62, 20.53%, 0, 0, 2, 20.63, 8922, 631, 0, 0
376, 0, 9, 320, 312, 62, 20.53%, 0, 0, 2, 18.20, 9015, 631, 0, 0
381, 0, 9, 320, 312, 62, 20.53%, 0, 0, 2, 19.01, 9108, 631, 0, 0
386, 0, 9, 320, 312, 62, 20.53%, 0, 0, 2, 17.82, 9199, 631, 0, 0
391, 0, 9, 321, 313, 62, 20.53%, 0, 0, 2, 16.91, 9279, 631, 0, 0
396, 0, 9, 321, 313, 62, 20.53%, 0, 0, 2, 17.93, 9375, 631, 0, 0
401, 0, 9, 321, 313, 62, 20.53%, 0, 0, 2, 18.92, 9469, 631, 0, 0
407, 0, 9, 321, 313, 62, 20.53%, 0, 0, 2, 18.77, 9568, 631, 0, 0
412, 0, 9, 321, 313, 62, 20.53%, 0, 0, 2, 19.52, 9666, 631, 0, 0
417, 0, 9, 322, 314, 62, 20.57%, 0, 0, 2, 18.29, 9749, 632, 0, 0
423, 0, 9, 324, 316, 62, 20.60%, 0, 0, 2, 17.64, 9850, 633, 0, 0
428, 0, 9, 325, 317, 62, 20.60%, 0, 0, 2, 19.04, 9940, 633, 0, 0
433, 0, 9, 326, 318, 62, 20.60%, 0, 0, 2, 19.17, 10039, 633, 0, 0
438, 0, 9, 326, 318, 62, 20.60%, 0, 0, 2, 18.85, 10133, 633, 0, 0
443, 0, 9, 326, 318, 62, 20.60%, 0, 0, 2, 18.14, 10223, 633, 0, 0
448, 0, 9, 326, 318, 62, 20.60%, 0, 0, 2, 17.45, 10310, 633, 0, 0
453, 0, 9, 327, 319, 62, 20.60%, 0, 0, 2, 17.44, 10403, 633, 0, 0
458, 0, 9, 329, 321, 62, 20.60%, 0, 0, 2, 19.36, 10498, 633, 0, 0
463, 0, 9, 329, 321, 62, 20.60%, 0, 0, 2, 17.85, 10591, 633, 0, 0
468, 0, 9, 330, 322, 62, 20.60%, 0, 0, 2, 19.63, 10694, 633, 0, 0
473, 0, 9, 331, 323, 62, 20.60%, 0, 0, 2, 18.66, 10782, 633, 0, 0
479, 0, 9, 332, 324, 62, 20.60%, 0, 0, 2, 20.00, 10882, 633, 0, 0
484, 0, 9, 333, 325, 62, 20.60%, 0, 0, 2, 17.47, 10964, 633, 0, 0
489, 0, 9, 333, 325, 62, 20.60%, 0, 0, 2, 17.09, 11051, 633, 0, 0
494, 0, 9, 334, 326, 62, 20.60%, 0, 0, 2, 18.35, 11157, 633, 0, 0
500, 0, 9, 335, 327, 62, 20.60%, 0, 0, 2, 19.26, 11259, 633, 0, 0
505, 0, 9, 335, 327, 62, 20.60%, 0, 0, 2, 21.31, 11367, 633, 0, 0
510, 0, 9, 336, 328, 62, 20.63%, 0, 0, 2, 20.28, 11462, 634, 0, 0
515, 0, 9, 336, 328, 62, 20.63%, 0, 0, 2, 18.40, 11550, 634, 0, 0
520, 0, 9, 336, 328, 62, 20.63%, 0, 0, 2, 17.97, 11643, 634, 0, 0
525, 0, 9, 336, 328, 62, 20.63%, 0, 0, 2, 19.79, 11743, 634, 0, 0
530, 0, 9, 336, 328, 62, 20.63%, 0, 0, 2, 18.99, 11837, 634, 0, 0
535, 0, 9, 336, 328, 62, 20.63%, 0, 0, 2, 18.90, 11931, 634, 0, 0
540, 0, 9, 336, 328, 62, 20.63%, 0, 0, 2, 17.73, 12025, 634, 0, 0
545, 0, 9, 338, 330, 62, 20.63%, 0, 0, 2, 19.91, 12122, 634, 0, 0
550, 0, 9, 339, 331, 62, 20.63%, 0, 0, 2, 19.42, 12219, 634, 0, 0
556, 0, 9, 339, 331, 62, 20.63%, 0, 0, 2, 18.14, 12308, 634, 0, 0
561, 0, 9, 339, 331, 62, 20.63%, 0, 0, 2, 19.91, 12404, 634, 0, 0
566, 0, 9, 339, 331, 62, 20.63%, 0, 0, 2, 19.47, 12503, 634, 0, 0
571, 0, 9, 339, 331, 62, 20.63%, 0, 0, 2, 18.02, 12590, 634, 0, 0
576, 0, 9, 341, 333, 62, 20.63%, 0, 0, 2, 19.72, 12695, 634, 0, 0
581, 0, 9, 341, 333, 62, 20.63%, 0, 0, 2, 18.51, 12788, 634, 0, 0
586, 0, 9, 341, 333, 62, 20.63%, 0, 0, 2, 18.62, 12877, 634, 0, 0
591, 0, 9, 341, 333, 62, 20.63%, 0, 0, 2, 17.03, 12965, 634, 0, 0
596, 0, 9, 341, 333, 62, 20.63%, 0, 0, 2, 18.09, 13060, 634, 0, 0
601, 0, 9, 341, 333, 62, 20.63%, 0, 0, 2, 18.43, 13150, 634, 0, 0
607, 0, 9, 343, 335, 62, 20.63%, 0, 0, 2, 18.13, 13239, 634, 0, 0
612, 0, 9, 344, 336, 62, 20.63%, 0, 0, 2, 17.75, 13328, 634, 0, 0
617, 0, 9, 344, 336, 62, 20.63%, 0, 0, 2, 17.10, 13416, 634, 0, 0
622, 0, 9, 345, 337, 62, 20.63%, 0, 0, 2, 17.95, 13507, 634, 0, 0
627, 0, 9, 345, 337, 62, 20.63%, 0, 0, 2, 18.56, 13599, 634, 0, 0
633, 0, 9, 346, 338, 62, 20.63%, 0, 0, 2, 19.01, 13693, 634, 0, 0
638, 0, 9, 347, 339, 62, 20.63%, 0, 0, 2, 18.79, 13780, 634, 0, 0
643, 0, 9, 349, 341, 62, 20.63%, 0, 0, 2, 17.56, 13862, 634, 0, 0
648, 0, 9, 349, 341, 62, 20.63%, 0, 0, 2, 16.81, 13947, 634, 0, 0
653, 0, 9, 352, 344, 62, 20.63%, 0, 0, 2, 18.87, 14050, 634, 0, 0
658, 0, 9, 352, 344, 62, 20.63%, 0, 0, 2, 19.38, 14149, 634, 0, 0
663, 0, 9, 352, 344, 62, 20.63%, 0, 0, 2, 17.29, 14238, 634, 0, 0
668, 0, 9, 352, 344, 62, 20.63%, 0, 0, 2, 16.91, 14324, 634, 0, 0
673, 0, 9, 352, 344, 62, 20.63%, 0, 0, 2, 17.56, 14416, 634, 0, 0
678, 0, 9, 352, 344, 62, 20.63%, 0, 0, 2, 17.21, 14504, 634, 0, 0
683, 0, 9, 352, 344, 62, 20.63%, 0, 0, 2, 17.00, 14595, 634, 0, 0
688, 0, 9, 353, 345, 62, 20.66%, 0, 0, 2, 19.32, 14695, 635, 0, 0
693, 0, 9, 353, 345, 62, 20.66%, 0, 0, 2, 18.20, 14790, 635, 0, 0
699, 0, 9, 354, 346, 62, 20.66%, 0, 0, 2, 16.86, 14868, 635, 0, 0
704, 0, 9, 354, 346, 62, 20.66%, 0, 0, 2, 18.50, 14968, 635, 0, 0
709, 0, 9, 354, 346, 62, 20.66%, 0, 0, 2, 17.66, 15059, 635, 0, 0
714, 0, 9, 354, 346, 62, 20.66%, 0, 0, 2, 18.88, 15161, 635, 0, 0
719, 0, 9, 355, 347, 62, 20.73%, 0, 0, 2, 18.25, 15253, 637, 0, 0
724, 0, 9, 355, 347, 62, 20.73%, 0, 0, 2, 17.87, 15341, 637, 0, 0
729, 0, 9, 356, 348, 62, 20.73%, 0, 0, 2, 17.43, 15428, 637, 0, 0
734, 0, 9, 356, 348, 62, 20.73%, 0, 0, 2, 16.46, 15513, 637, 0, 0
739, 0, 9, 356, 348, 62, 20.73%, 0, 0, 2, 17.98, 15606, 637, 0, 0
745, 0, 9, 358, 350, 62, 20.73%, 0, 0, 2, 18.38, 15711, 637, 0, 0
750, 0, 9, 359, 351, 62, 20.73%, 0, 0, 2, 19.45, 15812, 637, 0, 0
755, 0, 9, 359, 351, 62, 20.73%, 0, 0, 2, 18.90, 15905, 637, 0, 0
760, 0, 9, 360, 352, 62, 20.76%, 0, 0, 2, 19.26, 16006, 638, 0, 0
766, 0, 9, 361, 353, 62, 20.76%, 0, 0, 2, 17.41, 16088, 638, 0, 0
771, 0, 9, 361, 353, 62, 20.76%, 0, 0, 2, 18.81, 16191, 638, 0, 0
776, 0, 9, 361, 353, 62, 20.76%, 0, 0, 2, 18.99, 16290, 638, 0, 0
781, 0, 9, 361, 353, 62, 20.76%, 0, 0, 2, 20.07, 16389, 638, 0, 0
786, 0, 9, 361, 353, 62, 20.76%, 0, 0, 2, 20.22, 16494, 638, 0, 0
791, 0, 9, 362, 354, 62, 20.76%, 0, 0, 2, 19.99, 16588, 638, 0, 0
796, 0, 9, 362, 354, 62, 20.76%, 0, 0, 2, 19.03, 16684, 638, 0, 0
801, 0, 9, 362, 354, 62, 20.76%, 0, 0, 2, 20.05, 16785, 638, 0, 0
806, 0, 9, 363, 355, 62, 20.76%, 0, 0, 2, 18.96, 16871, 638, 0, 0
812, 0, 9, 363, 355, 62, 20.76%, 0, 0, 2, 19.27, 16969, 638, 0, 0
817, 0, 9, 363, 355, 62, 20.76%, 0, 0, 2, 18.91, 17071, 638, 0, 0
822, 0, 9, 363, 355, 62, 20.76%, 0, 0, 2, 17.41, 17157, 638, 0, 0
827, 0, 9, 364, 356, 62, 20.76%, 0, 0, 2, 17.78, 17244, 638, 0, 0
832, 0, 9, 364, 356, 62, 20.76%, 0, 0, 2, 18.27, 17341, 638, 0, 0
838, 0, 10, 364, 355, 77, 20.76%, 0, 0, 2, 20.03, 17477, 638, 0, 0
844, 0, 323, 365, 354, 75, 20.76%, 0, 0, 3, 19.54, 17587, 638, 0, 0
849, 0, 323, 365, 354, 75, 20.76%, 0, 0, 3, 15.03, 17653, 638, 0, 0
855, 0, 162, 365, 353, 74, 20.76%, 0, 0, 3, 15.20, 17729, 638, 0, 0
860, 0, 162, 365, 353, 74, 20.76%, 0, 0, 3, 14.23, 17796, 638, 0, 0
865, 0, 12, 366, 353, 74, 20.79%, 0, 0, 3, 20.32, 17930, 639, 0, 0
870, 0, 33, 366, 351, 72, 20.79%, 0, 0, 3, 23.46, 18069, 639, 0, 0
876, 0, 22, 368, 351, 72, 20.86%, 0, 0, 3, 23.35, 18241, 641, 0, 0
883, 0, 63, 368, 349, 70, 20.86%, 0, 0, 3, 24.14, 18406, 641, 0, 0
888, 0, 51, 368, 348, 69, 20.86%, 0, 0, 3, 21.41, 18514, 641, 0, 0
893, 0, 240, 369, 348, 68, 20.86%, 0, 0, 3, 18.94, 18609, 641, 0, 0
898, 0, 315, 369, 346, 66, 20.86%, 0, 0, 3, 24.29, 18754, 641, 0, 0
904, 0, 60, 369, 344, 64, 20.86%, 0, 0, 3, 24.99, 18891, 641, 0, 0
909, 0, 109, 369, 341, 62, 20.86%, 0, 0, 3, 29.53, 19036, 641, 0, 0
914, 0, 130, 369, 339, 60, 20.86%, 0, 0, 3, 35.65, 19243, 641, 0, 0
919, 0, 272, 369, 338, 59, 20.86%, 0, 0, 3, 28.57, 19366, 641, 0, 0
924, 0, 352, 370, 337, 57, 20.86%, 0, 0, 3, 26.62, 19476, 641, 0, 0
930, 0, 200, 370, 336, 56, 20.86%, 0, 0, 3, 22.60, 19577, 641, 0, 0
936, 0, 59, 370, 334, 54, 20.86%, 0, 0, 3, 22.50, 19740, 641, 0, 0
942, 0, 34, 370, 332, 52, 20.86%, 0, 0, 3, 24.43, 19891, 641, 0, 0
947, 0, 296, 372, 333, 51, 20.92%, 0, 0, 3, 27.33, 20047, 643, 0, 0
954, 0, 24, 372, 331, 51, 20.92%, 0, 0, 3, 24.64, 20223, 643, 0, 0
959, 0, 365, 373, 331, 50, 20.92%, 0, 0, 4, 23.51, 20346, 643, 0, 0
964, 0, 49, 374, 330, 48, 20.96%, 0, 0, 4, 24.42, 20484, 644, 0, 0
971, 0, 253, 374, 328, 47, 20.96%, 0, 0, 4, 24.20, 20631, 644, 0, 0
976, 0, 350, 375, 327, 45, 20.96%, 0, 0, 4, 25.85, 20785, 644, 0, 0
983, 0, 29, 378, 329, 44, 20.96%, 0, 0, 4, 25.70, 20967, 644, 0, 0
988, 0, 204, 378, 328, 43, 20.96%, 0, 0, 4, 23.99, 21104, 644, 0, 0
993, 0, 54, 380, 329, 42, 20.99%, 0, 0, 4, 21.34, 21224, 645, 0, 0
998, 0, 104, 380, 327, 42, 20.99%, 0, 0, 4, 25.88, 21362, 645, 0, 0
1003, 0, 284, 381, 326, 40, 20.99%, 0, 0, 4, 30.57, 21517, 645, 0, 0
1008, 0, 334, 382, 326, 39, 20.99%, 0, 0, 4, 25.16, 21618, 645, 0, 0
1014, 0, 373, 382, 325, 38, 20.99%, 0, 0, 4, 23.00, 21735, 645, 0, 0
1019, 0, 78, 382, 323, 36, 20.99%, 0, 0, 4, 24.13, 21885, 645, 0, 0
1024, 0, 290, 382, 322, 35, 20.99%, 0, 0, 4, 24.88, 22011, 645, 0, 0
1031, 0, 58, 382, 320, 33, 20.99%, 0, 0, 4, 23.02, 22190, 645, 0, 0
1036, 0, 65, 382, 319, 32, 20.99%, 0, 0, 4, 24.17, 22330, 645, 0, 0
1041, 0, 335, 383, 319, 31, 20.99%, 0, 0, 4, 19.96, 22414, 645, 0, 0
1046, 0, 188, 383, 317, 29, 20.99%, 0, 0, 4, 21.33, 22534, 645, 0, 0
1051, 0, 233, 383, 316, 28, 20.99%, 0, 0, 4, 20.48, 22618, 645, 0, 0
1057, 0, 45, 384, 316, 28, 21.05%, 0, 0, 4, 19.69, 22729, 647, 0, 0
1062, 0, 68, 384, 314, 26, 21.05%, 0, 0, 4, 21.69, 22875, 647, 0, 0
1067, 0, 366, 384, 313, 25, 21.05%, 0, 0, 4, 23.14, 23006, 647, 0, 0
1074, 0, 52, 387, 314, 24, 21.15%, 0, 0, 4, 26.65, 23206, 650, 0, 0
1079, 0, 53, 390, 316, 26, 21.25%, 0, 0, 4, 24.75, 23353, 653, 0, 0
1085, 0, 57, 393, 318, 27, 21.28%, 0, 0, 4, 25.69, 23492, 654, 0, 0
1090, 0, 62, 394, 318, 28, 21.38%, 0, 0, 4, 25.44, 23628, 657, 0, 0
1095, 0, 387, 394, 315, 26, 21.38%, 0, 0, 4, 26.10, 23752, 657, 0, 0
1100, 0, 321, 396, 316, 25, 21.41%, 0, 0, 4, 19.86, 23833, 658, 0, 0
1105, 0, 93, 396, 315, 25, 21.41%, 0, 0, 4, 21.84, 23931, 658, 0, 0
1110, 0, 314, 396, 313, 23, 21.41%, 0, 0, 4, 19.29, 24021, 658, 0, 0
1115, 0, 360, 397, 311, 21, 21.41%, 0, 0, 4, 21.89, 24140, 658, 0, 0
1121, 0, 395, 397, 308, 20, 21.41%, 0, 0, 4, 23.01, 24255, 658, 0, 0
1126, 0, 395, 399, 310, 20, 21.41%, 0, 0, 4, 18.62, 24330, 658, 0, 0
1131, 0, 395, 400, 311, 20, 21.41%, 0, 0, 4, 15.91, 24404, 658, 0, 0
1136, 0, 276, 400, 310, 19, 21.41%, 0, 0, 4, 19.26, 24524, 658, 0, 0
1142, 0, 293, 400, 307, 16, 21.41%, 0, 0, 4, 21.67, 24653, 658, 0, 0
1147, 0, 264, 401, 306, 14, 21.41%, 0, 0, 4, 24.07, 24775, 658, 0, 0
1152, 0, 359, 401, 303, 13, 21.41%, 0, 0, 4, 22.17, 24890, 658, 0, 0
1157, 0, 310, 401, 301, 11, 21.41%, 0, 0, 4, 30.43, 25057, 658, 0, 0
1164, 0, 178, 402, 300, 10, 21.48%, 0, 0, 5, 25.94, 25201, 660, 0, 0
1169, 0, 269, 403, 300, 10, 21.51%, 0, 0, 5, 22.07, 25307, 661, 0, 0
1174, 0, 388, 404, 299, 8, 21.54%, 0, 0, 5, 22.38, 25417, 662, 0, 0
1179, 0, 57, 404, 296, 6, 21.54%, 0, 0, 5, 23.30, 25547, 662, 0, 0
1185, 0, 207, 404, 296, 6, 21.54%, 0, 0, 5, 19.63, 25647, 662, 0, 0
1190, 0, 403, 404, 294, 5, 21.54%, 0, 0, 5, 19.81, 25754, 662, 0, 0
1195, 0, 252, 404, 292, 3, 21.54%, 0, 0, 5, 22.36, 25872, 662, 0, 0
1200, 0, 383, 404, 289, 3, 21.54%, 0, 0, 5, 22.46, 25994, 662, 0, 0
1205, 0, 401, 405, 289, 2, 21.58%, 0, 0, 6, 24.23, 26115, 663, 0, 0
1210, 0, 393, 405, 288, 2, 21.58%, 0, 0, 6, 21.94, 26223, 663, 0, 0
1215, 0, 125, 405, 286, 1, 21.58%, 0, 0, 6, 23.92, 26360, 663, 0, 0
1220, 0, 125, 406, 287, 1, 21.58%, 0, 0, 6, 21.66, 26470, 663, 0, 0
1226, 0, 125, 410, 291, 1, 21.61%, 0, 0, 6, 21.69, 26577, 664, 0, 0
1231, 0, 125, 416, 297, 1, 21.64%, 0, 0, 6, 20.97, 26675, 665, 0, 0
1236, 0, 125, 424, 305, 1, 21.80%, 0, 0, 6, 23.36, 26786, 670, 0, 0
1241, 0, 125, 434, 315, 1, 21.93%, 0, 0, 6, 25.75, 26928, 674, 0, 0
1247, 0, 125, 443, 324, 1, 21.93%, 0, 0, 6, 25.37, 27047, 674, 0, 0
1252, 0, 404, 444, 325, 10, 21.93%, 0, 0, 6, 22.40, 27151, 674, 0, 0
1257, 0, 427, 444, 324, 9, 21.93%, 0, 0, 6, 23.61, 27288, 674, 0, 0
1262, 0, 420, 444, 321, 6, 21.93%, 0, 0, 6, 23.55, 27406, 674, 0, 0
1267, 0, 421, 444, 319, 5, 21.93%, 0, 0, 6, 21.45, 27506, 674, 0, 0
1272, 0, 432, 444, 317, 3, 21.93%, 0, 0, 6, 22.84, 27623, 674, 0, 0
1277, 0, 437, 444, 314, 1, 21.93%, 0, 0, 6, 26.23, 27758, 674, 0, 0
1282, 0, 411, 444, 312, 1, 21.93%, 0, 0, 6, 21.75, 27860, 674, 0, 0
1287, 0, 48, 444, 311, 0, 21.93%, 0, 0, 6, 23.20, 27988, 674, 0, 0
1292, 0, 194, 444, 311, 0, 21.93%, 0, 0, 6, 23.85, 28101, 674, 0, 0
1298, 0, 104, 444, 309, 0, 21.93%, 0, 0, 6, 21.45, 28203, 674, 0, 0
1303, 0, 379, 444, 309, 0, 21.93%, 0, 0, 6, 21.34, 28323, 674, 0, 0
1308, 0, 18, 444, 309, 0, 21.93%, 0, 0, 6, 22.52, 28450, 674, 0, 0
1313, 0, 271, 444, 309, 0, 21.93%, 0, 0, 6, 21.90, 28557, 674, 0, 0
1318, 0, 25, 444, 309, 0, 21.93%, 0, 0, 6, 22.41, 28673, 674, 0, 0
1323, 0, 25, 444, 309, 0, 21.93%, 0, 0, 6, 17.00, 28753, 674, 0, 0
1328, 0, 402, 444, 309, 0, 21.93%, 0, 0, 6, 19.42, 28859, 674, 0, 0
1333, 0, 284, 444, 309, 0, 21.93%, 0, 0, 6, 19.94, 28965, 674, 0, 0
1339, 0, 427, 445, 310, 0, 22.03%, 0, 0, 6, 23.53, 29088, 677, 0, 0
1344, 0, 444, 445, 310, 1, 22.03%, 0, 0, 6, 28.86, 29252, 677, 0, 0
1349, 0, 444, 445, 309, 0, 22.03%, 0, 0, 6, 27.33, 29389, 677, 0, 0
1354, 0, 411, 445, 309, 0, 22.03%, 0, 0, 6, 24.44, 29520, 677, 0, 0
1359, 0, 111, 445, 309, 0, 22.03%, 0, 0, 6, 25.63, 29657, 677, 0, 0
1364, 0, 279, 445, 308, 0, 22.03%, 0, 0, 6, 22.05, 29769, 677, 0, 0
1369, 0, 54, 445, 306, 0, 22.03%, 0, 0, 6, 21.91, 29876, 677, 0, 0
1374, 0, 175, 445, 306, 0, 22.03%, 0, 0, 6, 21.79, 29984, 677, 0, 0
1380, 0, 200, 445, 305, 0, 22.03%, 0, 0, 6, 25.42, 30128, 677, 0, 0
1385, 0, 49, 445, 305, 0, 22.03%, 0, 0, 6, 26.83, 30264, 677, 0, 0
1391, 0, 91, 445, 305, 0, 22.03%, 0, 0, 6, 23.70, 30398, 677, 0, 0
1396, 0, 59, 445, 304, 0, 22.03%, 0, 0, 6, 21.69, 30506, 677, 0, 0
1401, 0, 23, 445, 304, 0, 22.03%, 0, 0, 6, 23.83, 30638, 677, 0, 0
1406, 0, 365, 445, 303, 0, 22.03%, 0, 0, 6, 24.46, 30765, 677, 0, 0
1411, 0, 45, 446, 304, 0, 22.03%, 0, 0, 6, 25.51, 30900, 677, 0, 0
1416, 0, 39, 446, 304, 0, 22.03%, 0, 0, 6, 24.73, 31022, 677, 0, 0
1421, 0, 45, 446, 303, 0, 22.03%, 0, 0, 6, 23.08, 31139, 677, 0, 0
1426, 0, 386, 446, 303, 0, 22.03%, 0, 0, 6, 22.46, 31249, 677, 0, 0
1432, 0, 262, 446, 303, 0, 22.03%, 0, 0, 6, 22.57, 31370, 677, 0, 0
1437, 0, 367, 446, 301, 0, 22.03%, 0, 0, 6, 20.78, 31477, 677, 0, 0
1442, 0, 188, 446, 301, 0, 22.03%, 0, 0, 6, 23.06, 31591, 677, 0, 0
1447, 0, 335, 446, 300, 0, 22.03%, 0, 0, 6, 21.41, 31707, 677, 0, 0
1452, 0, 120, 446, 300, 0, 22.03%, 0, 0, 6, 20.50, 31798, 677, 0, 0
1459, 0, 443, 446, 300, 0, 22.03%, 0, 0, 6, 21.90, 31960, 677, 0, 0
1464, 0, 411, 446, 299, 0, 22.03%, 0, 0, 6, 23.77, 32081, 677, 0, 0
1471, 0, 254, 446, 298, 0, 22.03%, 0, 0, 6, 26.90, 32251, 677, 0, 0
1476, 0, 146, 446, 297, 0, 22.03%, 0, 0, 6, 24.22, 32360, 677, 0, 0
1481, 0, 310, 446, 296, 0, 22.03%, 0, 0, 6, 25.78, 32493, 677, 0, 0
1486, 0, 128, 446, 296, 0, 22.03%, 0, 0, 6, 20.09, 32576, 677, 0, 0
1491, 0, 23, 446, 295, 0, 22.03%, 0, 0, 6, 21.00, 32681, 677, 0, 0
1496, 0, 23, 447, 296, 0, 22.06%, 0, 0, 6, 23.69, 32808, 678, 0, 0
1501, 0, 446, 447, 296, 1, 22.06%, 0, 0, 6, 23.74, 32934, 678, 0, 0
1507, 0, 348, 447, 295, 0, 22.06%, 0, 0, 6, 21.85, 33039, 678, 0, 0
1512, 0, 59, 447, 295, 0, 22.06%, 0, 0, 6, 21.63, 33148, 678, 0, 0
1517, 0, 352, 447, 295, 0, 22.06%, 0, 0, 6, 20.58, 33252, 678, 0, 0
1522, 0, 233, 447, 294, 0, 22.06%, 0, 0, 6, 21.04, 33376, 678, 0, 0
1529, 0, 413, 447, 293, 0, 22.06%, 0, 0, 6, 28.86, 33553, 678, 0, 0
1535, 0, 301, 447, 291, 0, 22.06%, 0, 0, 6, 25.25, 33684, 678, 0, 0
1540, 0, 34, 447, 290, 0, 22.06%, 0, 0, 6, 22.88, 33793, 678, 0, 0
1545, 0, 233, 447, 290, 0, 22.06%, 0, 0, 6, 17.64, 33877, 678, 0, 0
1550, 0, 366, 447, 290, 0, 22.06%, 0, 0, 6, 19.63, 33976, 678, 0, 0
1557, 0, 271, 448, 291, 0, 22.06%, 0, 0, 6, 18.82, 34122, 678, 0, 0
1562, 0, 350, 448, 291, 0, 22.06%, 0, 0, 6, 22.47, 34231, 678, 0, 0
1567, 0, 140, 448, 291, 0, 22.06%, 0, 0, 6, 22.77, 34346, 678, 0, 0
1573, 0, 388, 448, 291, 0, 22.06%, 0, 0, 6, 26.38, 34518, 678, 0, 0
1578, 0, 120, 448, 290, 0, 22.06%, 0, 0, 6, 25.22, 34641, 678, 0, 0
1584, 0, 446, 448, 290, 0, 22.06%, 0, 0, 6, 26.67, 34788, 678, 0, 0
1589, 0, 52, 448, 290, 0, 22.06%, 0, 0, 6, 20.22, 34881, 678, 0, 0
1594, 0, 52, 448, 290, 0, 22.06%, 0, 0, 6, 20.77, 34981, 678, 0, 0
1599, 0, 316, 449, 291, 0, 22.06%, 0, 0, 6, 20.70, 35089, 678, 0, 0
1605, 0, 94, 449, 290, 0, 22.06%, 0, 0, 6, 21.30, 35227, 678, 0, 0
1611, 0, 58, 449, 289, 0, 22.06%, 0, 0, 6, 24.01, 35351, 678, 0, 0
1616, 0, 51, 449, 289, 0, 22.06%, 0, 0, 6, 23.89, 35470, 678, 0, 0
1621, 0, 18, 449, 289, 0, 22.06%, 0, 0, 6, 20.86, 35572, 678, 0, 0
1627, 0, 389, 449, 289, 0, 22.06%, 0, 0, 6, 20.83, 35719, 678, 0, 0
1633, 0, 78, 449, 289, 0, 22.06%, 0, 0, 6, 21.58, 35827, 678, 0, 0
1638, 0, 23, 449, 289, 0, 22.06%, 0, 0, 6, 23.11, 35948, 678, 0, 0
1643, 0, 56, 449, 289, 0, 22.06%, 0, 0, 6, 22.15, 36067, 678, 0, 0
1648, 0, 65, 449, 288, 0, 22.06%, 0, 0, 6, 21.97, 36168, 678, 0, 0
1653, 0, 350, 449, 288, 0, 22.06%, 0, 0, 6, 24.39, 36298, 678, 0, 0
1658, 0, 290, 449, 288, 0, 22.06%, 0, 0, 6, 22.67, 36413, 678, 0, 0
1664, 0, 399, 449, 288, 0, 22.06%, 0, 0, 6, 21.48, 36511, 678, 0, 0
1669, 0, 350, 449, 287, 0, 22.06%, 0, 0, 6, 18.92, 36599, 678, 0, 0
1674, 0, 284, 449, 287, 0, 22.06%, 0, 0, 6, 19.76, 36696, 678, 0, 0
1679, 0, 366, 449, 287, 0, 22.06%, 0, 0, 6, 20.11, 36791, 678, 0, 0
1684, 0, 238, 449, 287, 0, 22.06%, 0, 0, 6, 24.59, 36930, 678, 0, 0
1689, 0, 313, 449, 285, 0, 22.06%, 0, 0, 6, 24.17, 37060, 678, 0, 0
1696, 0, 348, 449, 285, 0, 22.06%, 0, 0, 6, 19.55, 37202, 678, 0, 0
1701, 0, 284, 449, 285, 0, 22.06%, 0, 0, 6, 21.00, 37314, 678, 0, 0
1706, 0, 160, 450, 286, 0, 22.06%, 0, 0, 6, 24.72, 37440, 678, 0, 0
1712, 0, 68, 450, 285, 0, 22.06%, 0, 0, 6, 25.20, 37572, 678, 0, 0
1717, 0, 424, 450, 285, 0, 22.06%, 0, 0, 6, 21.87, 37705, 678, 0, 0
1722, 0, 305, 450, 285, 0, 22.06%, 0, 0, 6, 20.57, 37817, 678, 0, 0
1728, 0, 159, 450, 284, 0, 22.06%, 0, 0, 6, 21.64, 37914, 678, 0, 0
1733, 0, 114, 450, 283, 0, 22.06%, 0, 0, 6, 26.04, 38047, 678, 0, 0
1738, 0, 386, 450, 282, 0, 22.06%, 0, 0, 6, 25.44, 38177, 678, 0, 0
1743, 0, 403, 451, 282, 0, 22.06%, 0, 0, 6, 22.66, 38289, 678, 0, 0
1748, 0, 152, 451, 281, 0, 22.06%, 0, 0, 6, 23.28, 38402, 678, 0, 0
1753, 0, 416, 452, 280, 0, 22.06%, 0, 0, 6, 20.15, 38498, 678, 0, 0
1758, 0, 313, 452, 279, 0, 22.06%, 0, 0, 6, 24.55, 38633, 678, 0, 0
1763, 0, 22, 452, 279, 0, 22.06%, 0, 0, 6, 24.53, 38758, 678, 0, 0
1768, 0, 422, 452, 279, 0, 22.06%, 0, 0, 6, 23.54, 38889, 678, 0, 0
1773, 0, 72, 454, 281, 0, 22.06%, 0, 0, 6, 22.23, 39000, 678, 0, 0
1778, 0, 61, 454, 279, 0, 22.06%, 0, 0, 6, 21.32, 39101, 678, 0, 0
1783, 0, 366, 454, 277, 0, 22.06%, 0, 0, 6, 27.68, 39251, 678, 0, 0
1788, 0, 368, 454, 277, 0, 22.06%, 0, 0, 6, 24.64, 39368, 678, 0, 0
1793, 0, 366, 454, 276, 0, 22.06%, 0, 0, 6, 23.25, 39481, 678, 0, 0
1799, 0, 22, 454, 275, 0, 22.06%, 0, 0, 6, 21.60, 39596, 678, 0, 0
1804, 0, 74, 454, 275, 0, 22.06%, 0, 0, 6, 21.48, 39695, 678, 0, 0
1809, 0, 424, 454, 274, 0, 22.06%, 0, 0, 6, 25.95, 39861, 678, 0, 0
1814, 0, 22, 454, 274, 0, 22.06%, 0, 0, 6, 24.81, 39981, 678, 0, 0
1819, 0, 227, 454, 274, 0, 22.06%, 0, 0, 6, 23.44, 40099, 678, 0, 0
1824, 0, 75, 454, 273, 0, 22.06%, 0, 0, 6, 21.47, 40201, 678, 0, 0
1830, 0, 193, 454, 273, 0, 22.06%, 0, 0, 6, 25.90, 40338, 678, 0, 0
1835, 0, 367, 454, 272, 0, 22.06%, 0, 0, 6, 18.64, 40419, 678, 0, 0
1840, 0, 77, 454, 272, 0, 22.06%, 0, 0, 6, 23.90, 40543, 678, 0, 0
1845, 0, 350, 454, 271, 0, 22.06%, 0, 0, 6, 21.90, 40656, 678, 0, 0
1850, 0, 45, 454, 271, 0, 22.06%, 0, 0, 6, 19.79, 40753, 678, 0, 0
1855, 0, 187, 454, 271, 0, 22.06%, 0, 0, 6, 23.11, 40873, 678, 0, 0
1860, 0, 46, 454, 270, 0, 22.06%, 0, 0, 6, 22.57, 40979, 678, 0, 0
1865, 0, 335, 454, 269, 0, 22.06%, 0, 0, 6, 21.52, 41098, 678, 0, 0
1871, 0, 290, 454, 269, 0, 22.06%, 0, 0, 6, 21.70, 41205, 678, 0, 0
1876, 0, 272, 454, 269, 0, 22.06%, 0, 0, 6, 21.31, 41312, 678, 0, 0
1881, 0, 282, 454, 268, 0, 22.06%, 0, 0, 6, 21.86, 41423, 678, 0, 0
1888, 0, 321, 454, 267, 0, 22.06%, 0, 0, 6, 20.32, 41554, 678, 0, 0
1893, 0, 388, 454, 267, 0, 22.06%, 0, 0, 6, 23.59, 41674, 678, 0, 0
1898, 0, 388, 454, 267, 0, 22.06%, 0, 0, 6, 25.06, 41803, 678, 0, 0
1903, 0, 214, 454, 267, 0, 22.06%, 0, 0, 6, 23.42, 41899, 678, 0, 0
1908, 0, 378, 454, 266, 0, 22.06%, 0, 0, 6, 20.05, 41993, 678, 0, 0
1913, 0, 69, 454, 265, 0, 22.06%, 0, 0, 6, 23.89, 42119, 678, 0, 0
1919, 0, 22, 454, 263, 0, 22.06%, 0, 0, 6, 21.71, 42221, 678, 0, 0
1924, 0, 425, 454, 263, 0, 22.06%, 0, 0, 6, 25.09, 42350, 678, 0, 0
1929, 0, 66, 454, 263, 0, 22.06%, 0, 0, 6, 25.21, 42478, 678, 0, 0
1934, 0, 18, 454, 263, 0, 22.06%, 0, 0, 6, 23.01, 42585, 678, 0, 0
1939, 0, 18, 455, 264, 0, 22.10%, 0, 0, 6, 22.39, 42696, 679, 0, 0
1944, 0, 454, 455, 264, 1, 22.10%, 0, 0, 6, 22.41, 42814, 679, 0, 0
1949, 0, 31, 455, 263, 0, 22.10%, 0, 0, 6, 18.79, 42910, 679, 0, 0
1954, 0, 379, 455, 262, 0, 22.10%, 0, 0, 6, 19.17, 43004, 679, 0, 0
1959, 0, 388, 456, 262, 0, 22.10%, 0, 0, 6, 21.07, 43109, 679, 0, 0
1965, 0, 456, 457, 263, 1, 22.13%, 0, 0, 6, 21.46, 43236, 680, 0, 0
1970, 0, 411, 457, 262, 0, 22.13%, 0, 0, 6, 19.69, 43335, 680, 0, 0
1975, 0, 22, 457, 262, 0, 22.13%, 0, 0, 6, 20.48, 43440, 680, 0, 0
1980, 0, 22, 458, 263, 0, 22.19%, 0, 0, 6, 19.76, 43542, 682, 0, 0
1985, 0, 153, 458, 262, 0, 22.19%, 0, 0, 6, 25.41, 43679, 682, 0, 0
1990, 0, 321, 458, 262, 0, 22.19%, 0, 0, 6, 20.89, 43787, 682, 0, 0
1995, 0, 303, 458, 262, 0, 22.19%, 0, 0, 6, 23.88, 43919, 682, 0, 0
2001, 0, 403, 458, 261, 0, 22.19%, 0, 0, 6, 22.22, 44032, 682, 0, 0
2006, 0, 22, 458, 261, 0, 22.19%, 0, 0, 6, 20.65, 44136, 682, 0, 0
2011, 0, 365, 458, 261, 0, 22.19%, 0, 0, 6, 22.64, 44255, 682, 0, 0
2016, 0, 401, 458, 261, 0, 22.19%, 0, 0, 6, 24.50, 44380, 682, 0, 0
2021, 0, 304, 458, 261, 0, 22.19%, 0, 0, 6, 19.67, 44458, 682, 0, 0
2026, 0, 13, 458, 260, 0, 22.19%, 0, 0, 6, 19.97, 44570, 682, 0, 0
2031, 0, 82, 458, 258, 0, 22.19%, 0, 0, 6, 22.00, 44686, 682, 0, 0
2036, 0, 12, 458, 258, 0, 22.19%, 0, 0, 6, 25.88, 44816, 682, 0, 0
2042, 0, 387, 459, 259, 0, 22.23%, 0, 0, 6, 24.54, 44931, 683, 0, 0
2047, 0, 458, 460, 260, 1, 22.23%, 0, 0, 6, 18.02, 45006, 683, 0, 0
2052, 0, 49, 460, 258, 0, 22.23%, 0, 0, 6, 18.12, 45092, 683, 0, 0
2057, 0, 77, 460, 258, 0, 22.23%, 0, 0, 6, 22.20, 45209, 683, 0, 0
2063, 0, 417, 461, 259, 0, 22.23%, 0, 0, 6, 24.55, 45338, 683, 0, 0
2068, 0, 461, 463, 260, 1, 22.23%, 0, 0, 6, 18.52, 45411, 683, 0, 0
2073, 0, 461, 465, 262, 1, 22.23%, 0, 0, 6, 15.14, 45477, 683, 0, 0
2078, 0, 464, 468, 264, 1, 22.23%, 0, 0, 6, 14.29, 45548, 683, 0, 0
2084, 0, 464, 470, 266, 1, 22.23%, 0, 0, 6, 12.68, 45604, 683, 0, 0
2089, 0, 464, 470, 266, 1, 22.23%, 0, 0, 6, 11.75, 45663, 683, 0, 0
2094, 0, 464, 470, 266, 1, 22.23%, 0, 0, 6, 11.40, 45721, 683, 0, 0
2099, 0, 350, 471, 266, 0, 22.23%, 0, 0, 6, 18.76, 45825, 683, 0, 0
2104, 0, 421, 471, 266, 0, 22.23%, 0, 0, 6, 19.19, 45924, 683, 0, 0
2109, 0, 77, 471, 265, 0, 22.23%, 0, 0, 6, 24.01, 46052, 683, 0, 0
2114, 0, 200, 471, 265, 0, 22.23%, 0, 0, 6, 25.16, 46176, 683, 0, 0
2120, 0, 23, 471, 265, 0, 22.23%, 0, 0, 6, 24.03, 46299, 683, 0, 0
2125, 0, 385, 472, 266, 0, 22.23%, 0, 0, 6, 23.26, 46438, 683, 0, 0
2131, 0, 464, 473, 266, 0, 22.23%, 0, 0, 6, 23.88, 46576, 683, 0, 0
2136, 0, 472, 473, 266, 1, 22.23%, 0, 0, 6, 19.04, 46655, 683, 0, 0
2141, 0, 444, 473, 265, 0, 22.23%, 0, 0, 6, 22.89, 46768, 683, 0, 0
2146, 0, 4, 473, 265, 0, 22.23%, 0, 0, 6, 22.00, 46881, 683, 0, 0
2152, 0, 383, 474, 264, 0, 22.23%, 0, 0, 6, 24.33, 47034, 683, 0, 0
2157, 0, 109, 475, 265, 0, 22.23%, 0, 0, 6, 26.16, 47151, 683, 0, 0
2162, 0, 190, 475, 265, 0, 22.23%, 0, 0, 6, 28.03, 47289, 683, 0, 0
2167, 0, 175, 475, 264, 0, 22.23%, 0, 0, 6, 25.76, 47409, 683, 0, 0
2173, 1, 62, 475, 262, 0, 22.23%, 0, 0, 6, 23.86, 47521, 683, 0, 0
2178, 1, 335, 475, 261, 0, 22.23%, 0, 0, 6, 20.46, 47625, 683, 0, 0
2183, 1, 97, 475, 261, 0, 22.23%, 0, 0, 6, 20.17, 47733, 683, 0, 0
2188, 1, 402, 475, 260, 0, 22.23%, 0, 0, 6, 21.75, 47856, 683, 0, 0
2193, 1, 393, 475, 259, 0, 22.23%, 0, 0, 6, 17.14, 47938, 683, 0, 0
2199, 1, 101, 475, 259, 0, 22.23%, 0, 0, 6, 18.62, 48061, 683, 0, 0
2204, 1, 110, 475, 258, 0, 22.23%, 0, 0, 6, 23.17, 48190, 683, 0, 0
2209, 1, 264, 475, 257, 0, 22.23%, 0, 0, 6, 20.10, 48282, 683, 0, 0
2214, 1, 472, 476, 258, 0, 22.23%, 0, 0, 6, 15.90, 48355, 683, 0, 0
2219, 1, 240, 476, 258, 0, 22.23%, 0, 0, 6, 17.88, 48445, 683, 0, 0
2224, 1, 106, 476, 258, 0, 22.23%, 0, 0, 6, 23.68, 48571, 683, 0, 0
2230, 1, 210, 476, 256, 0, 22.23%, 0, 0, 6, 23.74, 48706, 683, 0, 0
2235, 1, 467, 476, 254, 0, 22.23%, 0, 0, 6, 19.73, 48811, 683, 0, 0
2240, 1, 429, 476, 253, 0, 22.23%, 0, 0, 6, 19.30, 48901, 683, 0, 0
2245, 1, 43, 476, 252, 0, 22.23%, 0, 0, 6, 20.02, 49021, 683, 0, 0
2250, 1, 0, 476, 250, 0, 22.23%, 0, 0, 6, 26.92, 49167, 683, 0, 0
2255, 1, 99, 477, 249, 0, 22.23%, 0, 0, 6, 26.25, 49306, 683, 0, 0
2261, 1, 327, 477, 247, 0, 22.23%, 0, 0, 6, 21.92, 49417, 683, 0, 0
2266, 1, 400, 478, 247, 0, 22.23%, 0, 0, 6, 21.15, 49514, 683, 0, 0
2271, 1, 466, 478, 245, 0, 22.23%, 0, 0, 6, 22.82, 49629, 683, 0, 0
2276, 1, 409, 478, 244, 0, 22.23%, 0, 0, 6, 19.86, 49729, 683, 0, 0
2281, 1, 366, 478, 242, 0, 22.23%, 0, 0, 6, 24.53, 49868, 683, 0, 0
2287, 1, 478, 479, 243, 0, 22.23%, 0, 0, 6, 22.03, 50011, 683, 0, 0
2293, 1, 271, 479, 242, 0, 22.23%, 0, 0, 6, 19.40, 50109, 683, 0, 0
2298, 1, 18, 479, 241, 0, 22.23%, 0, 0, 6, 20.07, 50215, 683, 0, 0
2303, 1, 451, 479, 240, 0, 22.23%, 0, 0, 6, 23.30, 50332, 683, 0, 0
2309, 1, 176, 479, 238, 0, 22.23%, 0, 0, 6, 23.67, 50448, 683, 0, 0
2314, 1, 333, 479, 236, 0, 22.23%, 0, 0, 6, 19.87, 50546, 683, 0, 0
2319, 1, 386, 479, 235, 0, 22.23%, 0, 0, 6, 20.89, 50652, 683, 0, 0
2324, 1, 455, 480, 236, 0, 22.23%, 0, 0, 6, 20.52, 50754, 683, 0, 0
2329, 1, 299, 480, 235, 0, 22.23%, 0, 0, 6, 18.81, 50835, 683, 0, 0
2334, 1, 80, 481, 235, 0, 22.23%, 0, 0, 6, 20.57, 50937, 683, 0, 0
2339, 1, 401, 481, 234, 0, 22.23%, 0, 0, 6, 23.33, 51061, 683, 0, 0
2345, 1, 403, 481, 233, 0, 22.23%, 0, 0, 6, 22.73, 51181, 683, 0, 0
2350, 1, 456, 481, 232, 0, 22.23%, 0, 0, 6, 25.83, 51316, 683, 0, 0
2355, 1, 380, 482, 233, 0, 22.23%, 0, 0, 6, 20.55, 51415, 683, 0, 0
2360, 1, 442, 483, 233, 0, 22.23%, 0, 0, 6, 19.34, 51523, 683, 0, 0
2365, 1, 124, 483, 231, 0, 22.23%, 0, 0, 6, 25.61, 51650, 683, 0, 0
2370, 1, 245, 483, 230, 0, 22.23%, 0, 0, 6, 22.51, 51767, 683, 0, 0
2377, 1, 441, 483, 228, 0, 22.23%, 0, 0, 6, 21.20, 51922, 683, 0, 0
2382, 1, 66, 483, 227, 0, 22.23%, 0, 0, 6, 20.08, 52026, 683, 0, 0
2387, 1, 382, 483, 226, 0, 22.23%, 0, 0, 6, 18.49, 52120, 683, 0, 0
2392, 1, 273, 483, 224, 0, 22.23%, 0, 0, 6, 17.61, 52209, 683, 0, 0
2397, 1, 389, 484, 223, 0, 22.23%, 0, 0, 6, 19.64, 52311, 683, 0, 0
2402, 1, 221, 484, 223, 0, 22.23%, 0, 0, 6, 18.89, 52422, 683, 0, 0
2407, 1, 29, 484, 222, 0, 22.23%, 0, 0, 6, 18.09, 52515, 683, 0, 0
2413, 1, 224, 484, 221, 0, 22.23%, 0, 0, 6, 21.82, 52633, 683, 0, 0
2418, 1, 398, 485, 221, 0, 22.23%, 0, 0, 6, 21.58, 52730, 683, 0, 0
2423, 1, 118, 485, 220, 0, 22.23%, 0, 0, 6, 20.28, 52823, 683, 0, 0
2428, 1, 170, 485, 218, 0, 22.23%, 0, 0, 6, 20.16, 52930, 683, 0, 0
2433, 1, 463, 485, 216, 0, 22.23%, 0, 0, 6, 21.50, 53039, 683, 0, 0
2438, 1, 174, 485, 215, 0, 22.23%, 0, 0, 6, 17.63, 53120, 683, 0, 0
2443, 1, 292, 485, 214, 0, 22.23%, 0, 0, 6, 20.25, 53227, 683, 0, 0
2449, 1, 22, 485, 213, 0, 22.23%, 0, 0, 6, 21.60, 53333, 683, 0, 0
2454, 1, 25, 485, 212, 0, 22.23%, 0, 0, 6, 19.15, 53422, 683, 0, 0
2459, 1, 104, 486, 213, 0, 22.23%, 0, 0, 6, 23.96, 53550, 683, 0, 0
2465, 1, 421, 486, 213, 0, 22.23%, 0, 0, 6, 24.01, 53695, 683, 0, 0
2470, 1, 7, 486, 212, 0, 22.23%, 0, 0, 6, 25.23, 53822, 683, 0, 0
2475, 1, 291, 489, 213, 0, 22.23%, 0, 0, 6, 21.53, 53904, 683, 0, 0
2481, 1, 291, 496, 220, 0, 22.26%, 0, 0, 6, 20.13, 53997, 684, 0, 0
2486, 1, 291, 504, 228, 0, 22.26%, 0, 0, 6, 20.42, 54095, 684, 0, 0
2492, 1, 291, 511, 235, 0, 22.36%, 0, 0, 6, 17.91, 54172, 687, 0, 0
2497, 1, 291, 520, 244, 0, 22.42%, 0, 0, 6, 18.43, 54259, 689, 0, 0
2503, 1, 291, 526, 250, 0, 22.45%, 0, 0, 6, 16.65, 54333, 690, 0, 0
2509, 1, 291, 531, 255, 0, 22.45%, 0, 0, 6, 15.33, 54399, 690, 0, 0
2515, 1, 291, 537, 261, 0, 22.45%, 0, 0, 6, 14.54, 54480, 690, 0, 0
2521, 1, 291, 545, 269, 0, 22.45%, 0, 0, 6, 17.12, 54582, 690, 0, 0
2526, 1, 496, 549, 273, 4, 22.49%, 0, 0, 6, 19.03, 54672, 691, 0, 0
2531, 1, 541, 550, 273, 3, 22.49%, 0, 0, 6, 15.82, 54741, 691, 0, 0
2537, 1, 203, 550, 272, 2, 22.49%, 0, 0, 6, 13.64, 54813, 691, 0, 0
2542, 1, 239, 550, 270, 2, 22.49%, 0, 0, 6, 19.60, 54921, 691, 0, 0
2547, 1, 512, 550, 268, 1, 22.49%, 0, 0, 6, 19.25, 55020, 691, 0, 0
2552, 1, 486, 550, 266, 0, 22.49%, 0, 0, 6, 22.09, 55142, 691, 0, 0
2557, 1, 523, 550, 265, 0, 22.49%, 0, 0, 6, 17.56, 55229, 691, 0, 0
2563, 1, 410, 550, 264, 0, 22.49%, 0, 0, 6, 18.21, 55318, 691, 0, 0
2568, 1, 321, 550, 262, 0, 22.49%, 0, 0, 6, 22.50, 55444, 691, 0, 0
2575, 1, 445, 550, 262, 0, 22.49%, 0, 0, 6, 24.33, 55641, 691, 0, 0
2580, 1, 171, 550, 261, 0, 22.49%, 0, 0, 6, 25.70, 55771, 691, 0, 0
2585, 1, 148, 550, 258, 0, 22.49%, 0, 0, 6, 28.06, 55913, 691, 0, 0
2590, 1, 153, 550, 257, 0, 22.49%, 0, 0, 6, 26.09, 56030, 691, 0, 0
2595, 1, 518, 550, 256, 0, 22.49%, 0, 0, 6, 21.39, 56117, 691, 0, 0
2600, 1, 162, 550, 255, 0, 22.49%, 0, 0, 6, 16.68, 56190, 691, 0, 0
2605, 1, 394, 550, 254, 0, 22.49%, 0, 0, 6, 15.47, 56266, 691, 0, 0
2610, 1, 543, 550, 253, 0, 22.49%, 0, 0, 6, 21.29, 56382, 691, 0, 0
2616, 1, 374, 550, 251, 0, 22.49%, 0, 0, 6, 22.92, 56527, 691, 0, 0
2621, 1, 388, 551, 251, 0, 22.49%, 0, 0, 6, 23.19, 56641, 691, 0, 0
2626, 1, 401, 552, 251, 0, 22.49%, 0, 0, 6, 16.32, 56714, 691, 0, 0
2632, 1, 527, 553, 252, 0, 22.49%, 0, 0, 6, 17.64, 56807, 691, 0, 0
2637, 1, 521, 553, 251, 0, 22.49%, 0, 0, 6, 14.43, 56864, 691, 0, 0
2642, 1, 418, 553, 250, 0, 22.49%, 0, 0, 6, 18.01, 56957, 691, 0, 0
2647, 1, 387, 553, 248, 0, 22.49%, 0, 0, 6, 18.41, 57050, 691, 0, 0
2652, 1, 372, 553, 248, 0, 22.49%, 0, 0, 6, 21.74, 57166, 691, 0, 0
2657, 1, 496, 554, 247, 0, 22.49%, 0, 0, 6, 15.59, 57230, 691, 0, 0
2662, 1, 359, 554, 247, 0, 22.49%, 0, 0, 6, 18.38, 57334, 691, 0, 0
2667, 1, 338, 554, 246, 0, 22.49%, 0, 0, 6, 18.05, 57427, 691, 0, 0
2672, 1, 98, 554, 244, 0, 22.49%, 0, 0, 6, 17.37, 57508, 691, 0, 0
2678, 1, 55, 554, 242, 0, 22.49%, 0, 0, 6, 18.55, 57627, 691, 0, 0
2683, 1, 88, 554, 240, 0, 22.49%, 0, 0, 6, 21.73, 57741, 691, 0, 0
2688, 1, 50, 554, 237, 0, 22.49%, 0, 0, 6, 23.58, 57862, 691, 0, 0
2693, 1, 526, 554, 235, 0, 22.49%, 0, 0, 6, 18.31, 57950, 691, 0, 0
2700, 1, 524, 554, 233, 0, 22.49%, 0, 0, 6, 20.84, 58073, 691, 0, 0
2706, 1, 95, 554, 232, 0, 22.49%, 0, 0, 6, 18.48, 58153, 691, 0, 0
2711, 1, 320, 554, 231, 0, 22.49%, 0, 0, 6, 16.30, 58241, 691, 0, 0
2716, 1, 532, 554, 229, 0, 22.49%, 0, 0, 6, 15.58, 58327, 691, 0, 0
2721, 1, 96, 555, 228, 0, 22.49%, 0, 0, 6, 23.24, 58449, 691, 0, 0
2726, 1, 251, 555, 227, 0, 22.49%, 0, 0, 6, 23.22, 58572, 691, 0, 0
2731, 1, 260, 556, 226, 0, 22.49%, 0, 0, 6, 17.77, 58649, 691, 0, 0
2736, 1, 449, 556, 225, 0, 22.49%, 0, 0, 6, 18.08, 58743, 691, 0, 0
2741, 1, 119, 556, 224, 0, 22.49%, 0, 0, 6, 24.87, 58868, 691, 0, 0
2746, 1, 105, 556, 223, 0, 22.49%, 0, 0, 6, 29.17, 59059, 691, 0, 0
2751, 1, 307, 556, 221, 0, 22.49%, 0, 0, 6, 25.42, 59192, 691, 0, 0
2757, 1, 412, 556, 220, 0, 22.49%, 0, 0, 6, 25.45, 59314, 691, 0, 0
2762, 1, 243, 556, 218, 0, 22.49%, 0, 0, 6, 25.01, 59438, 691, 0, 0
2767, 1, 496, 556, 217, 0, 22.49%, 0, 0, 6, 19.72, 59535, 691, 0, 0
2772, 1, 256, 556, 217, 0, 22.49%, 0, 0, 6, 20.41, 59661, 691, 0, 0
2777, 1, 551, 556, 216, 0, 22.49%, 0, 0, 6, 19.13, 59755, 691, 0, 0
2782, 1, 225, 556, 214, 0, 22.49%, 0, 0, 6, 24.05, 59867, 691, 0, 0
2787, 1, 142, 556, 212, 0, 22.49%, 0, 0, 6, 22.41, 59985, 691, 0, 0
2792, 1, 59, 556, 210, 0, 22.49%, 0, 0, 6, 21.02, 60090, 691, 0, 0
2798, 1, 465, 556, 210, 0, 22.49%, 0, 0, 6, 21.95, 60205, 691, 0, 0
2803, 1, 331, 556, 208, 0, 22.49%, 0, 0, 6, 22.22, 60317, 691, 0, 0
2808, 1, 274, 556, 206, 0, 22.49%, 0, 0, 6, 19.63, 60404, 691, 0, 0
2813, 1, 343, 556, 205, 0, 22.49%, 0, 0, 6, 17.51, 60489, 691, 0, 0
2819, 1, 482, 556, 204, 0, 22.49%, 0, 0, 6, 17.77, 60598, 691, 0, 0
2824, 1, 446, 556, 203, 0, 22.49%, 0, 0, 6, 20.27, 60701, 691, 0, 0
2829, 1, 311, 556, 203, 0, 22.49%, 0, 0, 6, 20.64, 60804, 691, 0, 0
2834, 1, 10, 556, 201, 0, 22.49%, 0, 0, 6, 20.41, 60911, 691, 0, 0
2839, 1, 90, 556, 201, 0, 22.49%, 0, 0, 6, 22.92, 61024, 691, 0, 0
2844, 1, 514, 556, 199, 0, 22.49%, 0, 0, 6, 20.95, 61126, 691, 0, 0
2849, 1, 18, 556, 197, 0, 22.49%, 0, 0, 6, 20.67, 61229, 691, 0, 0
2854, 1, 18, 556, 197, 0, 22.49%, 0, 0, 6, 19.76, 61313, 691, 0, 0
2860, 1, 104, 556, 196, 0, 22.49%, 0, 0, 6, 23.04, 61423, 691, 0, 0
2865, 1, 477, 556, 196, 0, 22.49%, 0, 0, 6, 24.22, 61547, 691, 0, 0
2870, 1, 17, 557, 196, 0, 22.49%, 0, 0, 6, 18.87, 61634, 691, 0, 0
2876, 1, 428, 557, 195, 0, 22.49%, 0, 0, 6, 19.66, 61793, 691, 0, 0
2882, 1, 556, 557, 194, 0, 22.49%, 0, 0, 6, 17.97, 61888, 691, 0, 0
2887, 1, 403, 557, 193, 0, 22.49%, 0, 0, 6, 21.59, 61997, 691, 0, 0
2892, 1, 411, 557, 193, 0, 22.49%, 0, 0, 6, 25.53, 62128, 691, 0, 0
2897, 1, 411, 559, 195, 0, 22.49%, 0, 0, 6, 20.46, 62218, 691, 0, 0
2902, 1, 411, 560, 196, 0, 22.49%, 0, 0, 6, 19.94, 62315, 691, 0, 0
2907, 1, 425, 560, 195, 0, 22.49%, 0, 0, 6, 18.28, 62408, 691, 0, 0
2912, 1, 211, 560, 195, 0, 22.49%, 0, 0, 6, 21.54, 62528, 691, 0, 0
2917, 1, 350, 560, 193, 0, 22.49%, 0, 0, 6, 24.08, 62662, 691, 0, 0
2922, 1, 553, 560, 193, 0, 22.49%, 0, 0, 6, 17.58, 62747, 691, 0, 0
2928, 1, 436, 560, 192, 0, 22.49%, 0, 0, 6, 20.27, 62847, 691, 0, 0
2933, 1, 438, 560, 190, 0, 22.49%, 0, 0, 6, 20.80, 62954, 691, 0, 0
2938, 1, 490, 560, 189, 0, 22.49%, 0, 0, 6, 19.21, 63033, 691, 0, 0
2944, 1, 542, 561, 189, 0, 22.49%, 0, 0, 6, 20.40, 63139, 691, 0, 0
2949, 1, 483, 561, 187, 0, 22.49%, 0, 0, 6, 18.93, 63237, 691, 0, 0
2954, 1, 200, 561, 186, 0, 22.49%, 0, 0, 6, 20.99, 63339, 691, 0, 0
2959, 1, 89, 561, 186, 0, 22.49%, 0, 0, 6, 21.08, 63460, 691, 0, 0
2964, 1, 387, 561, 184, 0, 22.49%, 0, 0, 6, 17.11, 63540, 691, 0, 0
2969, 1, 230, 561, 183, 0, 22.49%, 0, 0, 6, 15.94, 63622, 691, 0, 0
2975, 1, 479, 562, 182, 0, 22.49%, 0, 0, 6, 18.91, 63738, 691, 0, 0
2981, 1, 562, 565, 184, 0, 22.49%, 0, 0, 6, 17.13, 63825, 691, 0, 0
2986, 1, 562, 565, 184, 0, 22.49%, 0, 0, 6, 14.17, 63897, 691, 0, 0
2991, 1, 403, 565, 183, 0, 22.49%, 0, 0, 6, 23.53, 64017, 691, 0, 0
2996, 1, 545, 565, 183, 0, 22.49%, 0, 0, 6, 20.29, 64122, 691, 0, 0
3001, 1, 426, 566, 183, 0, 22.49%, 0, 0, 6, 19.83, 64253, 691, 0, 0
3007, 1, 496, 566, 181, 0, 22.49%, 0, 0, 6, 20.92, 64368, 691, 0, 0
3012, 1, 222, 566, 180, 0, 22.49%, 0, 0, 6, 17.57, 64449, 691, 0, 0
3017, 1, 389, 566, 179, 0, 22.49%, 0, 0, 6, 19.51, 64546, 691, 0, 0
3023, 1, 555, 566, 179, 0, 22.49%, 0, 0, 6, 20.96, 64658, 691, 0, 0
3028, 1, 161, 566, 177, 0, 22.49%, 0, 0, 6, 20.71, 64756, 691, 0, 0
3033, 1, 18, 566, 176, 0, 22.49%, 0, 0, 6, 21.25, 64874, 691, 0, 0
3038, 1, 18, 566, 176, 0, 22.49%, 0, 0, 6, 19.88, 64972, 691, 0, 0
3045, 1, 507, 566, 176, 0, 22.49%, 0, 0, 6, 19.58, 65087, 691, 0, 0
3050, 1, 52, 566, 175, 0, 22.49%, 0, 0, 6, 17.54, 65165, 691, 0, 0
3055, 1, 161, 567, 175, 0, 22.49%, 0, 0, 6, 19.15, 65257, 691, 0, 0
3060, 1, 297, 567, 173, 0, 22.49%, 0, 0, 6, 22.38, 65388, 691, 0, 0
3065, 1, 33, 567, 171, 0, 22.49%, 0, 0, 6, 20.79, 65486, 691, 0, 0
3070, 1, 25, 567, 170, 0, 22.49%, 0, 0, 6, 19.15, 65573, 691, 0, 0
3075, 1, 366, 567, 169, 0, 22.49%, 0, 0, 6, 18.57, 65667, 691, 0, 0
3080, 1, 49, 567, 169, 0, 22.49%, 0, 0, 6, 24.00, 65796, 691, 0, 0
3086, 1, 492, 567, 169, 0, 22.49%, 0, 0, 6, 21.89, 65909, 691, 0, 0
3091, 1, 359, 567, 167, 0, 22.49%, 0, 0, 6, 19.08, 65993, 691, 0, 0
3096, 1, 107, 567, 166, 0, 22.49%, 0, 0, 6, 26.13, 66134, 691, 0, 0
3101, 1, 321, 567, 164, 0, 22.49%, 0, 0, 6, 21.88, 66238, 691, 0, 0
3108, 1, 415, 567, 164, 0, 22.49%, 0, 0, 6, 20.11, 66386, 691, 0, 0
3113, 1, 8, 567, 163, 0, 22.49%, 0, 0, 6, 21.92, 66489, 691, 0, 0
3118, 1, 560, 568, 162, 0, 22.49%, 0, 0, 6, 23.98, 66609, 691, 0, 0
3123, 1, 365, 569, 162, 0, 22.49%, 0, 0, 6, 22.24, 66711, 691, 0, 0
3129, 1, 484, 569, 162, 0, 22.49%, 0, 0, 6, 18.67, 66816, 691, 0, 0
3134, 1, 365, 569, 161, 0, 22.49%, 0, 0, 6, 19.51, 66912, 691, 0, 0
3139, 1, 444, 569, 160, 0, 22.49%, 0, 0, 6, 20.93, 67018, 691, 0, 0
3144, 1, 318, 569, 160, 0, 22.49%, 0, 0, 6, 17.07, 67106, 691, 0, 0
3149, 1, 405, 569, 159, 0, 22.49%, 0, 0, 6, 21.81, 67251, 691, 0, 0
3155, 1, 296, 569, 158, 0, 22.49%, 0, 0, 6, 22.50, 67365, 691, 0, 0
3160, 1, 476, 569, 156, 0, 22.49%, 0, 0, 6, 26.51, 67504, 691, 0, 0
3165, 1, 293, 569, 155, 0, 22.49%, 0, 0, 6, 25.75, 67636, 691, 0, 0
3170, 1, 383, 569, 154, 0, 22.49%, 0, 0, 6, 19.24, 67721, 691, 0, 0
3175, 1, 248, 569, 154, 0, 22.49%, 0, 0, 6, 17.52, 67799, 691, 0, 0
3180, 1, 117, 569, 153, 0, 22.49%, 0, 0, 6, 23.27, 67914, 691, 0, 0
3185, 1, 18, 569, 152, 0, 22.49%, 0, 0, 6, 22.42, 68030, 691, 0, 0
3190, 1, 517, 569, 152, 0, 22.49%, 0, 0, 6, 17.09, 68112, 691, 0, 0
3196, 1, 505, 569, 151, 0, 22.49%, 0, 0, 6, 15.25, 68192, 691, 0, 0
3201, 1, 498, 569, 150, 0, 22.49%, 0, 0, 6, 14.67, 68264, 691, 0, 0
3207, 1, 352, 569, 149, 0, 22.49%, 0, 0, 6, 17.59, 68355, 691, 0, 0
3212, 1, 18, 569, 149, 0, 22.49%, 0, 0, 6, 20.09, 68462, 691, 0, 0
3217, 1, 322, 569, 149, 0, 22.49%, 0, 0, 6, 20.56, 68569, 691, 0, 0
3224, 1, 347, 569, 148, 0, 22.49%, 0, 0, 6, 17.26, 68675, 691, 0, 0
3229, 1, 127, 569, 147, 0, 22.49%, 0, 0, 6, 20.89, 68782, 691, 0, 0
3234, 1, 52, 570, 147, 0, 22.49%, 0, 0, 6, 20.32, 68882, 691, 0, 0
3239, 1, 402, 570, 146, 0, 22.49%, 0, 0, 6, 22.27, 69006, 691, 0, 0
3244, 1, 423, 570, 145, 0, 22.49%, 0, 0, 6, 21.48, 69115, 691, 0, 0
3249, 1, 431, 570, 145, 0, 22.49%, 0, 0, 6, 24.51, 69243, 691, 0, 0
3254, 1, 184, 570, 144, 0, 22.49%, 0, 0, 6, 22.30, 69352, 691, 0, 0
3259, 1, 272, 570, 142, 0, 22.49%, 0, 0, 6, 21.35, 69457, 691, 0, 0
3264, 1, 558, 571, 143, 0, 22.49%, 0, 0, 6, 21.70, 69552, 691, 0, 0
3270, 1, 468, 572, 142, 0, 22.55%, 0, 0, 6, 23.20, 69669, 693, 0, 0
3275, 1, 541, 572, 141, 0, 22.55%, 0, 0, 6, 15.39, 69738, 693, 0, 0
3280, 1, 126, 572, 141, 0, 22.55%, 0, 0, 6, 20.20, 69841, 693, 0, 0
3285, 1, 501, 572, 140, 0, 22.55%, 0, 0, 6, 22.82, 69940, 693, 0, 0
3290, 1, 180, 572, 138, 0, 22.55%, 0, 0, 6, 21.59, 70047, 693, 0, 0
3295, 1, 48, 572, 138, 0, 22.55%, 0, 0, 6, 24.17, 70170, 693, 0, 0
3300, 1, 30, 572, 137, 0, 22.55%, 0, 0, 6, 21.16, 70274, 693, 0, 0
3306, 1, 340, 572, 136, 0, 22.55%, 0, 0, 6, 22.98, 70370, 693, 0, 0
3311, 1, 335, 572, 134, 0, 22.55%, 0, 0, 6, 21.98, 70482, 693, 0, 0
3316, 1, 18, 572, 134, 0, 22.55%, 0, 0, 6, 20.51, 70579, 693, 0, 0
3321, 1, 470, 572, 134, 0, 22.55%, 0, 0, 6, 18.75, 70674, 693, 0, 0
3326, 1, 370, 572, 131, 0, 22.55%, 0, 0, 6, 19.38, 70773, 693, 0, 0
3331, 1, 26, 572, 131, 0, 22.55%, 0, 0, 6, 21.41, 70896, 693, 0, 0
3336, 1, 278, 572, 130, 0, 22.55%, 0, 0, 6, 18.38, 70986, 693, 0, 0
3341, 1, 496, 572, 129, 0, 22.55%, 0, 0, 6, 20.01, 71087, 693, 0, 0
3346, 1, 22, 572, 129, 0, 22.55%, 0, 0, 6, 18.33, 71173, 693, 0, 0
3352, 1, 487, 572, 129, 0, 22.55%, 0, 0, 6, 17.45, 71253, 693, 0, 0
3357, 1, 348, 572, 128, 0, 22.55%, 0, 0, 6, 20.89, 71356, 693, 0, 0
3362, 1, 456, 572, 127, 0, 22.55%, 0, 0, 6, 22.66, 71472, 693, 0, 0
3367, 1, 82, 572, 126, 0, 22.55%, 0, 0, 6, 17.81, 71558, 693, 0, 0
3372, 1, 272, 572, 125, 0, 22.55%, 0, 0, 6, 21.72, 71680, 693, 0, 0
3377, 1, 270, 572, 125, 0, 22.55%, 0, 0, 6, 20.07, 71795, 693, 0, 0
3382, 1, 62, 572, 123, 0, 22.55%, 0, 0, 6, 16.64, 71874, 693, 0, 0
3387, 1, 496, 572, 123, 0, 22.55%, 0, 0, 6, 16.80, 71957, 693, 0, 0
3395, 1, 419, 572, 123, 0, 22.55%, 0, 0, 6, 21.23, 72090, 693, 0, 0
3400, 1, 363, 572, 121, 0, 22.55%, 0, 0, 6, 18.47, 72176, 693, 0, 0
3405, 1, 352, 572, 120, 0, 22.55%, 0, 0, 6, 19.81, 72271, 693, 0, 0
3410, 1, 536, 572, 120, 0, 22.55%, 0, 0, 6, 18.45, 72370, 693, 0, 0
3415, 1, 519, 572, 119, 0, 22.55%, 0, 0, 6, 18.17, 72460, 693, 0, 0
3420, 1, 22, 572, 118, 0, 22.55%, 0, 0, 6, 18.57, 72551, 693, 0, 0
3426, 1, 512, 572, 117, 0, 22.55%, 0, 0, 6, 22.13, 72680, 693, 0, 0
3431, 1, 537, 572, 116, 0, 22.55%, 0, 0, 6, 21.89, 72802, 693, 0, 0
3436, 1, 395, 572, 114, 0, 22.55%, 0, 0, 6, 20.34, 72905, 693, 0, 0
3441, 1, 456, 572, 114, 0, 22.55%, 0, 0, 6, 23.17, 73008, 693, 0, 0
3446, 1, 430, 572, 114, 0, 22.55%, 0, 0, 6, 22.74, 73134, 693, 0, 0
3451, 1, 444, 572, 113, 0, 22.55%, 0, 0, 6, 21.86, 73245, 693, 0, 0
3456, 1, 459, 572, 113, 0, 22.55%, 0, 0, 6, 16.98, 73326, 693, 0, 0
3461, 1, 389, 572, 112, 0, 22.55%, 0, 0, 6, 19.27, 73414, 693, 0, 0
3467, 1, 407, 572, 111, 0, 22.55%, 0, 0, 6, 20.62, 73522, 693, 0, 0
3472, 1, 134, 572, 111, 0, 22.55%, 0, 0, 6, 23.20, 73642, 693, 0, 0
3477, 1, 528, 572, 111, 0, 22.55%, 0, 0, 6, 21.17, 73749, 693, 0, 0
3482, 1, 496, 572, 109, 0, 22.55%, 0, 0, 6, 19.22, 73839, 693, 0, 0
3488, 1, 335, 572, 109, 0, 22.55%, 0, 0, 6, 20.30, 73942, 693, 0, 0
3493, 1, 120, 572, 109, 0, 22.55%, 0, 0, 6, 24.38, 74065, 693, 0, 0
3498, 1, 150, 572, 108, 0, 22.55%, 0, 0, 6, 23.90, 74205, 693, 0, 0
3503, 1, 401, 572, 106, 0, 22.55%, 0, 0, 6, 21.91, 74306, 693, 0, 0
3508, 1, 512, 572, 106, 0, 22.55%, 0, 0, 6, 23.29, 74452, 693, 0, 0
3513, 1, 512, 572, 106, 0, 22.55%, 0, 0, 6, 22.75, 74573, 693, 0, 0
3518, 1, 350, 572, 106, 0, 22.55%, 0, 0, 6, 22.37, 74690, 693, 0, 0
3524, 1, 569, 573, 107, 0, 22.55%, 0, 0, 6, 20.18, 74805, 693, 0, 0
3529, 1, 121, 573, 105, 0, 22.55%, 0, 0, 6, 19.26, 74897, 693, 0, 0
3534, 1, 541, 574, 105, 0, 22.55%, 0, 0, 6, 23.09, 75026, 693, 0, 0
3540, 1, 541, 575, 106, 0, 22.55%, 0, 0, 6, 15.82, 75091, 693, 0, 0
3545, 1, 516, 575, 106, 0, 22.55%, 0, 0, 6, 13.49, 75151, 693, 0, 0
3550, 1, 525, 575, 105, 0, 22.55%, 0, 0, 6, 13.14, 75217, 693, 0, 0
3555, 1, 283, 575, 104, 0, 22.55%, 0, 0, 6, 18.43, 75327, 693, 0, 0
3560, 1, 95, 575, 103, 0, 22.55%, 0, 0, 6, 20.34, 75436, 693, 0, 0
3565, 1, 506, 575, 103, 0, 22.55%, 0, 0, 6, 20.93, 75547, 693, 0, 0
3570, 1, 531, 576, 103, 0, 22.55%, 0, 0, 6, 16.95, 75627, 693, 0, 0
3576, 1, 572, 576, 102, 0, 22.55%, 0, 0, 6, 15.86, 75705, 693, 0, 0
3581, 1, 423, 576, 100, 0, 22.55%, 0, 0, 6, 20.04, 75804, 693, 0, 0
3586, 1, 502, 576, 100, 0, 22.55%, 0, 0, 6, 20.18, 75902, 693, 0, 0
3591, 1, 448, 576, 99, 0, 22.55%, 0, 0, 6, 21.08, 76014, 693, 0, 0
3596, 1, 557, 576, 98, 0, 22.55%, 0, 0, 6, 17.02, 76089, 693, 0, 0
3601, 1, 563, 576, 97, 0, 22.55%, 0, 0, 6, 14.29, 76158, 693, 0, 0
3606, 1, 548, 576, 95, 0, 22.55%, 0, 0, 6, 17.90, 76245, 693, 0, 0
3611, 1, 10, 576, 94, 0, 22.55%, 0, 0, 6, 20.40, 76355, 693, 0, 0
3616, 1, 474, 576, 94, 0, 22.55%, 0, 0, 6, 18.58, 76452, 693, 0, 0
3622, 1, 408, 577, 94, 0, 22.55%, 0, 0, 6, 16.08, 76522, 693, 0, 0
3627, 1, 447, 577, 93, 0, 22.55%, 0, 0, 6, 20.04, 76631, 693, 0, 0
3632, 1, 473, 577, 92, 0, 22.55%, 0, 0, 6, 16.98, 76711, 693, 0, 0
3637, 1, 68, 577, 91, 0, 22.55%, 0, 0, 6, 18.17, 76799, 693, 0, 0
3642, 1, 423, 577, 91, 0, 22.55%, 0, 0, 6, 16.65, 76880, 693, 0, 0
3647, 1, 427, 577, 91, 0, 22.55%, 0, 0, 6, 21.75, 76995, 693, 0, 0
3652, 1, 70, 577, 91, 0, 22.55%, 0, 0, 6, 24.39, 77141, 693, 0, 0
3657, 1, 155, 577, 89, 0, 22.55%, 0, 0, 6, 25.83, 77281, 693, 0, 0
3663, 1, 354, 577, 88, 0, 22.55%, 0, 0, 6, 23.05, 77387, 693, 0, 0
3668, 1, 264, 577, 86, 0, 22.55%, 0, 0, 6, 25.77, 77525, 693, 0, 0
3673, 1, 548, 577, 86, 0, 22.55%, 0, 0, 6, 24.30, 77643, 693, 0, 0
3678, 1, 496, 578, 87, 0, 22.55%, 0, 0, 6, 19.96, 77712, 693, 0, 0
3683, 1, 387, 578, 87, 0, 22.55%, 0, 0, 6, 19.94, 77805, 693, 0, 0
3688, 1, 488, 578, 86, 0, 22.55%, 0, 0, 6, 17.23, 77890, 693, 0, 0
3693, 1, 481, 578, 85, 0, 22.55%, 0, 0, 6, 19.00, 77993, 693, 0, 0
3699, 1, 456, 578, 84, 0, 22.55%, 0, 0, 6, 21.72, 78108, 693, 0, 0
3705, 1, 573, 578, 84, 0, 22.55%, 0, 0, 6, 19.23, 78225, 693, 0, 0
3710, 1, 385, 578, 83, 0, 22.55%, 0, 0, 6, 20.34, 78314, 693, 0, 0
3715, 1, 423, 578, 83, 0, 22.55%, 0, 0, 6, 21.56, 78431, 693, 0, 0
3720, 1, 392, 578, 83, 0, 22.55%, 0, 0, 6, 23.33, 78569, 693, 0, 0
3725, 1, 140, 578, 83, 0, 22.55%, 0, 0, 6, 22.04, 78675, 693, 0, 0
3731, 1, 533, 578, 83, 0, 22.55%, 0, 0, 6, 18.09, 78769, 693, 0, 0
3736, 1, 90, 578, 82, 0, 22.55%, 0, 0, 6, 17.82, 78861, 693, 0, 0
3741, 1, 534, 578, 82, 0, 22.55%, 0, 0, 6, 17.60, 78946, 693, 0, 0
3746, 1, 71, 578, 81, 0, 22.55%, 0, 0, 6, 15.54, 79017, 693, 0, 0
3752, 1, 71, 585, 87, 0, 22.55%, 0, 0, 6, 16.17, 79112, 693, 0, 0
3758, 1, 71, 590, 92, 0, 22.62%, 0, 0, 6, 15.01, 79177, 695, 0, 0
3763, 1, 71, 595, 97, 0, 22.68%, 0, 0, 6, 15.43, 79249, 697, 0, 0
3769, 1, 71, 602, 104, 0, 22.75%, 0, 0, 6, 16.68, 79340, 699, 0, 0
3775, 1, 583, 606, 108, 6, 22.75%, 0, 0, 6, 15.73, 79426, 699, 0, 0
3781, 1, 604, 606, 107, 5, 22.75%, 0, 0, 6, 13.44, 79503, 699, 0, 0
3786, 1, 604, 606, 107, 5, 22.75%, 0, 0, 6, 13.09, 79570, 699, 0, 0
3791, 1, 604, 606, 107, 5, 22.75%, 0, 0, 6, 12.25, 79630, 699, 0, 0
3796, 1, 604, 606, 107, 5, 22.75%, 0, 0, 6, 12.50, 79692, 699, 0, 0
3801, 1, 604, 607, 108, 5, 22.75%, 0, 0, 6, 12.88, 79761, 699, 0, 0
3806, 1, 604, 607, 108, 5, 22.75%, 0, 0, 6, 12.51, 79824, 699, 0, 0
3811, 1, 604, 607, 108, 5, 22.75%, 0, 0, 6, 12.59, 79887, 699, 0, 0
3816, 1, 604, 607, 108, 5, 22.75%, 0, 0, 6, 12.50, 79950, 699, 0, 0
3822, 1, 604, 607, 108, 5, 22.75%, 0, 0, 6, 12.32, 80013, 699, 0, 0
3827, 1, 604, 607, 108, 5, 22.75%, 0, 0, 6, 12.53, 80076, 699, 0, 0
3832, 1, 604, 607, 108, 5, 22.75%, 0, 0, 6, 12.71, 80142, 699, 0, 0
3837, 1, 604, 607, 108, 5, 22.75%, 0, 0, 6, 13.29, 80211, 699, 0, 0
3842, 1, 604, 607, 108, 5, 22.75%, 0, 0, 6, 13.55, 80280, 699, 0, 0
3847, 1, 604, 607, 108, 5, 22.75%, 0, 0, 6, 13.70, 80349, 699, 0, 0
3852, 1, 604, 607, 108, 5, 22.75%, 0, 0, 6, 13.55, 80418, 699, 0, 0
3857, 1, 604, 607, 108, 5, 22.75%, 0, 0, 6, 13.30, 80487, 699, 0, 0
3862, 1, 604, 607, 108, 5, 22.75%, 0, 0, 6, 12.77, 80550, 699, 0, 0
3867, 1, 604, 607, 108, 5, 22.75%, 0, 0, 6, 12.76, 80616, 699, 0, 0
3873, 1, 604, 607, 108, 5, 22.75%, 0, 0, 6, 12.62, 80679, 699, 0, 0
3878, 1, 604, 607, 108, 5, 22.75%, 0, 0, 6, 12.69, 80743, 699, 0, 0
3883, 1, 604, 607, 108, 5, 22.75%, 0, 0, 6, 12.61, 80808, 699, 0, 0
3888, 1, 604, 607, 108, 5, 22.75%, 0, 0, 6, 12.46, 80873, 699, 0, 0
3893, 1, 604, 608, 109, 5, 22.75%, 0, 0, 6, 11.06, 80925, 699, 0, 0
3898, 1, 604, 608, 109, 5, 22.75%, 0, 0, 6, 12.28, 80988, 699, 0, 0
3903, 1, 604, 608, 109, 5, 22.75%, 0, 0, 6, 11.60, 81047, 699, 0, 0
3908, 1, 604, 608, 109, 5, 22.75%, 0, 0, 6, 11.06, 81102, 699, 0, 0
3909, 1, 604, 608, 109, 5, 22.75%, 0, 0, 6, 0.00, 81106, 699, 0, 0
